0.100 0.939 22.510 846.399 0.973 0.068 0.799 0.713 0.832 0.817 1.037 1.089 0.963 1.116 1.087 0.881 0.930 0.967 0.910 1.120 1.153 1.006 1.155 1.123 1.422 1.498 1.338 1.572 1.560 1.302 1.428 1.329 1.022 0.934 1.000 0.051 0.045 0.053 0.052 0.066 0.069 0.061 0.071 0.069 0.056 0.059 0.062 0.058 0.071 0.073 0.064 0.073 0.071 0.090 0.095 0.085 0.100 0.099 0.083 0.091 0.085 0.065 0.059 0.064 0.008 0.011 0.013 0.013 0.016 0.017 0.015 0.017 0.017 0.014 0.010 0.013 0.014 0.018 0.018 0.016 0.018 0.018 0.022 0.023 0.021 0.025 0.024 0.020 0.022 0.021 0.016 0.261 0.279
1.118 0.939 22.510 9465.846 0.973 0.757 0.799 0.713 0.832 0.817 1.037 1.089 0.963 1.116 1.087 0.881 0.930 0.967 0.910 1.120 1.153 1.006 1.155 1.123 1.422 1.498 1.338 1.572 1.560 1.302 1.428 1.329 1.022 0.934 1.000 0.568 0.507 0.592 0.581 0.738 0.774 0.685 0.794 0.773 0.627 0.661 0.688 0.647 0.796 0.820 0.716 0.821 0.799 1.012 1.065 0.952 1.118 1.109 0.926 1.015 0.945 0.727 0.665 0.711 0.008 0.011 0.013 0.013 0.016 0.017 0.015 0.017 0.017 0.014 0.010 0.013 0.014 0.018 0.018 0.016 0.018 0.018 0.022 0.023 0.021 0.025 0.024 0.020 0.022 0.021 0.016 0.261 0.279
2.137 0.939 22.510 18085.294 0.973 1.447 0.799 0.713 0.832 0.817 1.037 1.089 0.963 1.116 1.087 0.881 0.930 0.967 0.910 1.120 1.153 1.006 1.155 1.123 1.422 1.498 1.338 1.572 1.560 1.302 1.428 1.329 1.022 0.934 1.000 1.086 0.968 1.130 1.110 1.409 1.480 1.309 1.516 1.477 1.198 1.264 1.314 1.236 1.521 1.568 1.367 1.569 1.527 1.933 2.035 1.819 2.137 2.119 1.770 1.940 1.806 1.389 1.270 1.359 0.008 0.011 0.013 0.013 0.016 0.017 0.015 0.017 0.017 0.014 0.010 0.013 0.014 0.018 0.018 0.016 0.018 0.018 0.022 0.023 0.021 0.025 0.024 0.020 0.022 0.021 0.016 0.261 0.279
3.155 0.939 22.510 26704.742 0.973 2.137 0.799 0.713 0.832 0.817 1.037 1.089 0.963 1.116 1.087 0.881 0.930 0.967 0.910 1.120 1.153 1.006 1.155 1.123 1.422 1.498 1.338 1.572 1.560 1.302 1.428 1.329 1.022 0.934 1.000 1.603 1.430 1.669 1.639 2.081 2.185 1.933 2.239 2.181 1.768 1.866 1.941 1.825 2.247 2.315 2.019 2.317 2.254 2.854 3.006 2.686 3.155 3.130 2.613 2.865 2.667 2.051 1.875 2.007 0.008 0.011 0.013 0.013 0.016 0.017 0.015 0.017 0.017 0.014 0.010 0.013 0.014 0.018 0.018 0.016 0.018 0.018 0.022 0.023 0.021 0.025 0.024 0.020 0.022 0.021 0.016 0.261 0.279
4.173 0.939 22.510 35324.190 0.973 2.826 0.799 0.713 0.832 0.817 1.037 1.089 0.963 1.116 1.087 0.881 0.930 0.967 0.910 1.120 1.153 1.006 1.155 1.123 1.422 1.498 1.338 1.572 1.560 1.302 1.428 1.329 1.022 0.934 1.000 2.121 1.891 2.208 2.168 2.753 2.890 2.557 2.962 2.885 2.339 2.468 2.567 2.415 2.972 3.062 2.671 3.065 2.982 3.775 3.976 3.552 4.173 4.140 3.456 3.789 3.528 2.713 2.480 2.654 0.008 0.011 0.013 0.013 0.016 0.017 0.015 0.017 0.017 0.014 0.010 0.013 0.014 0.018 0.018 0.016 0.018 0.018 0.022 0.023 0.021 0.025 0.024 0.020 0.022 0.021 0.016 0.261 0.279
5.192 0.939 22.510 43943.637 0.973 3.516 0.799 0.713 0.832 0.817 1.037 1.089 0.963 1.116 1.087 0.881 0.930 0.967 0.910 1.120 1.153 1.006 1.155 1.123 1.422 1.498 1.338 1.572 1.560 1.302 1.428 1.329 1.022 0.934 1.000 2.638 2.353 2.746 2.697 3.425 3.595 3.181 3.685 3.589 2.910 3.070 3.194 3.004 3.697 3.809 3.323 3.813 3.709 4.696 4.946 4.419 5.192 5.150 4.300 4.714 4.389 3.375 3.085 3.302 0.008 0.011 0.013 0.013 0.016 0.017 0.015 0.017 0.017 0.014 0.010 0.013 0.014 0.018 0.018 0.016 0.018 0.018 0.022 0.023 0.021 0.025 0.024 0.020 0.022 0.021 0.016 0.261 0.279
6.210 0.939 22.510 52563.085 0.973 4.206 0.799 0.713 0.832 0.817 1.037 1.089 0.963 1.116 1.087 0.881 0.930 0.967 0.910 1.120 1.153 1.006 1.155 1.123 1.422 1.498 1.338 1.572 1.560 1.302 1.428 1.329 1.022 0.934 1.000 3.156 2.814 3.285 3.226 4.096 4.300 3.805 4.408 4.293 3.480 3.673 3.820 3.593 4.422 4.556 3.974 4.561 4.437 5.617 5.916 5.286 6.210 6.160 5.143 5.638 5.250 4.037 3.690 3.950 0.008 0.011 0.013 0.013 0.016 0.017 0.015 0.017 0.017 0.014 0.010 0.013 0.014 0.018 0.018 0.016 0.018 0.018 0.022 0.023 0.021 0.025 0.024 0.020 0.022 0.021 0.016 0.261 0.279
7.229 0.939 22.510 61182.533 0.973 4.895 0.799 0.713 0.832 0.817 1.037 1.089 0.963 1.116 1.087 0.881 0.930 0.967 0.910 1.120 1.153 1.006 1.155 1.123 1.422 1.498 1.338 1.572 1.560 1.302 1.428 1.329 1.022 0.934 1.000 3.673 3.276 3.824 3.755 4.768 5.006 4.429 5.130 4.997 4.051 4.275 4.447 4.182 5.147 5.303 4.626 5.308 5.165 6.539 6.886 6.153 7.229 7.170 5.986 6.563 6.111 4.699 4.295 4.597 0.008 0.011 0.013 0.013 0.016 0.017 0.015 0.017 0.017 0.014 0.010 0.013 0.014 0.018 0.018 0.016 0.018 0.018 0.022 0.023 0.021 0.025 0.024 0.020 0.022 0.021 0.016 0.261 0.279
8.247 0.939 22.510 69801.980 0.973 5.585 0.799 0.713 0.832 0.817 1.037 1.089 0.963 1.116 1.087 0.881 0.930 0.967 0.910 1.120 1.153 1.006 1.155 1.123 1.422 1.498 1.338 1.572 1.560 1.302 1.428 1.329 1.022 0.934 1.000 4.191 3.738 4.362 4.284 5.440 5.711 5.053 5.853 5.701 4.622 4.877 5.073 4.771 5.872 6.050 5.278 6.056 5.892 7.460 7.856 7.020 8.247 8.180 6.830 7.488 6.971 5.361 4.901 5.245 0.008 0.011 0.013 0.013 0.016 0.017 0.015 0.017 0.017 0.014 0.010 0.013 0.014 0.018 0.018 0.016 0.018 0.018 0.022 0.023 0.021 0.025 0.024 0.020 0.022 0.021 0.016 0.261 0.279
9.265 0.939 22.510 78421.428 0.973 6.275 0.799 0.713 0.832 0.817 1.037 1.089 0.963 1.116 1.087 0.881 0.930 0.967 0.910 1.120 1.153 1.006 1.155 1.123 1.422 1.498 1.338 1.572 1.560 1.302 1.428 1.329 1.022 0.934 1.000 4.708 4.199 4.901 4.813 6.112 6.416 5.677 6.576 6.405 5.193 5.479 5.700 5.361 6.597 6.797 5.929 6.804 6.620 8.381 8.826 7.886 9.265 9.190 7.673 8.412 7.832 6.023 5.506 5.893 0.008 0.011 0.013 0.013 0.016 0.017 0.015 0.017 0.017 0.014 0.010 0.013 0.014 0.018 0.018 0.016 0.018 0.018 0.022 0.023 0.021 0.025 0.024 0.020 0.022 0.021 0.016 0.261 0.279
10.284 0.939 22.510 87040.272 0.973 6.964 0.799 0.713 0.832 0.817 1.037 1.089 0.963 1.116 1.087 0.881 0.930 0.967 0.910 1.120 1.153 1.006 1.155 1.123 1.422 1.498 1.338 1.572 1.560 1.302 1.428 1.329 1.022 0.934 1.000 5.226 4.660 5.440 5.341 6.783 7.121 6.301 7.298 7.109 5.763 6.081 6.326 5.950 7.322 7.544 6.581 7.552 7.347 9.302 9.796 8.753 10.284 10.200 8.517 9.337 8.693 6.685 6.111 6.541 0.008 0.011 0.013 0.013 0.016 0.017 0.015 0.017 0.017 0.014 0.010 0.013 0.014 0.018 0.018 0.016 0.018 0.018 0.022 0.023 0.021 0.025 0.024 0.020 0.022 0.021 0.016 0.261 0.279
11.302 0.939 22.510 95657.577 0.973 7.654 0.799 0.712 0.832 0.817 1.037 1.089 0.963 1.116 1.087 0.881 0.930 0.967 0.910 1.119 1.153 1.006 1.155 1.123 1.422 1.498 1.338 1.572 1.560 1.302 1.427 1.329 1.022 0.934 1.000 5.743 5.122 5.978 5.870 7.454 7.826 6.925 8.021 7.812 6.334 6.683 6.952 6.539 8.047 8.291 7.232 8.300 8.075 10.223 10.766 9.620 11.302 11.211 9.360 10.262 9.554 7.347 6.715 7.189 0.008 0.011 0.013 0.013 0.016 0.017 0.015 0.017 0.017 0.014 0.010 0.013 0.014 0.018 0.018 0.016 0.018 0.018 0.022 0.023 0.021 0.025 0.024 0.020 0.022 0.021 0.016 0.261 0.279
12.320 0.942 22.469 102975.005 0.971 8.265 0.789 0.704 0.821 0.807 1.024 1.075 0.951 1.102 1.073 0.870 0.918 0.955 0.899 1.107 1.143 0.999 1.149 1.122 1.424 1.504 1.348 1.582 1.568 1.309 1.433 1.332 1.024 0.923 1.000 6.145 5.481 6.397 6.281 7.976 8.374 7.410 8.582 8.359 6.776 7.150 7.438 7.000 8.624 8.898 7.779 8.951 8.735 11.091 11.712 10.502 12.320 12.213 10.196 11.158 10.377 7.974 7.185 7.788 0.008 0.011 0.013 0.013 0.016 0.017 0.015 0.017 0.017 0.014 0.010 0.013 0.014 0.017 0.018 0.016 0.018 0.018 0.022 0.024 0.021 0.025 0.025 0.021 0.023 0.021 0.016 0.259 0.280
13.339 0.953 22.366 108552.140 0.966 8.778 0.763 0.680 0.794 0.780 0.990 1.039 0.920 1.065 1.037 0.840 0.887 0.922 0.869 1.072 1.110 0.975 1.128 1.108 1.416 1.504 1.359 1.595 1.584 1.327 1.446 1.342 1.029 0.891 1.000 6.380 5.690 6.641 6.521 8.280 8.692 7.690 8.905 8.672 7.029 7.414 7.711 7.265 8.969 9.280 8.151 9.434 9.266 11.839 12.576 11.364 13.339 13.246 11.099 12.096 11.220 8.604 7.450 8.363 0.008 0.011 0.013 0.012 0.016 0.017 0.015 0.017 0.017 0.013 0.009 0.012 0.014 0.017 0.018 0.016 0.018 0.018 0.023 0.024 0.022 0.025 0.025 0.021 0.023 0.021 0.016 0.254 0.284
14.357 0.963 22.257 114115.102 0.962 9.297 0.737 0.657 0.767 0.753 0.956 1.004 0.888 1.028 1.001 0.812 0.856 0.890 0.840 1.039 1.078 0.951 1.107 1.094 1.405 1.501 1.365 1.603 1.594 1.340 1.456 1.347 1.032 0.860 1.000 6.599 5.886 6.869 6.744 8.564 8.989 7.953 9.210 8.969 7.268 7.666 7.975 7.524 9.308 9.658 8.521 9.915 9.796 12.587 13.440 12.226 14.357 14.279 12.004 13.038 12.068 9.241 7.703 8.956 0.008 0.011 0.012 0.012 0.016 0.016 0.014 0.017 0.016 0.013 0.009 0.012 0.014 0.017 0.018 0.015 0.018 0.018 0.023 0.024 0.022 0.026 0.026 0.022 0.024 0.022 0.017 0.249 0.289
15.376 0.966 22.167 119846.169 0.958 9.831 0.724 0.645 0.753 0.739 0.939 0.985 0.872 1.009 0.983 0.796 0.840 0.874 0.826 1.023 1.065 0.944 1.105 1.098 1.413 1.512 1.381 1.619 1.611 1.356 1.467 1.355 1.036 0.844 1.000 6.870 6.127 7.150 7.020 8.914 9.356 8.277 9.584 9.332 7.562 7.974 8.297 7.838 9.718 10.112 8.963 10.487 10.425 13.417 14.360 13.112 15.376 15.293 12.877 13.932 12.865 9.834 8.013 9.495 0.008 0.011 0.012 0.012 0.015 0.016 0.014 0.017 0.016 0.013 0.009 0.012 0.014 0.017 0.017 0.015 0.018 0.018 0.023 0.025 0.023 0.026 0.026 0.022 0.024 0.022 0.017 0.246 0.291
16.394 0.980 22.045 125476.449 0.952 10.386 0.694 0.619 0.722 0.709 0.901 0.945 0.836 0.968 0.943 0.764 0.805 0.838 0.793 0.986 1.030 0.918 1.081 1.083 1.396 1.498 1.373 1.611 1.605 1.356 1.467 1.355 1.040 0.809 1.000 7.064 6.300 7.353 7.219 9.166 9.621 8.511 9.854 9.595 7.774 8.198 8.531 8.074 10.037 10.482 9.344 11.006 11.020 14.205 15.243 13.979 16.394 16.332 13.804 14.926 13.796 10.583 8.238 10.178 0.008 0.010 0.012 0.012 0.015 0.016 0.014 0.016 0.016 0.013 0.009 0.012 0.013 0.016 0.017 0.015 0.018 0.018 0.023 0.025 0.023 0.027 0.027 0.023 0.024 0.023 0.017 0.241 0.297
17.412 0.997 21.909 131208.689 0.947 10.963 0.663 0.591 0.690 0.677 0.860 0.902 0.798 0.924 0.900 0.729 0.768 0.800 0.758 0.945 0.990 0.887 1.052 1.060 1.369 1.473 1.357 1.593 1.591 1.350 1.461 1.353 1.043 0.772 1.000 7.243 6.459 7.538 7.400 9.396 9.861 8.723 10.099 9.832 7.965 8.398 8.741 8.286 10.327 10.822 9.697 11.495 11.587 14.966 16.104 14.835 17.412 17.385 14.759 15.967 14.791 11.402 8.439 10.930 0.008 0.010 0.012 0.012 0.015 0.015 0.014 0.016 0.015 0.012 0.009 0.011 0.013 0.016 0.017 0.015 0.018 0.018 0.023 0.025 0.023 0.027 0.027 0.023 0.025 0.023 0.018 0.235 0.304
18.431 1.010 21.786 137162.313 0.941 11.558 0.637 0.568 0.663 0.651 0.827 0.868 0.768 0.889 0.865 0.701 0.739 0.770 0.731 0.913 0.960 0.865 1.030 1.044 1.349 1.455 1.344 1.578 1.578 1.345 1.455 1.350 1.046 0.743 1.000 7.442 6.637 7.745 7.604 9.655 10.133 8.964 10.378 10.104 8.186 8.631 8.988 8.535 10.666 11.214 10.100 12.027 12.188 15.754 16.984 15.698 18.430 18.431 15.701 16.992 15.768 12.208 8.674 11.677 0.007 0.010 0.012 0.011 0.014 0.015 0.013 0.015 0.015 0.012 0.009 0.011 0.013 0.016 0.017 0.015 0.018 0.018 0.023 0.025 0.023 0.027 0.027 0.023 0.025 0.023 0.018 0.231 0.310
19.449 1.014 21.750 143188.972 0.940 12.204 0.630 0.562 0.656 0.644 0.817 0.858 0.759 0.878 0.855 0.692 0.730 0.760 0.722 0.904 0.954 0.863 1.027 1.042 1.344 1.448 1.340 1.571 1.572 1.341 1.451 1.348 1.047 0.733 1.000 7.800 6.955 8.117 7.968 10.116 10.617 9.390 10.869 10.580 8.569 9.031 9.402 8.938 11.192 11.802 10.679 12.714 12.899 16.633 17.924 16.585 19.443 19.449 16.602 17.956 16.679 12.957 9.076 12.376 0.007 0.010 0.012 0.011 0.014 0.015 0.013 0.015 0.015 0.012 0.009 0.011 0.013 0.016 0.017 0.015 0.018 0.018 0.024 0.025 0.023 0.027 0.027 0.023 0.025 0.024 0.018 0.229 0.311
20.467 1.029 21.524 144653.340 0.930 12.672 0.598 0.533 0.622 0.611 0.775 0.813 0.719 0.832 0.809 0.655 0.689 0.717 0.681 0.855 0.905 0.825 0.989 1.012 1.314 1.425 1.331 1.563 1.569 1.349 1.454 1.349 1.050 0.692 1.000 7.801 6.956 8.116 7.966 10.110 10.606 9.377 10.848 10.553 8.540 8.990 9.345 8.887 11.154 11.809 10.758 12.903 13.201 17.130 18.585 17.357 20.383 20.467 17.599 18.963 17.595 13.691 9.031 13.041 0.007 0.010 0.011 0.011 0.014 0.015 0.013 0.015 0.015 0.012 0.008 0.011 0.012 0.015 0.016 0.015 0.018 0.018 0.024 0.026 0.024 0.028 0.028 0.024 0.026 0.024 0.019 0.222 0.319
21.486 1.060 21.029 142569.112 0.909 13.051 0.535 0.477 0.557 0.546 0.693 0.727 0.642 0.743 0.722 0.584 0.614 0.638 0.608 0.766 0.815 0.750 0.913 0.948 1.248 1.371 1.301 1.536 1.554 1.352 1.450 1.344 1.048 0.617 1.000 7.399 6.597 7.696 7.552 9.582 10.049 8.880 10.269 9.984 8.073 8.489 8.817 8.402 10.588 11.276 10.371 12.626 13.113 17.257 18.961 17.989 21.237 21.486 18.702 20.055 18.580 14.486 8.526 13.828 0.007 0.009 0.011 0.010 0.013 0.014 0.012 0.014 0.014 0.011 0.008 0.010 0.012 0.015 0.015 0.014 0.017 0.018 0.024 0.026 0.025 0.029 0.029 0.026 0.027 0.025 0.020 0.209 0.336
22.504 1.079 20.550 141317.069 0.888 13.501 0.488 0.435 0.507 0.497 0.631 0.662 0.584 0.675 0.656 0.530 0.557 0.578 0.552 0.699 0.749 0.695 0.857 0.902 1.202 1.335 1.283 1.519 1.545 1.358 1.449 1.340 1.046 0.559 1.000 7.100 6.330 7.384 7.243 9.188 9.634 8.510 9.836 9.558 7.723 8.114 8.421 8.041 10.175 10.901 10.120 12.485 13.140 17.498 19.436 18.690 22.125 22.504 19.775 21.096 19.508 15.229 8.147 14.562 0.006 0.009 0.010 0.010 0.013 0.013 0.012 0.013 0.013 0.011 0.007 0.010 0.011 0.014 0.015 0.014 0.017 0.018 0.024 0.026 0.025 0.030 0.030 0.027 0.029 0.026 0.021 0.198 0.350
23.522 1.090 20.110 140687.508 0.869 13.995 0.451 0.402 0.469 0.460 0.583 0.611 0.540 0.624 0.606 0.489 0.514 0.533 0.510 0.648 0.698 0.654 0.816 0.869 1.169 1.310 1.275 1.511 1.542 1.365 1.449 1.337 1.045 0.516 1.000 6.880 6.133 7.153 7.015 8.897 9.326 8.235 9.514 9.242 7.462 7.833 8.125 7.775 9.879 10.646 9.973 12.447 13.255 17.826 19.985 19.443 23.040 23.522 20.826 22.100 20.392 15.932 7.863 15.252 0.006 0.008 0.010 0.009 0.012 0.013 0.011 0.013 0.012 0.010 0.007 0.009 0.010 0.013 0.014 0.013 0.017 0.018 0.024 0.027 0.026 0.031 0.031 0.028 0.029 0.027 0.021 0.188 0.362
24.541 1.096 19.711 140504.188 0.852 14.523 0.422 0.376 0.438 0.430 0.545 0.571 0.504 0.582 0.565 0.456 0.479 0.496 0.476 0.608 0.658 0.622 0.784 0.844 1.144 1.293 1.271 1.506 1.541 1.373 1.450 1.335 1.043 0.480 1.000 6.714 5.985 6.980 6.844 8.678 9.095 8.028 9.272 9.003 7.265 7.620 7.903 7.581 9.673 10.484 9.909 12.490 13.436 18.217 20.587 20.233 23.973 24.541 21.862 23.080 21.248 16.611 7.649 15.922 0.006 0.008 0.009 0.009 0.011 0.012 0.011 0.012 0.012 0.010 0.007 0.009 0.010 0.013 0.014 0.013 0.016 0.018 0.024 0.027 0.027 0.031 0.032 0.029 0.030 0.028 0.022 0.180 0.371
25.559 1.102 19.342 140613.169 0.836 15.116 0.396 0.353 0.412 0.404 0.512 0.537 0.473 0.546 0.530 0.428 0.448 0.464 0.445 0.570 0.621 0.591 0.752 0.816 1.115 1.270 1.260 1.494 1.535 1.377 1.450 1.336 1.050 0.450 1.000 6.601 5.884 6.861 6.726 8.526 8.933 7.882 9.099 8.830 7.119 7.459 7.723 7.413 9.488 10.334 9.844 12.519 13.592 18.569 21.144 20.984 24.880 25.559 22.935 24.147 22.244 17.476 7.484 16.650 0.006 0.008 0.009 0.009 0.011 0.012 0.010 0.012 0.011 0.009 0.006 0.008 0.010 0.012 0.013 0.013 0.016 0.018 0.024 0.027 0.027 0.032 0.033 0.029 0.031 0.029 0.022 0.173 0.380
26.578 1.125 18.825 140647.998 0.813 16.073 0.359 0.320 0.373 0.365 0.462 0.484 0.426 0.491 0.476 0.382 0.399 0.410 0.392 0.501 0.548 0.525 0.674 0.739 1.021 1.175 1.181 1.414 1.470 1.342 1.423 1.326 1.064 0.400 1.000 6.488 5.782 6.738 6.601 8.360 8.750 7.709 8.883 8.604 6.917 7.219 7.420 7.089 9.065 9.903 9.500 12.191 13.370 18.463 21.241 21.359 25.568 26.578 24.263 25.725 23.979 19.247 7.231 18.083 0.005 0.007 0.008 0.008 0.011 0.011 0.010 0.011 0.011 0.009 0.006 0.008 0.009 0.011 0.012 0.012 0.015 0.017 0.023 0.027 0.027 0.032 0.033 0.030 0.032 0.030 0.024 0.162 0.399
27.596 1.153 18.153 140590.877 0.784 17.327 0.315 0.280 0.327 0.320 0.405 0.423 0.372 0.428 0.414 0.331 0.345 0.352 0.335 0.428 0.470 0.454 0.589 0.653 0.912 1.062 1.082 1.311 1.381 1.284 1.374 1.299 1.067 0.345 1.000 6.291 5.605 6.528 6.389 8.084 8.452 7.435 8.551 8.266 6.624 6.886 7.032 6.692 8.559 9.387 9.080 11.768 13.048 18.234 21.213 21.629 26.194 27.596 25.668 27.462 25.952 21.325 6.887 19.984 0.005 0.007 0.008 0.008 0.010 0.010 0.009 0.010 0.010 0.008 0.006 0.007 0.008 0.010 0.011 0.011 0.014 0.016 0.022 0.026 0.026 0.032 0.033 0.031 0.033 0.031 0.025 0.149 0.424
28.614 1.178 17.397 139208.517 0.752 18.462 0.271 0.241 0.281 0.275 0.348 0.363 0.319 0.367 0.354 0.283 0.294 0.300 0.285 0.366 0.404 0.394 0.515 0.577 0.814 0.956 0.985 1.208 1.289 1.218 1.316 1.260 1.055 0.294 1.000 5.894 5.250 6.112 5.979 7.560 7.899 6.941 7.974 7.698 6.158 6.388 6.513 6.207 7.968 8.786 8.569 11.206 12.537 17.708 20.789 21.419 26.270 28.025 26.479 28.614 27.387 22.947 6.386 21.744 0.005 0.006 0.007 0.007 0.009 0.009 0.008 0.009 0.009 0.007 0.005 0.006 0.007 0.009 0.010 0.010 0.013 0.015 0.021 0.025 0.025 0.031 0.033 0.031 0.034 0.032 0.027 0.135 0.452
29.633 1.191 16.809 138538.852 0.726 19.532 0.241 0.214 0.250 0.244 0.309 0.322 0.283 0.325 0.314 0.251 0.260 0.265 0.253 0.326 0.361 0.355 0.467 0.527 0.750 0.887 0.921 1.139 1.226 1.171 1.274 1.231 1.045 0.260 1.000 5.599 4.987 5.806 5.677 7.177 7.496 6.584 7.560 7.295 5.832 6.044 6.161 5.884 7.581 8.401 8.251 10.870 12.249 17.440 20.617 21.415 26.490 28.509 27.240 29.633 28.616 24.310 6.041 23.253 0.004 0.006 0.007 0.007 0.008 0.009 0.008 0.009 0.008 0.007 0.005 0.006 0.007 0.009 0.010 0.010 0.013 0.014 0.020 0.024 0.025 0.030 0.033 0.031 0.034 0.033 0.028 0.125 0.473
30.651 1.196 16.343 137924.928 0.706 20.578 0.219 0.195 0.227 0.222 0.281 0.293 0.258 0.296 0.285 0.228 0.236 0.240 0.230 0.297 0.330 0.326 0.433 0.491 0.704 0.838 0.877 1.091 1.182 1.139 1.245 1.210 1.039 0.236 1.000 5.401 4.810 5.599 5.474 6.917 7.223 6.342 7.278 7.019 5.607 5.804 5.911 5.653 7.305 8.130 8.038 10.662 12.097 17.343 20.630 21.588 26.859 29.098 28.053 30.651 29.797 25.591 5.800 24.619 0.004 0.005 0.006 0.006 0.008 0.008 0.007 0.008 0.008 0.006 0.004 0.006 0.006 0.008 0.009 0.009 0.012 0.014 0.020 0.023 0.024 0.030 0.033 0.031 0.034 0.033 0.029 0.117 0.489
31.669 1.201 15.947 136734.141 0.689 21.667 0.202 0.180 0.210 0.205 0.259 0.270 0.237 0.272 0.262 0.209 0.216 0.220 0.210 0.272 0.304 0.303 0.404 0.461 0.665 0.796 0.839 1.048 1.142 1.110 1.217 1.190 1.033 0.216 1.000 5.267 4.690 5.458 5.334 6.739 7.034 6.173 7.079 6.823 5.444 5.628 5.722 5.474 7.088 7.917 7.873 10.510 12.000 17.312 20.710 21.823 27.276 29.718 28.882 31.669 30.970 26.865 5.622 26.015 0.004 0.005 0.006 0.006 0.007 0.008 0.007 0.008 0.008 0.006 0.004 0.005 0.006 0.008 0.009 0.009 0.012 0.013 0.019 0.023 0.024 0.030 0.032 0.032 0.035 0.034 0.029 0.111 0.503
32.688 1.203 15.601 135821.638 0.674 22.769 0.189 0.168 0.195 0.191 0.241 0.251 0.221 0.253 0.243 0.194 0.200 0.203 0.194 0.252 0.283 0.283 0.380 0.436 0.632 0.761 0.807 1.012 1.108 1.085 1.193 1.173 1.026 0.200 1.000 5.166 4.601 5.352 5.230 6.604 6.890 6.043 6.926 6.670 5.316 5.487 5.568 5.326 6.909 7.744 7.743 10.398 11.944 17.329 20.841 22.104 27.731 30.364 29.722 32.688 32.134 28.124 5.478 27.399 0.004 0.005 0.006 0.006 0.007 0.007 0.007 0.007 0.007 0.006 0.004 0.005 0.006 0.007 0.008 0.008 0.011 0.013 0.018 0.022 0.024 0.030 0.032 0.032 0.035 0.034 0.030 0.105 0.515
33.706 1.205 15.301 135151.580 0.661 23.865 0.177 0.158 0.184 0.179 0.226 0.236 0.207 0.237 0.228 0.181 0.187 0.189 0.181 0.235 0.265 0.266 0.359 0.415 0.605 0.731 0.780 0.982 1.080 1.064 1.172 1.158 1.021 0.187 1.000 5.095 4.536 5.276 5.154 6.505 6.785 5.947 6.811 6.554 5.217 5.377 5.445 5.207 6.767 7.609 7.648 10.329 11.933 17.401 21.030 22.439 28.231 31.042 30.578 33.706 33.284 29.361 5.366 28.749 0.004 0.005 0.006 0.005 0.007 0.007 0.006 0.007 0.007 0.005 0.004 0.005 0.005 0.007 0.008 0.008 0.011 0.012 0.018 0.022 0.023 0.029 0.032 0.032 0.035 0.034 0.030 0.100 0.526
34.724 1.205 15.043 134686.078 0.650 24.951 0.168 0.149 0.174 0.170 0.214 0.223 0.196 0.224 0.215 0.171 0.176 0.178 0.170 0.221 0.250 0.252 0.342 0.398 0.583 0.707 0.759 0.957 1.056 1.046 1.155 1.145 1.017 0.176 1.000 5.046 4.492 5.224 5.101 6.437 6.710 5.878 6.727 6.468 5.143 5.292 5.348 5.114 6.656 7.507 7.584 10.296 11.960 17.520 21.270 22.823 28.772 31.749 31.449 34.724 34.422 30.577 5.278 30.065 0.003 0.005 0.005 0.005 0.007 0.007 0.006 0.007 0.007 0.005 0.004 0.005 0.005 0.007 0.008 0.008 0.010 0.012 0.018 0.021 0.023 0.029 0.032 0.032 0.035 0.035 0.031 0.096 0.535
35.743 1.205 14.822 134405.112 0.640 26.019 0.160 0.143 0.166 0.162 0.204 0.213 0.186 0.213 0.205 0.162 0.167 0.168 0.161 0.210 0.237 0.241 0.329 0.384 0.564 0.688 0.742 0.936 1.036 1.032 1.140 1.134 1.014 0.166 1.000 5.019 4.468 5.194 5.070 6.395 6.665 5.834 6.672 6.410 5.091 5.231 5.276 5.043 6.572 7.435 7.546 10.297 12.022 17.684 21.556 23.250 29.350 32.482 32.333 35.743 35.548 31.773 5.215 31.345 0.003 0.004 0.005 0.005 0.006 0.007 0.006 0.007 0.006 0.005 0.003 0.004 0.005 0.006 0.007 0.007 0.010 0.012 0.017 0.021 0.023 0.029 0.032 0.032 0.035 0.035 0.031 0.092 0.543
36.761 1.204 14.633 134294.497 0.632 27.068 0.154 0.137 0.159 0.155 0.196 0.204 0.178 0.204 0.196 0.155 0.159 0.160 0.153 0.200 0.227 0.231 0.317 0.372 0.549 0.672 0.728 0.919 1.020 1.020 1.128 1.125 1.011 0.159 1.000 5.012 4.461 5.185 5.060 6.380 6.645 5.814 6.645 6.379 5.060 5.191 5.225 4.992 6.514 7.389 7.533 10.328 12.115 17.885 21.884 23.717 29.961 33.239 33.229 36.761 36.664 32.950 5.172 32.589 0.003 0.004 0.005 0.005 0.006 0.006 0.006 0.006 0.006 0.005 0.003 0.004 0.005 0.006 0.007 0.007 0.010 0.012 0.017 0.021 0.023 0.029 0.032 0.032 0.035 0.035 0.031 0.089 0.549
37.780 1.203 14.475 134343.894 0.625 28.093 0.149 0.132 0.154 0.150 0.189 0.197 0.172 0.197 0.189 0.149 0.153 0.154 0.147 0.192 0.218 0.223 0.307 0.362 0.536 0.658 0.717 0.905 1.006 1.010 1.118 1.117 1.009 0.152 1.000 5.024 4.471 5.196 5.069 6.389 6.652 5.816 6.643 6.372 5.049 5.171 5.194 4.959 6.478 7.366 7.540 10.384 12.235 18.121 22.249 24.220 30.602 34.017 34.136 37.780 37.769 34.108 5.150 33.798 0.003 0.004 0.005 0.005 0.006 0.006 0.006 0.006 0.006 0.005 0.003 0.004 0.005 0.006 0.007 0.007 0.010 0.011 0.017 0.021 0.023 0.028 0.032 0.032 0.035 0.035 0.032 0.087 0.555
38.798 1.202 14.344 134519.685 0.620 29.043 0.145 0.129 0.149 0.146 0.184 0.191 0.167 0.191 0.183 0.145 0.148 0.148 0.141 0.185 0.211 0.216 0.299 0.354 0.526 0.648 0.708 0.894 0.996 1.002 1.109 1.111 1.008 0.147 1.000 5.046 4.491 5.218 5.088 6.411 6.672 5.831 6.654 6.378 5.047 5.162 5.173 4.936 6.453 7.353 7.555 10.447 12.359 18.357 22.608 24.711 31.218 34.756 34.992 38.732 38.798 35.188 5.138 34.913 0.003 0.004 0.005 0.005 0.006 0.006 0.005 0.006 0.006 0.005 0.003 0.004 0.005 0.006 0.007 0.007 0.010 0.011 0.017 0.021 0.022 0.028 0.032 0.032 0.035 0.035 0.032 0.084 0.559
39.816 1.201 14.231 134742.529 0.615 29.972 0.141 0.126 0.146 0.142 0.179 0.186 0.163 0.186 0.178 0.141 0.143 0.144 0.137 0.179 0.204 0.211 0.292 0.347 0.517 0.639 0.701 0.885 0.986 0.996 1.102 1.106 1.007 0.143 1.000 5.081 4.521 5.252 5.120 6.448 6.709 5.859 6.682 6.400 5.059 5.166 5.167 4.926 6.444 7.359 7.587 10.528 12.502 18.616 22.990 25.219 31.849 35.506 35.849 39.681 39.816 36.247 5.139 36.001 0.003 0.004 0.005 0.005 0.006 0.006 0.005 0.006 0.006 0.005 0.003 0.004 0.004 0.006 0.007 0.007 0.009 0.011 0.017 0.020 0.022 0.028 0.031 0.032 0.035 0.035 0.032 0.083 0.563
40.835 1.200 14.133 135048.760 0.611 30.893 0.138 0.123 0.143 0.139 0.175 0.182 0.159 0.181 0.174 0.137 0.140 0.139 0.133 0.174 0.199 0.206 0.287 0.341 0.510 0.631 0.694 0.876 0.978 0.990 1.096 1.101 1.006 0.139 1.000 5.124 4.559 5.295 5.160 6.497 6.757 5.898 6.722 6.433 5.080 5.180 5.170 4.925 6.448 7.377 7.630 10.624 12.660 18.893 23.392 25.747 32.499 36.270 36.716 40.634 40.835 37.303 5.150 37.078 0.003 0.004 0.005 0.005 0.006 0.006 0.005 0.006 0.006 0.004 0.003 0.004 0.004 0.006 0.006 0.007 0.009 0.011 0.016 0.020 0.022 0.028 0.031 0.032 0.035 0.035 0.032 0.081 0.567
41.853 1.199 14.058 135524.565 0.607 31.787 0.136 0.121 0.141 0.137 0.172 0.179 0.156 0.178 0.170 0.134 0.137 0.136 0.130 0.170 0.194 0.202 0.282 0.337 0.504 0.625 0.690 0.870 0.972 0.986 1.091 1.098 1.006 0.136 1.000 5.190 4.617 5.361 5.223 6.574 6.835 5.962 6.791 6.494 5.123 5.215 5.194 4.942 6.471 7.414 7.691 10.743 12.842 19.201 23.829 26.310 33.180 37.060 37.601 41.597 41.853 38.351 5.183 38.123 0.003 0.004 0.005 0.005 0.006 0.006 0.005 0.006 0.006 0.004 0.003 0.004 0.004 0.006 0.006 0.007 0.009 0.011 0.016 0.020 0.022 0.028 0.031 0.032 0.035 0.035 0.032 0.080 0.570
42.871 1.199 14.002 136150.929 0.605 32.653 0.135 0.120 0.139 0.136 0.171 0.177 0.155 0.176 0.168 0.132 0.135 0.134 0.127 0.166 0.191 0.198 0.278 0.333 0.499 0.621 0.687 0.866 0.968 0.984 1.088 1.095 1.007 0.134 1.000 5.276 4.693 5.448 5.307 6.677 6.939 6.050 6.885 6.580 5.184 5.269 5.235 4.973 6.511 7.469 7.767 10.880 13.045 19.536 24.296 26.904 33.890 37.873 38.503 42.568 42.871 39.390 5.233 39.136 0.003 0.004 0.005 0.004 0.006 0.006 0.005 0.006 0.006 0.004 0.003 0.004 0.004 0.005 0.006 0.006 0.009 0.011 0.016 0.020 0.022 0.028 0.031 0.032 0.035 0.035 0.032 0.079 0.571
43.890 1.198 13.970 136970.312 0.604 33.481 0.134 0.119 0.139 0.135 0.170 0.176 0.154 0.175 0.167 0.131 0.133 0.132 0.125 0.164 0.188 0.196 0.275 0.331 0.496 0.618 0.687 0.864 0.965 0.983 1.086 1.094 1.008 0.132 1.000 5.388 4.793 5.563 5.416 6.812 7.077 6.166 7.013 6.697 5.270 5.348 5.298 5.022 6.571 7.545 7.862 11.040 13.273 19.903 24.800 27.535 34.635 38.716 39.425 43.550 43.890 40.420 5.308 40.106 0.003 0.004 0.005 0.004 0.006 0.006 0.005 0.006 0.006 0.004 0.003 0.004 0.004 0.005 0.006 0.006 0.009 0.011 0.016 0.020 0.022 0.028 0.031 0.032 0.035 0.035 0.033 0.078 0.572
44.908 1.197 13.957 137950.101 0.603 34.276 0.135 0.120 0.139 0.135 0.170 0.176 0.154 0.175 0.167 0.131 0.133 0.131 0.124 0.162 0.186 0.194 0.273 0.329 0.495 0.617 0.687 0.863 0.965 0.984 1.085 1.094 1.010 0.132 1.000 5.522 4.911 5.699 5.547 6.975 7.243 6.308 7.169 6.840 5.376 5.446 5.378 5.086 6.648 7.637 7.972 11.220 13.521 20.298 25.334 28.199 35.409 39.583 40.365 44.541 44.908 41.440 5.402 41.039 0.003 0.004 0.005 0.005 0.006 0.006 0.005 0.006 0.006 0.004 0.003 0.004 0.004 0.005 0.006 0.006 0.009 0.011 0.016 0.020 0.022 0.028 0.031 0.032 0.035 0.035 0.033 0.078 0.573
45.927 1.197 13.965 139129.886 0.603 35.028 0.136 0.121 0.140 0.136 0.171 0.178 0.155 0.176 0.167 0.131 0.133 0.131 0.123 0.161 0.185 0.193 0.272 0.329 0.494 0.618 0.689 0.864 0.966 0.986 1.086 1.096 1.013 0.132 1.000 5.682 5.053 5.863 5.706 7.172 7.444 6.479 7.359 7.016 5.508 5.570 5.482 5.167 6.745 7.749 8.100 11.422 13.795 20.726 25.907 28.902 36.220 40.481 41.327 45.543 45.927 42.450 5.520 41.921 0.003 0.004 0.005 0.005 0.006 0.006 0.005 0.006 0.006 0.004 0.003 0.004 0.004 0.005 0.006 0.006 0.009 0.011 0.016 0.020 0.022 0.028 0.031 0.032 0.035 0.035 0.033 0.078 0.572
46.945 1.196 13.993 140496.337 0.605 35.737 0.137 0.122 0.142 0.138 0.173 0.180 0.156 0.177 0.169 0.132 0.134 0.131 0.123 0.160 0.184 0.193 0.272 0.330 0.496 0.620 0.693 0.867 0.969 0.990 1.089 1.098 1.016 0.132 1.000 5.866 5.216 6.052 5.887 7.398 7.677 6.679 7.581 7.223 5.663 5.718 5.607 5.267 6.861 7.881 8.247 11.646 14.094 21.186 26.517 29.643 37.067 41.410 42.312 46.557 46.945 43.448 5.662 42.753 0.003 0.004 0.005 0.005 0.006 0.006 0.005 0.006 0.006 0.004 0.003 0.004 0.004 0.005 0.006 0.006 0.009 0.011 0.016 0.020 0.023 0.028 0.031 0.032 0.035 0.035 0.033 0.078 0.571
47.963 1.196 14.043 142084.914 0.607 36.394 0.140 0.124 0.144 0.140 0.176 0.183 0.159 0.180 0.172 0.134 0.135 0.132 0.124 0.161 0.185 0.193 0.273 0.331 0.498 0.624 0.699 0.872 0.974 0.995 1.093 1.102 1.021 0.134 1.000 6.077 5.404 6.268 6.097 7.660 7.947 6.910 7.840 7.464 5.846 5.894 5.757 5.386 6.999 8.035 8.413 11.896 14.421 21.686 27.172 30.432 37.959 42.375 43.323 47.585 47.963 44.432 5.831 43.520 0.003 0.004 0.005 0.005 0.006 0.006 0.005 0.006 0.006 0.004 0.003 0.004 0.004 0.005 0.006 0.006 0.009 0.011 0.016 0.020 0.023 0.028 0.031 0.032 0.035 0.035 0.033 0.079 0.568
48.982 1.195 14.116 143911.697 0.610 36.992 0.143 0.127 0.147 0.143 0.180 0.187 0.162 0.184 0.175 0.137 0.138 0.134 0.125 0.162 0.186 0.195 0.275 0.334 0.503 0.631 0.708 0.880 0.981 1.004 1.100 1.108 1.027 0.136 1.000 6.313 5.613 6.511 6.333 7.955 8.252 7.174 8.136 7.743 6.059 6.101 5.935 5.528 7.163 8.216 8.604 12.178 14.784 22.232 27.882 31.278 38.904 43.387 44.367 48.631 48.982 45.398 6.031 44.208 0.003 0.004 0.005 0.005 0.006 0.006 0.005 0.006 0.006 0.005 0.003 0.004 0.004 0.005 0.006 0.006 0.009 0.011 0.016 0.020 0.023 0.028 0.032 0.032 0.035 0.035 0.033 0.080 0.565
50.000 1.194 14.215 146014.710 0.614 37.520 0.147 0.131 0.151 0.147 0.185 0.192 0.167 0.189 0.180 0.141 0.142 0.137 0.127 0.164 0.188 0.197 0.279 0.339 0.510 0.640 0.719 0.891 0.992 1.015 1.109 1.116 1.034 0.140 1.000 6.575 5.847 6.782 6.596 8.287 8.595 7.472 8.473 8.061 6.305 6.344 6.145 5.696 7.357 8.427 8.825 12.498 15.190 22.836 28.659 32.194 39.915 44.453 45.452 49.698 50.000 46.343 6.265 44.799 0.003 0.004 0.005 0.005 0.006 0.006 0.005 0.006 0.006 0.005 0.003 0.004 0.004 0.005 0.006 0.006 0.009 0.011 0.016 0.021 0.023 0.029 0.032 0.032 0.035 0.035 0.033 0.082 0.561
