0.100 0.716 6.340 154.127 0.950 0.077 1.281 1.203 1.555 1.764 1.807 1.680 1.398 1.618 1.687 1.598 1.358 0.993 1.000 0.071 0.067 0.086 0.098 0.100 0.093 0.077 0.090 0.093 0.088 0.075 0.055 0.055 0.036 0.051 0.066 0.074 0.076 0.071 0.059 0.068 0.071 0.067 0.057 0.035 0.268
1.118 0.716 6.340 1723.704 0.950 0.864 1.281 1.203 1.555 1.764 1.807 1.680 1.398 1.618 1.687 1.598 1.358 0.993 1.000 0.793 0.744 0.963 1.092 1.118 1.040 0.866 1.001 1.044 0.989 0.841 0.615 0.619 0.036 0.051 0.066 0.074 0.076 0.071 0.059 0.068 0.071 0.067 0.057 0.035 0.268
2.137 0.716 6.340 3293.282 0.950 1.651 1.281 1.203 1.555 1.764 1.807 1.680 1.398 1.618 1.687 1.598 1.358 0.993 1.000 1.515 1.422 1.839 2.086 2.137 1.987 1.654 1.913 1.995 1.889 1.607 1.174 1.183 0.036 0.051 0.066 0.074 0.076 0.071 0.059 0.068 0.071 0.067 0.057 0.035 0.268
3.155 0.716 6.340 4862.859 0.950 2.438 1.281 1.203 1.555 1.764 1.807 1.680 1.398 1.618 1.687 1.598 1.358 0.993 1.000 2.237 2.100 2.716 3.080 3.155 2.935 2.442 2.825 2.946 2.790 2.372 1.734 1.746 0.036 0.051 0.066 0.074 0.076 0.071 0.059 0.068 0.071 0.067 0.057 0.035 0.268
4.173 0.716 6.340 6432.437 0.950 3.225 1.281 1.203 1.555 1.764 1.807 1.680 1.398 1.618 1.687 1.598 1.358 0.993 1.000 2.959 2.778 3.592 4.074 4.173 3.882 3.230 3.736 3.896 3.690 3.138 2.294 2.310 0.036 0.051 0.066 0.074 0.076 0.071 0.059 0.068 0.071 0.067 0.057 0.035 0.268
5.192 0.716 6.340 8002.014 0.950 4.011 1.281 1.203 1.555 1.764 1.807 1.680 1.398 1.618 1.687 1.598 1.358 0.993 1.000 3.681 3.456 4.469 5.068 5.192 4.829 4.019 4.648 4.847 4.591 3.904 2.854 2.874 0.036 0.051 0.066 0.074 0.076 0.071 0.059 0.068 0.071 0.067 0.057 0.035 0.268
6.210 0.716 6.340 9571.592 0.950 4.798 1.281 1.203 1.555 1.764 1.807 1.680 1.398 1.618 1.687 1.598 1.358 0.993 1.000 4.403 4.134 5.346 6.062 6.210 5.776 4.807 5.560 5.798 5.491 4.669 3.413 3.437 0.036 0.051 0.066 0.074 0.076 0.071 0.059 0.068 0.071 0.067 0.057 0.035 0.268
7.229 0.716 6.340 11141.169 0.950 5.585 1.281 1.203 1.555 1.764 1.807 1.680 1.398 1.618 1.687 1.598 1.358 0.993 1.000 5.126 4.811 6.222 7.056 7.229 6.723 5.595 6.472 6.748 6.392 5.435 3.973 4.001 0.036 0.051 0.066 0.074 0.076 0.071 0.059 0.068 0.071 0.067 0.057 0.035 0.268
8.247 0.716 6.340 12710.747 0.950 6.372 1.281 1.203 1.555 1.764 1.807 1.680 1.398 1.618 1.687 1.598 1.358 0.993 1.000 5.848 5.489 7.099 8.050 8.247 7.670 6.383 7.383 7.699 7.292 6.200 4.533 4.564 0.036 0.051 0.066 0.074 0.076 0.071 0.059 0.068 0.071 0.067 0.057 0.035 0.268
9.265 0.716 6.340 14280.324 0.950 7.159 1.281 1.203 1.555 1.764 1.807 1.680 1.398 1.618 1.687 1.598 1.358 0.993 1.000 6.570 6.167 7.975 9.044 9.265 8.618 7.171 8.295 8.650 8.193 6.966 5.092 5.128 0.036 0.051 0.066 0.074 0.076 0.071 0.059 0.068 0.071 0.067 0.057 0.035 0.268
10.284 0.716 6.340 15849.877 0.950 7.946 1.281 1.203 1.555 1.764 1.807 1.680 1.398 1.618 1.687 1.598 1.358 0.993 1.000 7.292 6.845 8.852 10.038 10.284 9.565 7.960 9.207 9.601 9.093 7.732 5.652 5.692 0.036 0.051 0.066 0.074 0.076 0.071 0.059 0.068 0.071 0.067 0.057 0.035 0.268
11.302 0.716 6.340 17419.368 0.950 8.733 1.281 1.203 1.555 1.764 1.807 1.680 1.398 1.618 1.687 1.598 1.358 0.993 1.000 8.014 7.523 9.728 11.032 11.302 10.512 8.748 10.118 10.551 9.994 8.497 6.212 6.255 0.036 0.051 0.066 0.074 0.076 0.071 0.059 0.068 0.071 0.067 0.057 0.035 0.268
12.320 0.716 6.340 18988.947 0.950 9.519 1.281 1.203 1.555 1.764 1.807 1.680 1.398 1.618 1.687 1.598 1.358 0.993 1.000 8.736 8.200 10.605 12.026 12.320 11.459 9.536 11.030 11.502 10.894 9.263 6.772 6.819 0.036 0.051 0.066 0.074 0.076 0.071 0.059 0.068 0.071 0.067 0.057 0.035 0.268
13.339 0.716 6.338 20497.039 0.949 10.307 1.280 1.202 1.555 1.764 1.809 1.684 1.404 1.622 1.689 1.599 1.359 0.993 1.000 9.438 8.861 11.465 13.010 13.339 12.422 10.357 11.961 12.460 11.793 10.023 7.325 7.375 0.036 0.051 0.065 0.074 0.076 0.071 0.059 0.068 0.071 0.067 0.057 0.035 0.268
14.357 0.714 6.335 21918.923 0.949 11.094 1.277 1.200 1.553 1.765 1.813 1.693 1.417 1.631 1.695 1.602 1.360 0.994 1.000 10.113 9.500 12.303 13.978 14.357 13.405 11.224 12.917 13.427 12.689 10.774 7.869 7.920 0.036 0.050 0.065 0.074 0.076 0.071 0.060 0.069 0.071 0.068 0.057 0.035 0.267
15.376 0.711 6.330 23296.226 0.948 11.873 1.282 1.205 1.559 1.772 1.821 1.703 1.430 1.640 1.701 1.605 1.362 0.994 1.000 10.822 10.171 13.163 14.957 15.376 14.379 12.074 13.848 14.362 13.554 11.496 8.390 8.442 0.036 0.051 0.065 0.074 0.076 0.071 0.060 0.069 0.071 0.067 0.057 0.035 0.266
16.394 0.705 6.321 24540.856 0.947 12.617 1.309 1.231 1.584 1.795 1.842 1.722 1.446 1.652 1.708 1.609 1.363 0.994 1.000 11.650 10.957 14.099 15.973 16.394 15.322 12.871 14.696 15.199 14.315 12.127 8.845 8.898 0.036 0.051 0.066 0.075 0.077 0.072 0.060 0.069 0.071 0.067 0.057 0.035 0.265
17.412 0.698 6.310 25750.986 0.945 13.369 1.337 1.258 1.611 1.820 1.865 1.742 1.463 1.664 1.716 1.613 1.365 0.995 1.000 12.483 11.747 15.039 16.992 17.412 16.263 13.663 15.535 16.022 15.063 12.743 9.286 9.336 0.037 0.052 0.067 0.075 0.077 0.072 0.061 0.069 0.071 0.067 0.057 0.034 0.262
18.431 0.693 6.300 26974.205 0.944 14.121 1.361 1.281 1.633 1.841 1.884 1.759 1.478 1.674 1.723 1.617 1.366 0.995 1.000 13.312 12.534 15.978 18.009 18.431 17.205 14.458 16.379 16.852 15.817 13.367 9.733 9.782 0.037 0.053 0.067 0.076 0.077 0.072 0.061 0.069 0.071 0.066 0.056 0.034 0.261
19.449 0.693 6.302 28275.902 0.944 14.901 1.368 1.289 1.637 1.842 1.884 1.759 1.480 1.673 1.719 1.613 1.364 0.995 1.000 14.125 13.307 16.902 19.017 19.449 18.158 15.277 17.268 17.747 16.652 14.081 10.275 10.324 0.037 0.053 0.067 0.076 0.077 0.072 0.061 0.069 0.071 0.066 0.056 0.034 0.261
20.467 0.697 6.310 29627.417 0.945 15.719 1.362 1.284 1.626 1.827 1.868 1.745 1.471 1.661 1.707 1.603 1.358 0.996 1.000 14.922 14.067 17.815 20.019 20.467 19.122 16.118 18.198 18.700 17.561 14.880 10.907 10.955 0.037 0.053 0.067 0.075 0.077 0.072 0.061 0.069 0.070 0.066 0.056 0.034 0.262
21.486 0.701 6.318 30979.325 0.947 16.538 1.357 1.279 1.616 1.814 1.854 1.733 1.464 1.651 1.696 1.594 1.353 0.996 1.000 15.718 14.825 18.726 21.019 21.486 20.086 16.960 19.129 19.654 18.471 15.680 11.540 11.587 0.037 0.053 0.067 0.075 0.077 0.072 0.061 0.068 0.070 0.066 0.056 0.034 0.263
22.504 0.703 6.322 31811.989 0.947 17.365 1.337 1.263 1.596 1.796 1.843 1.735 1.482 1.659 1.697 1.591 1.350 0.996 1.000 16.317 15.414 19.482 21.920 22.504 21.184 18.092 20.249 20.711 19.418 16.480 12.162 12.207 0.037 0.052 0.066 0.075 0.077 0.072 0.062 0.069 0.071 0.066 0.056 0.035 0.264
23.522 0.705 6.325 32473.974 0.948 18.199 1.318 1.247 1.577 1.778 1.832 1.736 1.498 1.664 1.695 1.586 1.346 0.996 1.000 16.918 16.006 20.239 22.822 23.522 22.283 19.225 21.366 21.764 20.363 17.281 12.786 12.837 0.037 0.052 0.066 0.074 0.076 0.072 0.062 0.069 0.071 0.066 0.056 0.035 0.264
24.541 0.707 6.327 33134.174 0.948 19.029 1.303 1.234 1.561 1.764 1.824 1.737 1.512 1.670 1.695 1.583 1.343 0.996 1.000 17.531 16.608 21.005 23.729 24.541 23.375 20.346 22.469 22.801 21.293 18.067 13.399 13.454 0.036 0.051 0.065 0.074 0.076 0.072 0.063 0.070 0.071 0.066 0.056 0.035 0.265
25.559 0.697 6.312 33515.476 0.946 19.747 1.347 1.277 1.600 1.799 1.856 1.768 1.542 1.689 1.705 1.586 1.344 0.996 1.000 18.545 17.592 22.037 24.771 25.559 24.341 21.231 23.255 23.473 21.847 18.503 13.723 13.771 0.037 0.053 0.066 0.074 0.077 0.073 0.064 0.070 0.070 0.065 0.055 0.034 0.262
26.578 0.679 6.281 33582.428 0.941 20.392 1.440 1.368 1.684 1.873 1.919 1.820 1.583 1.717 1.722 1.595 1.347 0.997 1.000 19.941 18.949 23.318 25.934 26.578 25.199 21.923 23.777 23.840 22.087 18.651 13.810 13.848 0.039 0.055 0.068 0.076 0.077 0.073 0.064 0.069 0.070 0.064 0.054 0.034 0.256
27.596 0.659 6.242 33617.581 0.935 21.050 1.542 1.467 1.775 1.954 1.988 1.876 1.626 1.747 1.740 1.605 1.351 0.998 1.000 21.400 20.368 24.641 27.119 27.596 26.037 22.577 24.253 24.158 22.278 18.753 13.859 13.881 0.041 0.058 0.070 0.077 0.078 0.074 0.064 0.069 0.069 0.063 0.053 0.033 0.250
28.614 0.643 6.208 33700.596 0.930 21.736 1.631 1.554 1.854 2.022 2.046 1.923 1.664 1.773 1.755 1.612 1.354 0.999 1.000 22.805 21.737 25.927 28.283 28.614 26.897 23.274 24.789 24.548 22.547 18.930 13.973 13.985 0.042 0.060 0.072 0.078 0.079 0.074 0.064 0.069 0.068 0.062 0.052 0.032 0.246
29.633 0.629 6.174 33802.293 0.925 22.449 1.712 1.634 1.926 2.085 2.099 1.967 1.699 1.796 1.769 1.619 1.356 1.000 1.000 24.178 23.077 27.191 29.435 29.633 27.769 23.994 25.358 24.977 22.857 19.145 14.117 14.120 0.043 0.062 0.073 0.079 0.080 0.075 0.065 0.068 0.067 0.062 0.052 0.032 0.242
30.651 0.617 6.145 33940.465 0.920 23.177 1.782 1.703 1.986 2.136 2.142 2.003 1.730 1.815 1.780 1.623 1.357 1.000 1.000 25.502 24.372 28.421 30.569 30.651 28.660 24.749 25.976 25.465 23.229 19.419 14.312 14.308 0.045 0.064 0.074 0.080 0.080 0.075 0.065 0.068 0.067 0.061 0.051 0.031 0.238
31.669 0.606 6.114 34063.932 0.916 23.902 1.850 1.771 2.046 2.187 2.185 2.039 1.760 1.835 1.791 1.629 1.359 1.001 1.000 26.792 25.634 29.617 31.669 31.636 29.519 25.476 26.569 25.930 23.580 19.676 14.492 14.478 0.046 0.065 0.076 0.081 0.081 0.075 0.065 0.068 0.066 0.060 0.050 0.031 0.235
32.688 0.597 6.091 34208.715 0.912 24.588 1.904 1.824 2.092 2.226 2.218 2.066 1.784 1.850 1.799 1.632 1.360 1.001 1.000 27.961 26.781 30.712 32.688 32.561 30.340 26.186 27.164 26.413 23.961 19.965 14.701 14.682 0.046 0.067 0.077 0.082 0.081 0.076 0.065 0.068 0.066 0.060 0.050 0.031 0.232
33.706 0.590 6.070 34373.396 0.909 25.283 1.952 1.872 2.132 2.260 2.246 2.090 1.805 1.863 1.806 1.634 1.360 1.001 1.000 29.116 27.916 31.800 33.706 33.494 31.177 26.919 27.788 26.928 24.373 20.284 14.937 14.914 0.047 0.068 0.077 0.082 0.081 0.076 0.066 0.068 0.066 0.059 0.049 0.030 0.230
34.724 0.582 6.048 34524.150 0.906 25.993 2.001 1.920 2.173 2.295 2.275 2.115 1.827 1.877 1.813 1.637 1.361 1.002 1.000 30.275 29.053 32.889 34.724 34.425 32.009 27.645 28.403 27.435 24.777 20.594 15.162 15.133 0.048 0.069 0.078 0.082 0.082 0.076 0.066 0.068 0.065 0.059 0.049 0.030 0.228
35.743 0.576 6.028 34690.445 0.903 26.709 2.044 1.963 2.210 2.325 2.300 2.137 1.847 1.889 1.819 1.640 1.361 1.002 1.000 31.423 30.182 33.974 35.743 35.362 32.853 28.388 29.041 27.965 25.206 20.927 15.407 15.373 0.049 0.070 0.079 0.083 0.082 0.076 0.066 0.067 0.065 0.059 0.049 0.030 0.226
36.761 0.570 6.011 34871.019 0.900 27.429 2.083 2.002 2.242 2.352 2.322 2.156 1.864 1.900 1.824 1.641 1.361 1.002 1.000 32.562 31.303 35.054 36.761 36.304 33.708 29.146 29.697 28.517 25.656 21.281 15.670 15.633 0.049 0.071 0.079 0.083 0.082 0.076 0.066 0.067 0.065 0.058 0.048 0.030 0.225
37.780 0.564 5.993 35042.383 0.898 28.161 2.122 2.041 2.275 2.378 2.345 2.176 1.882 1.911 1.830 1.643 1.362 1.003 1.000 33.702 32.425 36.134 37.780 37.245 34.560 29.900 30.349 29.065 26.102 21.630 15.927 15.884 0.050 0.072 0.080 0.084 0.082 0.077 0.066 0.067 0.064 0.058 0.048 0.029 0.223
38.798 0.560 5.979 35241.014 0.896 28.886 2.154 2.074 2.301 2.400 2.362 2.191 1.897 1.919 1.833 1.644 1.361 1.003 1.000 34.829 33.535 37.208 38.798 38.193 35.428 30.679 31.030 29.645 26.581 22.011 16.214 16.169 0.050 0.072 0.080 0.084 0.083 0.077 0.066 0.067 0.064 0.058 0.048 0.029 0.222
39.816 0.555 5.964 35429.835 0.893 29.622 2.187 2.107 2.328 2.421 2.380 2.207 1.913 1.928 1.838 1.645 1.361 1.003 1.000 35.958 34.648 38.283 39.816 39.141 36.293 31.452 31.706 30.219 27.054 22.386 16.493 16.445 0.051 0.073 0.081 0.084 0.083 0.077 0.067 0.067 0.064 0.057 0.047 0.029 0.221
40.835 0.551 5.952 35631.689 0.892 30.353 2.216 2.136 2.352 2.440 2.396 2.221 1.926 1.936 1.841 1.646 1.361 1.003 1.000 37.082 35.756 39.356 40.835 40.091 37.164 32.234 32.393 30.808 27.542 22.775 16.786 16.736 0.051 0.074 0.081 0.084 0.083 0.077 0.067 0.067 0.064 0.057 0.047 0.029 0.220
41.853 0.585 6.046 36066.461 0.906 31.414 2.069 1.997 2.195 2.279 2.243 2.089 1.827 1.841 1.760 1.586 1.329 1.002 1.000 37.988 36.676 40.314 41.853 41.193 38.368 33.546 33.812 32.319 29.126 24.398 18.406 18.363 0.050 0.072 0.079 0.082 0.081 0.075 0.066 0.066 0.064 0.057 0.048 0.030 0.229
42.871 0.627 6.159 36539.070 0.923 32.685 1.893 1.830 2.011 2.091 2.065 1.936 1.709 1.731 1.666 1.517 1.292 1.002 1.000 38.819 37.532 41.232 42.871 42.348 39.687 35.044 35.490 34.164 31.112 26.487 20.543 20.504 0.048 0.070 0.076 0.079 0.079 0.074 0.065 0.066 0.063 0.058 0.049 0.032 0.241
43.890 0.660 6.238 36956.045 0.935 33.912 1.774 1.717 1.884 1.961 1.942 1.829 1.627 1.653 1.600 1.468 1.265 1.002 1.000 39.698 38.429 42.175 43.890 43.469 40.933 36.425 37.009 35.811 32.868 28.323 22.418 22.382 0.047 0.068 0.074 0.077 0.077 0.072 0.064 0.065 0.063 0.058 0.050 0.033 0.251
44.908 0.685 6.296 37302.313 0.943 35.100 1.688 1.636 1.793 1.867 1.853 1.751 1.568 1.597 1.551 1.432 1.246 1.001 1.000 40.614 39.358 43.138 44.908 44.564 42.122 37.716 38.405 37.305 34.446 29.963 24.087 24.053 0.046 0.066 0.073 0.076 0.075 0.071 0.064 0.065 0.063 0.058 0.051 0.034 0.258
45.927 0.710 6.348 37336.845 0.951 36.327 1.610 1.562 1.710 1.781 1.771 1.680 1.513 1.544 1.505 1.398 1.227 1.001 1.000 41.526 40.284 44.099 45.927 45.661 43.315 39.016 39.815 38.819 36.052 31.639 25.803 25.786 0.045 0.065 0.071 0.074 0.074 0.070 0.063 0.064 0.063 0.058 0.051 0.035 0.265
46.945 0.729 6.387 37369.167 0.957 37.515 1.552 1.507 1.647 1.716 1.708 1.625 1.471 1.504 1.470 1.372 1.212 1.000 1.000 42.465 41.233 45.075 46.945 46.740 44.468 40.251 41.136 40.221 37.526 33.170 27.365 27.360 0.044 0.064 0.070 0.073 0.073 0.069 0.063 0.064 0.063 0.059 0.052 0.036 0.271
47.963 0.745 6.417 37399.550 0.961 38.668 1.508 1.465 1.599 1.665 1.660 1.583 1.439 1.472 1.442 1.350 1.201 1.000 1.000 43.426 42.200 46.061 47.963 47.803 45.587 41.432 42.383 41.531 38.891 34.577 28.794 28.799 0.044 0.063 0.069 0.072 0.072 0.069 0.062 0.064 0.063 0.059 0.052 0.036 0.275
48.982 0.760 6.444 37430.421 0.965 39.826 1.467 1.426 1.555 1.619 1.615 1.544 1.408 1.442 1.416 1.331 1.190 0.999 1.000 44.383 43.164 47.046 48.982 48.868 46.711 42.620 43.639 42.852 40.270 36.002 30.246 30.261 0.043 0.063 0.068 0.071 0.071 0.068 0.062 0.064 0.062 0.059 0.052 0.037 0.280
50.000 0.772 6.465 37459.658 0.968 40.954 1.435 1.396 1.520 1.582 1.579 1.512 1.384 1.418 1.395 1.315 1.181 0.999 1.000 45.357 44.143 48.040 50.000 49.921 47.807 43.764 44.836 44.098 41.561 37.327 31.589 31.613 0.043 0.062 0.068 0.071 0.070 0.067 0.062 0.063 0.062 0.059 0.053 0.037 0.283
