0.100 1.049 13.223 1008.785 0.995 0.091 0.997 0.983 0.968 0.969 0.985 0.990 1.013 1.025 1.027 1.016 0.897 0.897 0.891 0.872 0.864 0.863 0.865 0.870 0.870 0.876 0.876 1.045 1.016 1.000 0.095 0.094 0.093 0.093 0.094 0.095 0.097 0.098 0.098 0.097 0.086 0.086 0.085 0.083 0.083 0.083 0.083 0.083 0.083 0.084 0.084 0.100 0.097 0.096 0.010 0.058 0.006 0.059 0.062 0.014 0.115 0.020 0.018 0.116 0.012 0.058 0.018 0.052 0.050 0.008 0.055 0.052 0.011 0.056 0.015 0.023 0.060 0.052
1.118 1.049 13.223 11281.921 0.995 1.020 0.997 0.983 0.968 0.969 0.985 0.990 1.013 1.025 1.027 1.016 0.897 0.897 0.891 0.872 0.864 0.863 0.865 0.870 0.870 0.876 0.876 1.045 1.016 1.000 1.067 1.052 1.035 1.037 1.054 1.059 1.084 1.097 1.099 1.087 0.959 0.959 0.953 0.933 0.924 0.923 0.925 0.931 0.931 0.937 0.937 1.118 1.087 1.070 0.010 0.058 0.006 0.059 0.062 0.014 0.115 0.020 0.018 0.116 0.012 0.058 0.018 0.052 0.050 0.008 0.055 0.052 0.011 0.056 0.015 0.023 0.060 0.052
2.137 1.049 13.223 21555.058 0.995 1.948 0.997 0.983 0.968 0.969 0.985 0.990 1.013 1.025 1.027 1.016 0.897 0.897 0.891 0.872 0.864 0.863 0.865 0.870 0.870 0.876 0.876 1.045 1.016 1.000 2.038 2.010 1.978 1.981 2.013 2.023 2.071 2.097 2.100 2.077 1.833 1.833 1.821 1.782 1.765 1.764 1.768 1.779 1.779 1.791 1.790 2.137 2.077 2.044 0.010 0.058 0.006 0.059 0.062 0.014 0.115 0.020 0.018 0.116 0.012 0.058 0.018 0.052 0.050 0.008 0.055 0.052 0.011 0.056 0.015 0.023 0.060 0.052
3.155 1.049 13.223 31828.194 0.995 2.877 0.997 0.983 0.968 0.969 0.985 0.990 1.013 1.025 1.027 1.016 0.897 0.897 0.891 0.872 0.864 0.863 0.865 0.870 0.870 0.876 0.876 1.045 1.016 1.000 3.010 2.968 2.921 2.925 2.973 2.987 3.058 3.096 3.101 3.067 2.707 2.707 2.689 2.632 2.607 2.604 2.610 2.627 2.627 2.644 2.643 3.155 3.067 3.019 0.010 0.058 0.006 0.059 0.062 0.014 0.115 0.020 0.018 0.116 0.012 0.058 0.018 0.052 0.050 0.008 0.055 0.052 0.011 0.056 0.015 0.023 0.060 0.052
4.173 1.049 13.223 42101.331 0.995 3.806 0.997 0.983 0.968 0.969 0.985 0.990 1.013 1.025 1.027 1.016 0.897 0.897 0.891 0.872 0.864 0.863 0.865 0.870 0.870 0.876 0.876 1.045 1.016 1.000 3.981 3.926 3.864 3.869 3.933 3.951 4.045 4.095 4.102 4.057 3.580 3.581 3.557 3.481 3.448 3.445 3.453 3.475 3.475 3.497 3.496 4.173 4.057 3.993 0.010 0.058 0.006 0.059 0.062 0.014 0.115 0.020 0.018 0.116 0.012 0.058 0.018 0.052 0.050 0.008 0.055 0.052 0.011 0.056 0.015 0.023 0.060 0.052
5.192 1.049 13.223 52374.467 0.995 4.734 0.997 0.983 0.968 0.969 0.985 0.990 1.013 1.025 1.027 1.016 0.897 0.897 0.891 0.872 0.864 0.863 0.865 0.870 0.870 0.876 0.876 1.045 1.016 1.000 4.953 4.883 4.807 4.813 4.892 4.915 5.032 5.094 5.102 5.047 4.454 4.454 4.424 4.330 4.289 4.285 4.295 4.323 4.323 4.351 4.350 5.192 5.046 4.967 0.010 0.058 0.006 0.059 0.062 0.014 0.115 0.020 0.018 0.116 0.012 0.058 0.018 0.052 0.050 0.008 0.055 0.052 0.011 0.056 0.015 0.023 0.060 0.052
6.210 1.049 13.223 62647.604 0.995 5.663 0.997 0.983 0.968 0.969 0.985 0.990 1.013 1.025 1.027 1.016 0.897 0.897 0.891 0.872 0.864 0.863 0.865 0.870 0.870 0.876 0.876 1.045 1.016 1.000 5.924 5.841 5.750 5.757 5.852 5.879 6.018 6.093 6.103 6.037 5.328 5.328 5.292 5.180 5.131 5.126 5.138 5.171 5.171 5.204 5.203 6.210 6.036 5.942 0.010 0.058 0.006 0.059 0.062 0.014 0.115 0.020 0.018 0.116 0.012 0.058 0.018 0.052 0.050 0.008 0.055 0.052 0.011 0.056 0.015 0.023 0.060 0.052
7.229 1.049 13.223 72920.740 0.995 6.592 0.997 0.983 0.968 0.969 0.985 0.990 1.013 1.025 1.027 1.016 0.897 0.897 0.891 0.872 0.864 0.863 0.865 0.870 0.870 0.876 0.876 1.045 1.016 1.000 6.896 6.799 6.693 6.701 6.812 6.844 7.005 7.092 7.104 7.027 6.201 6.202 6.160 6.029 5.972 5.967 5.980 6.018 6.019 6.058 6.056 7.229 7.026 6.916 0.010 0.058 0.006 0.059 0.062 0.014 0.115 0.020 0.018 0.116 0.012 0.058 0.018 0.052 0.050 0.008 0.055 0.052 0.011 0.056 0.015 0.023 0.060 0.052
8.247 1.049 13.223 83193.877 0.995 7.520 0.997 0.983 0.968 0.969 0.985 0.990 1.013 1.025 1.027 1.016 0.897 0.897 0.891 0.872 0.864 0.863 0.865 0.870 0.870 0.876 0.876 1.045 1.016 1.000 7.867 7.757 7.635 7.646 7.771 7.808 7.992 8.092 8.105 8.017 7.075 7.075 7.028 6.879 6.814 6.807 6.823 6.866 6.867 6.911 6.909 8.247 8.016 7.891 0.010 0.058 0.006 0.059 0.062 0.014 0.115 0.020 0.018 0.116 0.012 0.058 0.018 0.052 0.050 0.008 0.055 0.052 0.011 0.056 0.015 0.023 0.060 0.052
9.265 1.049 13.223 93467.013 0.995 8.449 0.997 0.983 0.968 0.969 0.985 0.990 1.013 1.025 1.027 1.016 0.897 0.897 0.891 0.872 0.864 0.863 0.865 0.870 0.870 0.876 0.876 1.045 1.016 1.000 8.838 8.715 8.578 8.590 8.731 8.772 8.979 9.091 9.106 9.007 7.949 7.949 7.896 7.728 7.655 7.648 7.666 7.714 7.715 7.764 7.762 9.265 9.006 8.865 0.010 0.058 0.006 0.059 0.062 0.014 0.115 0.020 0.018 0.116 0.012 0.058 0.018 0.052 0.050 0.008 0.055 0.052 0.011 0.056 0.015 0.023 0.060 0.052
10.284 1.049 13.223 103740.091 0.995 9.378 0.997 0.983 0.968 0.969 0.985 0.990 1.013 1.025 1.027 1.016 0.897 0.897 0.891 0.872 0.864 0.863 0.865 0.870 0.870 0.876 0.876 1.045 1.016 1.000 9.810 9.673 9.521 9.534 9.690 9.736 9.966 10.090 10.107 9.997 8.822 8.823 8.764 8.578 8.496 8.488 8.508 8.562 8.563 8.618 8.615 10.284 9.996 9.839 0.010 0.058 0.006 0.059 0.062 0.014 0.115 0.020 0.018 0.116 0.012 0.058 0.018 0.052 0.050 0.008 0.055 0.052 0.011 0.056 0.015 0.023 0.060 0.052
11.302 1.049 13.223 113936.938 0.995 10.306 0.997 0.983 0.968 0.969 0.985 0.990 1.013 1.025 1.027 1.016 0.897 0.897 0.891 0.872 0.864 0.863 0.865 0.870 0.870 0.876 0.876 1.045 1.016 1.000 10.779 10.630 10.465 10.479 10.650 10.700 10.953 11.089 11.107 10.987 9.696 9.697 9.631 9.427 9.338 9.329 9.351 9.410 9.411 9.471 9.468 11.302 10.985 10.814 0.010 0.058 0.006 0.059 0.062 0.014 0.115 0.020 0.018 0.116 0.012 0.058 0.018 0.052 0.050 0.008 0.055 0.052 0.011 0.056 0.015 0.023 0.060 0.052
12.320 1.049 13.225 123916.518 0.995 11.234 0.996 0.982 0.967 0.968 0.984 0.989 1.012 1.025 1.027 1.016 0.898 0.898 0.892 0.874 0.865 0.865 0.867 0.872 0.872 0.878 0.878 1.046 1.016 1.000 11.733 11.573 11.397 11.411 11.597 11.652 11.928 12.077 12.098 11.969 10.585 10.586 10.516 10.294 10.197 10.187 10.211 10.277 10.279 10.346 10.343 12.320 11.973 11.784 0.010 0.058 0.006 0.059 0.061 0.014 0.115 0.020 0.018 0.115 0.012 0.058 0.018 0.052 0.050 0.008 0.055 0.053 0.011 0.056 0.015 0.023 0.060 0.052
13.339 1.052 13.226 130979.708 0.996 12.170 0.992 0.978 0.964 0.965 0.981 0.985 1.008 1.020 1.022 1.011 0.896 0.896 0.890 0.871 0.863 0.862 0.864 0.870 0.870 0.876 0.875 1.042 1.015 1.000 12.698 12.528 12.341 12.357 12.556 12.614 12.907 13.062 13.088 12.951 11.474 11.475 11.398 11.156 11.051 11.041 11.067 11.137 11.139 11.212 11.209 13.339 12.994 12.806 0.010 0.058 0.006 0.059 0.061 0.014 0.115 0.020 0.018 0.115 0.012 0.058 0.018 0.053 0.050 0.008 0.056 0.053 0.011 0.056 0.015 0.023 0.060 0.052
14.357 1.054 13.226 137076.396 0.996 13.116 0.990 0.977 0.963 0.964 0.979 0.983 1.005 1.017 1.019 1.008 0.895 0.895 0.888 0.869 0.861 0.860 0.862 0.867 0.867 0.873 0.873 1.038 1.013 1.000 13.693 13.515 13.318 13.335 13.541 13.601 13.901 14.060 14.087 13.941 12.372 12.373 12.280 12.019 11.904 11.893 11.921 11.996 11.997 12.079 12.077 14.357 14.016 13.830 0.010 0.058 0.006 0.059 0.062 0.014 0.115 0.020 0.018 0.115 0.012 0.058 0.018 0.052 0.050 0.008 0.055 0.053 0.011 0.056 0.015 0.023 0.060 0.052
15.376 1.056 13.227 141295.769 0.996 14.064 0.989 0.976 0.962 0.963 0.978 0.982 1.002 1.013 1.015 1.005 0.893 0.893 0.887 0.869 0.861 0.860 0.862 0.867 0.867 0.873 0.873 1.035 1.012 1.000 14.683 14.497 14.290 14.307 14.520 14.581 14.888 15.051 15.076 14.923 13.266 13.267 13.171 12.903 12.786 12.774 12.802 12.879 12.880 12.962 12.959 15.376 15.036 14.851 0.010 0.058 0.006 0.059 0.062 0.014 0.115 0.020 0.018 0.115 0.012 0.058 0.018 0.053 0.050 0.008 0.056 0.053 0.011 0.056 0.015 0.023 0.060 0.052
16.394 1.058 13.229 145380.004 0.996 15.000 0.986 0.974 0.960 0.961 0.975 0.979 0.999 1.009 1.011 1.001 0.891 0.892 0.886 0.868 0.861 0.860 0.862 0.867 0.867 0.872 0.872 1.033 1.012 1.000 15.649 15.455 15.239 15.257 15.477 15.540 15.855 16.022 16.049 15.889 14.150 14.150 14.055 13.781 13.662 13.650 13.679 13.759 13.761 13.843 13.840 16.394 16.057 15.872 0.010 0.058 0.006 0.059 0.061 0.014 0.114 0.020 0.018 0.115 0.012 0.058 0.018 0.053 0.050 0.008 0.056 0.053 0.011 0.056 0.015 0.023 0.060 0.052
17.412 1.059 13.230 149517.773 0.996 15.949 0.985 0.973 0.960 0.961 0.974 0.978 0.997 1.007 1.009 0.999 0.891 0.891 0.885 0.868 0.861 0.860 0.862 0.867 0.867 0.872 0.871 1.031 1.011 1.000 16.638 16.436 16.209 16.228 16.455 16.520 16.841 17.012 17.038 16.871 15.044 15.045 14.947 14.666 14.544 14.531 14.561 14.642 14.643 14.726 14.722 17.412 17.077 16.893 0.010 0.058 0.006 0.059 0.061 0.014 0.114 0.020 0.018 0.115 0.012 0.058 0.018 0.053 0.050 0.008 0.056 0.053 0.011 0.056 0.015 0.023 0.060 0.052
18.431 1.061 13.231 153537.330 0.996 16.882 0.982 0.971 0.958 0.959 0.972 0.975 0.994 1.004 1.005 0.995 0.889 0.889 0.884 0.868 0.861 0.860 0.862 0.866 0.866 0.871 0.871 1.029 1.010 1.000 17.598 17.389 17.154 17.173 17.408 17.474 17.804 17.979 18.008 17.834 15.925 15.926 15.829 15.543 15.418 15.406 15.437 15.521 15.523 15.607 15.602 18.431 18.098 17.915 0.010 0.058 0.006 0.059 0.061 0.014 0.114 0.020 0.018 0.114 0.012 0.058 0.018 0.053 0.050 0.008 0.056 0.053 0.011 0.056 0.015 0.023 0.060 0.053
19.449 1.062 13.232 157263.211 0.996 17.830 0.981 0.970 0.957 0.958 0.971 0.975 0.992 1.002 1.003 0.994 0.888 0.888 0.883 0.868 0.861 0.860 0.862 0.866 0.866 0.871 0.871 1.027 1.010 1.000 18.575 18.364 18.128 18.148 18.385 18.453 18.789 18.969 18.997 18.815 16.819 16.820 16.721 16.428 16.300 16.287 16.318 16.403 16.405 16.489 16.484 19.449 19.118 18.935 0.010 0.058 0.006 0.059 0.061 0.014 0.114 0.020 0.018 0.114 0.012 0.058 0.018 0.053 0.050 0.008 0.056 0.053 0.011 0.056 0.015 0.023 0.060 0.053
20.467 1.061 13.236 160599.051 0.996 18.793 0.980 0.969 0.957 0.958 0.970 0.974 0.991 1.000 1.001 0.992 0.892 0.892 0.887 0.872 0.865 0.864 0.866 0.870 0.870 0.875 0.874 1.026 1.009 1.000 19.534 19.322 19.085 19.105 19.346 19.415 19.759 19.942 19.971 19.787 17.781 17.782 17.680 17.380 17.249 17.237 17.269 17.355 17.357 17.443 17.438 20.467 20.128 19.941 0.010 0.058 0.006 0.059 0.061 0.014 0.114 0.020 0.018 0.114 0.012 0.058 0.018 0.053 0.050 0.008 0.056 0.053 0.011 0.056 0.015 0.023 0.060 0.053
21.486 1.056 13.242 163842.838 0.997 19.821 0.982 0.972 0.961 0.962 0.973 0.977 0.994 1.003 1.004 0.995 0.900 0.900 0.895 0.881 0.874 0.874 0.875 0.880 0.880 0.884 0.884 1.027 1.009 1.000 20.557 20.343 20.105 20.125 20.371 20.441 20.794 20.982 21.013 20.831 18.837 18.838 18.735 18.428 18.295 18.282 18.315 18.405 18.407 18.496 18.491 21.486 21.124 20.926 0.010 0.058 0.006 0.058 0.061 0.014 0.114 0.020 0.018 0.114 0.012 0.058 0.018 0.053 0.051 0.008 0.056 0.053 0.011 0.057 0.015 0.023 0.060 0.052
22.504 1.050 13.247 167133.297 0.997 20.866 0.986 0.976 0.965 0.966 0.978 0.981 0.997 1.006 1.008 0.999 0.909 0.909 0.904 0.889 0.883 0.882 0.884 0.888 0.888 0.892 0.892 1.027 1.010 1.000 21.608 21.392 21.154 21.174 21.422 21.494 21.853 22.045 22.075 21.892 19.906 19.907 19.798 19.484 19.346 19.332 19.366 19.456 19.458 19.549 19.544 22.504 22.120 21.910 0.010 0.058 0.006 0.058 0.061 0.014 0.113 0.020 0.018 0.114 0.012 0.058 0.018 0.053 0.051 0.008 0.057 0.053 0.011 0.057 0.015 0.023 0.060 0.052
23.522 1.046 13.251 170359.010 0.997 21.889 0.988 0.979 0.968 0.969 0.980 0.983 0.999 1.008 1.009 1.001 0.915 0.915 0.910 0.896 0.890 0.890 0.891 0.895 0.895 0.900 0.899 1.027 1.010 1.000 22.623 22.406 22.166 22.186 22.440 22.513 22.882 23.079 23.111 22.929 20.955 20.956 20.847 20.525 20.385 20.372 20.406 20.501 20.503 20.598 20.593 23.522 23.117 22.896 0.010 0.058 0.006 0.058 0.061 0.014 0.113 0.020 0.018 0.113 0.012 0.059 0.018 0.054 0.051 0.008 0.057 0.054 0.011 0.057 0.015 0.023 0.059 0.052
24.541 1.042 13.255 173609.382 0.998 22.929 0.991 0.982 0.972 0.973 0.983 0.986 1.002 1.011 1.012 1.004 0.922 0.922 0.917 0.903 0.897 0.897 0.898 0.902 0.902 0.906 0.906 1.027 1.010 1.000 23.668 23.449 23.209 23.229 23.485 23.560 23.935 24.136 24.167 23.985 22.017 22.018 21.903 21.573 21.429 21.415 21.450 21.545 21.547 21.644 21.640 24.541 24.116 23.885 0.010 0.058 0.006 0.058 0.061 0.014 0.113 0.020 0.018 0.113 0.012 0.059 0.018 0.054 0.051 0.008 0.057 0.054 0.011 0.057 0.015 0.022 0.059 0.051
25.559 1.040 13.257 175435.562 0.998 23.953 0.992 0.983 0.973 0.974 0.984 0.987 1.003 1.011 1.012 1.005 0.926 0.926 0.921 0.907 0.901 0.901 0.902 0.906 0.906 0.910 0.910 1.026 1.009 1.000 24.696 24.475 24.234 24.254 24.514 24.590 24.970 25.171 25.204 25.021 23.052 23.053 22.933 22.595 22.447 22.432 22.467 22.563 22.565 22.665 22.661 25.559 25.134 24.901 0.010 0.058 0.006 0.058 0.061 0.014 0.113 0.020 0.018 0.113 0.012 0.059 0.018 0.054 0.051 0.008 0.057 0.054 0.012 0.057 0.015 0.022 0.059 0.051
26.578 1.038 13.259 176764.688 0.998 24.960 0.992 0.983 0.974 0.974 0.985 0.988 1.002 1.010 1.011 1.004 0.929 0.929 0.924 0.911 0.905 0.904 0.906 0.910 0.910 0.914 0.914 1.025 1.009 1.000 25.700 25.480 25.239 25.259 25.520 25.596 25.979 26.181 26.217 26.035 24.068 24.069 23.949 23.604 23.454 23.440 23.476 23.576 23.578 23.682 23.679 26.578 26.152 25.920 0.010 0.058 0.006 0.058 0.061 0.013 0.112 0.019 0.018 0.113 0.012 0.059 0.018 0.054 0.051 0.008 0.057 0.054 0.012 0.057 0.015 0.022 0.059 0.051
27.596 1.036 13.261 177333.920 0.998 25.991 0.993 0.985 0.976 0.976 0.986 0.989 1.003 1.011 1.012 1.005 0.932 0.932 0.927 0.914 0.909 0.908 0.910 0.913 0.913 0.917 0.917 1.024 1.009 1.000 26.744 26.524 26.282 26.302 26.563 26.639 27.019 27.222 27.255 27.073 25.109 25.109 24.980 24.632 24.479 24.464 24.501 24.601 24.602 24.708 24.704 27.596 27.169 26.936 0.010 0.058 0.006 0.058 0.061 0.013 0.112 0.019 0.017 0.113 0.012 0.059 0.019 0.054 0.052 0.008 0.057 0.054 0.012 0.058 0.015 0.022 0.059 0.051
28.614 1.034 13.263 177449.413 0.998 27.023 0.994 0.986 0.977 0.978 0.987 0.990 1.004 1.011 1.012 1.006 0.935 0.935 0.931 0.918 0.913 0.912 0.913 0.917 0.917 0.921 0.921 1.024 1.008 1.000 27.785 27.564 27.323 27.343 27.602 27.678 28.057 28.259 28.290 28.108 26.145 26.146 26.015 25.665 25.512 25.496 25.532 25.631 25.632 25.737 25.733 28.614 28.186 27.952 0.010 0.057 0.006 0.058 0.061 0.013 0.112 0.019 0.017 0.112 0.012 0.059 0.019 0.054 0.052 0.008 0.058 0.054 0.012 0.058 0.015 0.022 0.059 0.051
29.633 1.033 13.265 177562.208 0.998 28.030 0.994 0.986 0.978 0.978 0.987 0.990 1.003 1.010 1.011 1.005 0.938 0.938 0.933 0.921 0.916 0.915 0.917 0.920 0.920 0.924 0.924 1.023 1.008 1.000 28.783 28.563 28.321 28.341 28.602 28.678 29.060 29.262 29.297 29.116 27.159 27.160 27.033 26.684 26.532 26.517 26.554 26.654 26.656 26.762 26.758 29.633 29.203 28.969 0.010 0.057 0.006 0.058 0.061 0.013 0.112 0.019 0.017 0.112 0.012 0.059 0.019 0.054 0.052 0.008 0.058 0.054 0.012 0.058 0.015 0.022 0.059 0.051
30.651 1.032 13.266 177677.503 0.999 29.060 0.995 0.987 0.979 0.980 0.988 0.991 1.004 1.010 1.012 1.005 0.940 0.940 0.936 0.924 0.919 0.919 0.920 0.923 0.923 0.927 0.927 1.022 1.008 1.000 29.822 29.601 29.359 29.380 29.639 29.715 30.096 30.298 30.330 30.149 28.193 28.194 28.065 27.715 27.562 27.547 27.584 27.682 27.684 27.789 27.785 30.651 30.220 29.984 0.010 0.057 0.006 0.058 0.061 0.013 0.112 0.019 0.017 0.112 0.012 0.059 0.019 0.054 0.052 0.008 0.058 0.055 0.012 0.058 0.016 0.022 0.058 0.051
31.669 1.030 13.268 177792.695 0.999 30.089 0.995 0.988 0.981 0.981 0.990 0.992 1.004 1.011 1.012 1.006 0.943 0.943 0.939 0.927 0.922 0.922 0.923 0.926 0.926 0.930 0.929 1.022 1.008 1.000 30.859 30.638 30.396 30.417 30.676 30.751 31.130 31.332 31.363 31.181 29.226 29.227 29.096 28.745 28.592 28.576 28.612 28.710 28.712 28.815 28.811 31.669 31.236 31.000 0.010 0.057 0.006 0.058 0.061 0.013 0.112 0.019 0.017 0.112 0.012 0.059 0.019 0.055 0.052 0.008 0.058 0.055 0.012 0.058 0.016 0.022 0.058 0.051
32.688 1.030 13.269 177904.967 0.999 31.092 0.995 0.988 0.980 0.981 0.989 0.991 1.003 1.010 1.011 1.005 0.944 0.944 0.940 0.930 0.925 0.924 0.925 0.929 0.929 0.932 0.932 1.021 1.007 1.000 31.851 31.630 31.388 31.408 31.669 31.746 32.127 32.330 32.365 32.184 30.236 30.236 30.110 29.761 29.608 29.594 29.631 29.731 29.733 29.838 29.834 32.688 32.254 32.018 0.010 0.057 0.006 0.058 0.060 0.013 0.112 0.019 0.017 0.112 0.012 0.059 0.019 0.055 0.052 0.008 0.058 0.055 0.012 0.058 0.016 0.022 0.058 0.051
33.706 1.028 13.270 178020.020 0.999 32.120 0.996 0.989 0.982 0.982 0.990 0.992 1.004 1.010 1.011 1.005 0.947 0.947 0.943 0.932 0.927 0.927 0.928 0.931 0.931 0.934 0.934 1.020 1.007 1.000 32.887 32.666 32.424 32.444 32.704 32.780 33.161 33.363 33.396 33.215 31.267 31.268 31.139 30.789 30.636 30.621 30.658 30.757 30.759 30.863 30.858 33.706 33.271 33.034 0.010 0.057 0.006 0.058 0.060 0.013 0.111 0.019 0.017 0.112 0.012 0.059 0.019 0.055 0.052 0.008 0.058 0.055 0.012 0.058 0.016 0.022 0.058 0.051
34.724 1.027 13.271 178134.996 0.999 33.148 0.996 0.990 0.983 0.983 0.991 0.993 1.004 1.010 1.011 1.006 0.949 0.949 0.945 0.934 0.930 0.929 0.931 0.933 0.933 0.936 0.936 1.020 1.007 1.000 33.922 33.701 33.458 33.479 33.738 33.814 34.193 34.395 34.426 34.245 32.297 32.298 32.168 31.817 31.663 31.648 31.684 31.782 31.784 31.887 31.882 34.724 34.288 34.051 0.010 0.057 0.006 0.058 0.060 0.013 0.111 0.019 0.017 0.112 0.012 0.059 0.019 0.055 0.052 0.008 0.058 0.055 0.012 0.058 0.016 0.022 0.058 0.051
35.743 1.027 13.272 178246.735 0.999 34.146 0.995 0.989 0.982 0.983 0.990 0.992 1.003 1.009 1.010 1.005 0.950 0.950 0.946 0.936 0.932 0.931 0.932 0.935 0.935 0.938 0.938 1.019 1.007 1.000 34.906 34.685 34.443 34.463 34.725 34.802 35.184 35.387 35.424 35.244 33.302 33.303 33.178 32.829 32.677 32.663 32.700 32.801 32.803 32.908 32.904 35.743 35.306 35.069 0.010 0.057 0.006 0.058 0.060 0.013 0.111 0.019 0.017 0.111 0.012 0.060 0.019 0.055 0.052 0.008 0.058 0.055 0.012 0.058 0.016 0.022 0.058 0.051
36.761 1.026 13.273 178361.609 0.999 35.173 0.996 0.990 0.983 0.984 0.991 0.993 1.004 1.009 1.010 1.005 0.951 0.951 0.948 0.938 0.934 0.934 0.935 0.937 0.937 0.940 0.940 1.019 1.007 1.000 35.940 35.719 35.476 35.497 35.758 35.834 36.216 36.419 36.453 36.273 34.331 34.332 34.206 33.856 33.703 33.688 33.725 33.825 33.827 33.931 33.927 36.761 36.324 36.085 0.010 0.057 0.006 0.058 0.060 0.013 0.111 0.019 0.017 0.111 0.012 0.060 0.019 0.055 0.052 0.008 0.058 0.055 0.012 0.058 0.016 0.022 0.058 0.051
37.780 1.025 13.273 178476.425 0.999 36.199 0.997 0.991 0.984 0.985 0.992 0.994 1.004 1.009 1.010 1.005 0.953 0.953 0.950 0.940 0.936 0.936 0.937 0.939 0.939 0.942 0.942 1.018 1.006 1.000 36.973 36.752 36.509 36.529 36.790 36.866 37.247 37.449 37.482 37.302 35.360 35.361 35.233 34.882 34.729 34.713 34.750 34.849 34.851 34.954 34.950 37.780 37.341 37.102 0.010 0.057 0.006 0.058 0.060 0.013 0.111 0.019 0.017 0.111 0.012 0.060 0.019 0.055 0.053 0.008 0.058 0.055 0.012 0.058 0.016 0.022 0.058 0.051
38.798 1.024 13.274 178591.185 0.999 37.225 0.997 0.991 0.985 0.985 0.992 0.994 1.004 1.009 1.010 1.006 0.955 0.955 0.951 0.942 0.938 0.938 0.939 0.941 0.941 0.944 0.944 1.018 1.006 1.000 38.006 37.784 37.541 37.561 37.821 37.897 38.277 38.479 38.511 38.330 36.388 36.389 36.259 35.908 35.754 35.738 35.774 35.873 35.874 35.977 35.972 38.798 38.358 38.118 0.010 0.057 0.006 0.058 0.060 0.013 0.111 0.019 0.017 0.111 0.012 0.060 0.019 0.055 0.053 0.008 0.058 0.055 0.012 0.058 0.016 0.022 0.058 0.051
39.816 1.023 13.275 178705.893 0.999 38.251 0.998 0.992 0.986 0.986 0.993 0.995 1.004 1.010 1.010 1.006 0.956 0.956 0.953 0.944 0.940 0.939 0.940 0.943 0.943 0.945 0.945 1.017 1.006 1.000 39.037 38.815 38.572 38.593 38.852 38.928 39.307 39.509 39.538 39.358 37.416 37.416 37.285 36.933 36.778 36.762 36.798 36.896 36.897 36.999 36.994 39.816 39.375 39.135 0.010 0.057 0.006 0.058 0.060 0.013 0.111 0.019 0.017 0.111 0.012 0.060 0.019 0.055 0.053 0.008 0.059 0.055 0.012 0.059 0.016 0.022 0.058 0.050
40.835 1.023 13.275 178817.000 0.999 39.244 0.997 0.991 0.985 0.985 0.992 0.994 1.003 1.008 1.009 1.005 0.957 0.957 0.954 0.945 0.941 0.941 0.942 0.944 0.944 0.947 0.947 1.017 1.006 1.000 40.014 39.792 39.549 39.569 39.831 39.908 40.291 40.495 40.531 40.351 38.415 38.416 38.291 37.941 37.789 37.774 37.811 37.912 37.914 38.018 38.014 40.835 40.394 40.153 0.010 0.057 0.006 0.058 0.060 0.013 0.111 0.019 0.017 0.111 0.012 0.060 0.019 0.055 0.053 0.008 0.059 0.055 0.012 0.059 0.016 0.022 0.058 0.050
41.853 1.022 13.276 178931.648 0.999 40.269 0.997 0.992 0.986 0.986 0.993 0.994 1.004 1.009 1.009 1.005 0.958 0.958 0.955 0.946 0.943 0.942 0.943 0.946 0.946 0.948 0.948 1.017 1.006 1.000 41.045 40.823 40.579 40.600 40.862 40.938 41.320 41.524 41.558 41.378 39.442 39.443 39.316 38.966 38.813 38.798 38.834 38.935 38.936 39.040 39.035 41.853 41.411 41.170 0.010 0.057 0.006 0.058 0.060 0.013 0.111 0.019 0.017 0.111 0.012 0.060 0.019 0.055 0.053 0.008 0.059 0.055 0.012 0.059 0.016 0.022 0.058 0.050
42.871 1.022 13.276 179046.255 0.999 41.294 0.997 0.992 0.986 0.987 0.993 0.995 1.004 1.009 1.009 1.005 0.959 0.959 0.956 0.948 0.944 0.944 0.945 0.947 0.947 0.950 0.949 1.016 1.006 1.000 42.075 41.853 41.610 41.630 41.891 41.968 42.349 42.552 42.585 42.405 40.468 40.469 40.341 39.990 39.836 39.821 39.857 39.957 39.959 40.061 40.057 42.871 42.428 42.187 0.010 0.057 0.006 0.058 0.060 0.013 0.111 0.019 0.017 0.111 0.012 0.060 0.019 0.055 0.053 0.008 0.059 0.055 0.012 0.059 0.016 0.022 0.058 0.050
43.890 1.021 13.277 179160.824 0.999 42.318 0.998 0.993 0.987 0.987 0.993 0.995 1.004 1.009 1.009 1.005 0.960 0.960 0.957 0.949 0.946 0.945 0.946 0.948 0.949 0.951 0.951 1.016 1.006 1.000 43.105 42.883 42.639 42.660 42.920 42.997 43.377 43.580 43.612 43.432 41.494 41.495 41.366 41.014 40.859 40.844 40.880 40.979 40.980 41.082 41.078 43.890 43.446 43.204 0.010 0.057 0.006 0.058 0.060 0.013 0.111 0.019 0.017 0.111 0.012 0.060 0.019 0.055 0.053 0.008 0.059 0.055 0.012 0.059 0.016 0.022 0.058 0.050
44.908 1.020 13.277 179275.356 0.999 43.343 0.998 0.993 0.988 0.988 0.994 0.996 1.004 1.009 1.009 1.005 0.962 0.962 0.959 0.951 0.947 0.947 0.948 0.950 0.950 0.952 0.952 1.016 1.005 1.000 44.135 43.912 43.669 43.689 43.949 44.025 44.405 44.608 44.638 44.458 42.520 42.520 42.390 42.037 41.882 41.866 41.903 42.000 42.002 42.103 42.099 44.908 44.463 44.221 0.010 0.057 0.006 0.058 0.060 0.013 0.111 0.019 0.017 0.111 0.012 0.060 0.019 0.055 0.053 0.008 0.059 0.055 0.012 0.059 0.016 0.022 0.058 0.050
45.927 1.020 13.277 179389.854 0.999 44.366 0.998 0.993 0.988 0.988 0.994 0.996 1.004 1.009 1.009 1.005 0.963 0.963 0.960 0.952 0.948 0.948 0.949 0.951 0.951 0.953 0.953 1.015 1.005 1.000 45.164 44.941 44.697 44.718 44.977 45.053 45.432 45.635 45.664 45.484 43.545 43.545 43.414 43.060 42.905 42.889 42.925 43.022 43.023 43.124 43.119 45.927 45.481 45.238 0.010 0.057 0.006 0.058 0.060 0.013 0.111 0.019 0.017 0.111 0.012 0.060 0.019 0.055 0.053 0.008 0.059 0.055 0.012 0.059 0.016 0.022 0.058 0.050
46.945 1.020 13.278 179500.245 0.999 45.354 0.997 0.992 0.987 0.988 0.993 0.995 1.003 1.008 1.008 1.005 0.963 0.963 0.960 0.953 0.949 0.949 0.950 0.952 0.952 0.954 0.954 1.015 1.005 1.000 46.131 45.908 45.664 45.685 45.948 46.025 46.409 46.613 46.650 46.470 44.539 44.540 44.416 44.065 43.912 43.897 43.935 44.036 44.038 44.142 44.137 46.945 46.500 46.257 0.010 0.057 0.006 0.058 0.060 0.013 0.110 0.019 0.017 0.111 0.012 0.060 0.019 0.055 0.053 0.008 0.059 0.056 0.012 0.059 0.016 0.022 0.058 0.050
47.963 1.019 13.278 179614.707 0.999 46.378 0.998 0.993 0.988 0.988 0.994 0.995 1.003 1.008 1.008 1.005 0.964 0.964 0.961 0.954 0.951 0.950 0.951 0.953 0.953 0.955 0.955 1.015 1.005 1.000 47.160 46.937 46.693 46.713 46.976 47.053 47.436 47.640 47.676 47.496 45.564 45.564 45.439 45.088 44.934 44.919 44.956 45.057 45.059 45.162 45.157 47.963 47.517 47.274 0.010 0.057 0.006 0.058 0.060 0.013 0.110 0.019 0.017 0.111 0.012 0.060 0.019 0.055 0.053 0.008 0.059 0.056 0.012 0.059 0.016 0.022 0.058 0.050
48.982 1.019 13.279 179729.142 0.999 47.401 0.998 0.993 0.988 0.989 0.994 0.996 1.004 1.008 1.008 1.005 0.965 0.965 0.962 0.955 0.952 0.951 0.952 0.954 0.954 0.956 0.956 1.014 1.005 1.000 48.188 47.965 47.721 47.741 48.004 48.081 48.463 48.667 48.701 48.521 46.588 46.589 46.462 46.110 45.956 45.941 45.978 46.078 46.080 46.182 46.177 48.982 48.535 48.291 0.010 0.057 0.006 0.058 0.060 0.013 0.110 0.019 0.017 0.111 0.012 0.060 0.019 0.056 0.053 0.008 0.059 0.056 0.012 0.059 0.016 0.022 0.057 0.050
50.000 1.018 13.279 179843.551 1.000 48.424 0.998 0.994 0.989 0.989 0.994 0.996 1.004 1.008 1.008 1.005 0.966 0.966 0.963 0.956 0.953 0.952 0.953 0.955 0.955 0.957 0.957 1.014 1.005 1.000 49.216 48.993 48.749 48.769 49.031 49.108 49.490 49.694 49.726 49.546 47.612 47.613 47.485 47.132 46.978 46.963 46.999 47.098 47.100 47.202 47.197 50.000 49.552 49.308 0.010 0.057 0.006 0.058 0.060 0.013 0.110 0.019 0.017 0.110 0.012 0.060 0.019 0.056 0.053 0.008 0.059 0.056 0.012 0.059 0.016 0.022 0.057 0.050
