0.100 0.795 22.124 711.062 0.958 0.072 1.228 1.180 1.328 1.398 1.385 1.603 1.726 1.744 1.657 1.471 1.530 1.498 1.375 1.171 1.162 1.084 0.941 1.000 0.070 0.068 0.076 0.080 0.079 0.092 0.099 0.100 0.095 0.084 0.088 0.086 0.079 0.067 0.067 0.062 0.054 0.057 0.022 0.032 0.036 0.037 0.037 0.043 0.046 0.047 0.044 0.039 0.041 0.040 0.037 0.031 0.031 0.029 0.025 0.381
1.118 0.795 22.124 7952.285 0.958 0.806 1.228 1.180 1.328 1.398 1.385 1.603 1.726 1.744 1.657 1.471 1.530 1.498 1.375 1.171 1.162 1.084 0.941 1.000 0.787 0.756 0.852 0.897 0.888 1.028 1.107 1.118 1.062 0.943 0.981 0.960 0.882 0.751 0.745 0.695 0.603 0.641 0.022 0.032 0.036 0.037 0.037 0.043 0.046 0.047 0.044 0.039 0.041 0.040 0.037 0.031 0.031 0.029 0.025 0.381
2.137 0.795 22.124 15193.508 0.958 1.540 1.228 1.180 1.328 1.398 1.385 1.603 1.726 1.744 1.657 1.471 1.530 1.498 1.375 1.171 1.162 1.084 0.941 1.000 1.504 1.445 1.627 1.713 1.697 1.964 2.115 2.137 2.029 1.801 1.874 1.835 1.685 1.435 1.423 1.328 1.153 1.225 0.022 0.032 0.036 0.037 0.037 0.043 0.046 0.047 0.044 0.039 0.041 0.040 0.037 0.031 0.031 0.029 0.025 0.381
3.155 0.795 22.124 22434.731 0.958 2.274 1.228 1.180 1.328 1.398 1.385 1.603 1.726 1.744 1.657 1.471 1.530 1.498 1.375 1.171 1.162 1.084 0.941 1.000 2.221 2.134 2.403 2.529 2.506 2.900 3.122 3.155 2.997 2.660 2.767 2.710 2.488 2.118 2.102 1.960 1.702 1.809 0.022 0.032 0.036 0.037 0.037 0.043 0.046 0.047 0.044 0.039 0.041 0.040 0.037 0.031 0.031 0.029 0.025 0.381
4.173 0.795 22.124 29675.954 0.958 3.008 1.228 1.180 1.328 1.398 1.385 1.603 1.726 1.744 1.657 1.471 1.530 1.498 1.375 1.171 1.162 1.084 0.941 1.000 2.938 2.823 3.179 3.346 3.315 3.836 4.130 4.173 3.964 3.519 3.660 3.584 3.291 2.802 2.780 2.593 2.252 2.393 0.022 0.032 0.036 0.037 0.037 0.043 0.046 0.047 0.044 0.039 0.041 0.040 0.037 0.031 0.031 0.029 0.025 0.381
5.192 0.795 22.124 36917.177 0.958 3.742 1.228 1.180 1.328 1.398 1.385 1.603 1.726 1.744 1.657 1.471 1.530 1.498 1.375 1.171 1.162 1.084 0.941 1.000 3.655 3.511 3.954 4.162 4.124 4.773 5.138 5.192 4.931 4.377 4.553 4.459 4.094 3.486 3.458 3.226 2.801 2.977 0.022 0.032 0.036 0.037 0.037 0.043 0.046 0.047 0.044 0.039 0.041 0.040 0.037 0.031 0.031 0.029 0.025 0.381
6.210 0.795 22.124 44158.400 0.958 4.476 1.228 1.180 1.328 1.398 1.385 1.603 1.726 1.744 1.657 1.471 1.530 1.498 1.375 1.171 1.162 1.084 0.941 1.000 4.372 4.200 4.730 4.979 4.932 5.709 6.146 6.210 5.898 5.236 5.446 5.333 4.897 4.169 4.137 3.859 3.351 3.560 0.022 0.032 0.036 0.037 0.037 0.043 0.046 0.047 0.044 0.039 0.041 0.040 0.037 0.031 0.031 0.029 0.025 0.381
7.229 0.795 22.124 51399.623 0.958 5.210 1.228 1.180 1.328 1.398 1.385 1.603 1.726 1.744 1.657 1.471 1.530 1.498 1.375 1.171 1.162 1.084 0.941 1.000 5.089 4.889 5.506 5.795 5.741 6.645 7.154 7.229 6.865 6.094 6.339 6.208 5.700 4.853 4.815 4.491 3.900 4.144 0.022 0.032 0.036 0.037 0.037 0.043 0.046 0.047 0.044 0.039 0.041 0.040 0.037 0.031 0.031 0.029 0.025 0.381
8.247 0.795 22.124 58640.846 0.958 5.944 1.228 1.180 1.328 1.398 1.385 1.603 1.726 1.744 1.657 1.471 1.530 1.498 1.375 1.171 1.162 1.084 0.941 1.000 5.805 5.578 6.281 6.612 6.550 7.581 8.161 8.247 7.833 6.953 7.232 7.083 6.503 5.537 5.494 5.124 4.450 4.728 0.022 0.032 0.036 0.037 0.037 0.043 0.046 0.047 0.044 0.039 0.041 0.040 0.037 0.031 0.031 0.029 0.025 0.381
9.265 0.795 22.124 65882.069 0.958 6.678 1.228 1.180 1.328 1.398 1.385 1.603 1.726 1.744 1.657 1.471 1.530 1.498 1.375 1.171 1.162 1.084 0.941 1.000 6.522 6.267 7.057 7.428 7.359 8.517 9.169 9.265 8.800 7.811 8.125 7.957 7.306 6.221 6.172 5.757 4.999 5.312 0.022 0.032 0.036 0.037 0.037 0.043 0.046 0.047 0.044 0.039 0.041 0.040 0.037 0.031 0.031 0.029 0.025 0.381
10.284 0.795 22.124 73123.019 0.958 7.411 1.228 1.180 1.328 1.398 1.385 1.603 1.726 1.744 1.657 1.471 1.530 1.498 1.375 1.171 1.162 1.084 0.941 1.000 7.239 6.955 7.832 8.244 8.168 9.453 10.177 10.284 9.767 8.670 9.018 8.832 8.109 6.904 6.850 6.390 5.549 5.896 0.022 0.032 0.036 0.037 0.037 0.043 0.046 0.047 0.044 0.039 0.041 0.040 0.037 0.031 0.031 0.029 0.025 0.381
11.302 0.795 22.124 80363.256 0.958 8.145 1.228 1.180 1.329 1.398 1.385 1.603 1.726 1.744 1.657 1.471 1.530 1.498 1.375 1.171 1.162 1.084 0.941 1.000 7.956 7.644 8.608 9.061 8.976 10.389 11.185 11.302 10.734 9.528 9.912 9.706 8.912 7.588 7.529 7.022 6.098 6.479 0.022 0.032 0.036 0.037 0.037 0.043 0.046 0.047 0.044 0.039 0.041 0.040 0.037 0.031 0.031 0.029 0.025 0.381
12.320 0.798 22.134 87557.899 0.959 8.876 1.221 1.173 1.321 1.391 1.379 1.597 1.721 1.740 1.655 1.471 1.529 1.497 1.374 1.169 1.160 1.082 0.940 1.000 8.640 8.302 9.352 9.848 9.763 11.307 12.182 12.320 11.714 10.414 10.825 10.596 9.725 8.278 8.211 7.659 6.653 7.079 0.022 0.031 0.035 0.037 0.037 0.043 0.046 0.047 0.044 0.039 0.041 0.040 0.037 0.031 0.031 0.029 0.025 0.382
13.339 0.789 22.076 93576.202 0.956 9.573 1.235 1.188 1.339 1.411 1.401 1.621 1.746 1.765 1.679 1.495 1.549 1.513 1.386 1.177 1.166 1.086 0.942 1.000 9.335 8.973 10.116 10.664 10.589 12.249 13.189 13.339 12.690 11.295 11.707 11.432 10.472 8.896 8.809 8.205 7.119 7.556 0.022 0.032 0.036 0.038 0.037 0.043 0.047 0.047 0.045 0.040 0.041 0.040 0.037 0.031 0.031 0.029 0.025 0.379
14.357 0.783 22.029 99596.209 0.954 10.267 1.249 1.201 1.355 1.430 1.423 1.642 1.766 1.786 1.699 1.513 1.564 1.524 1.394 1.182 1.169 1.087 0.943 1.000 10.042 9.657 10.895 11.501 11.438 13.205 14.203 14.357 13.659 12.166 12.576 12.254 11.205 9.502 9.395 8.742 7.581 8.040 0.022 0.032 0.036 0.038 0.038 0.043 0.047 0.047 0.045 0.040 0.041 0.040 0.037 0.031 0.031 0.029 0.025 0.377
15.376 0.775 21.970 105331.918 0.952 10.963 1.275 1.227 1.383 1.459 1.451 1.670 1.793 1.811 1.722 1.534 1.581 1.538 1.404 1.189 1.173 1.090 0.944 1.000 10.831 10.420 11.741 12.386 12.320 14.182 15.226 15.376 14.622 13.025 13.428 13.058 11.920 10.094 9.963 9.259 8.021 8.492 0.022 0.032 0.036 0.038 0.038 0.044 0.047 0.048 0.045 0.040 0.042 0.040 0.037 0.031 0.031 0.029 0.025 0.374
16.394 0.770 21.940 111230.455 0.950 11.688 1.298 1.249 1.404 1.478 1.469 1.686 1.806 1.823 1.733 1.545 1.590 1.545 1.410 1.196 1.177 1.093 0.946 1.000 11.674 11.237 12.625 13.297 13.215 15.163 16.250 16.394 15.588 13.895 14.303 13.898 12.687 10.754 10.591 9.828 8.506 8.995 0.023 0.033 0.037 0.039 0.038 0.044 0.047 0.048 0.045 0.040 0.042 0.040 0.037 0.031 0.031 0.029 0.025 0.372
17.412 0.766 21.914 117165.563 0.949 12.414 1.317 1.268 1.421 1.495 1.484 1.699 1.817 1.832 1.742 1.554 1.597 1.551 1.416 1.201 1.181 1.094 0.946 1.000 12.515 12.051 13.507 14.205 14.107 16.144 17.273 17.412 16.554 14.766 15.180 14.741 13.457 11.417 11.224 10.402 8.995 9.504 0.023 0.033 0.037 0.039 0.039 0.044 0.047 0.048 0.045 0.040 0.042 0.040 0.037 0.031 0.031 0.029 0.025 0.371
18.431 0.760 21.875 122873.431 0.948 13.137 1.339 1.290 1.442 1.515 1.503 1.716 1.833 1.847 1.755 1.567 1.608 1.561 1.425 1.209 1.187 1.098 0.949 1.000 13.359 12.870 14.393 15.117 15.003 17.126 18.297 18.431 17.519 15.634 16.051 15.576 14.218 12.068 11.842 10.959 9.467 9.980 0.023 0.033 0.037 0.039 0.039 0.044 0.047 0.048 0.045 0.041 0.042 0.040 0.037 0.031 0.031 0.028 0.025 0.368
19.449 0.754 21.837 128555.353 0.946 13.861 1.359 1.309 1.462 1.533 1.521 1.732 1.848 1.861 1.768 1.579 1.619 1.570 1.433 1.217 1.192 1.102 0.951 1.000 14.202 13.686 15.277 16.028 15.898 18.108 19.321 19.449 18.485 16.502 16.922 16.412 14.979 12.720 12.460 11.516 9.939 10.453 0.023 0.034 0.038 0.039 0.039 0.045 0.048 0.048 0.046 0.041 0.042 0.040 0.037 0.031 0.031 0.028 0.025 0.366
20.467 0.760 21.885 134814.964 0.948 14.627 1.338 1.290 1.440 1.511 1.500 1.709 1.826 1.841 1.755 1.573 1.611 1.562 1.427 1.214 1.189 1.100 0.952 1.000 14.877 14.346 16.004 16.797 16.681 19.004 20.296 20.467 19.507 17.489 17.914 17.369 15.862 13.495 13.221 12.233 10.581 11.118 0.023 0.033 0.037 0.039 0.039 0.044 0.047 0.048 0.045 0.041 0.042 0.040 0.037 0.031 0.031 0.029 0.025 0.368
21.486 0.753 21.827 138635.488 0.946 15.315 1.351 1.304 1.455 1.529 1.523 1.731 1.847 1.864 1.780 1.602 1.633 1.578 1.438 1.222 1.194 1.104 0.955 1.000 15.579 15.036 16.777 17.634 17.560 19.955 21.294 21.486 20.519 18.465 18.828 18.194 16.579 14.086 13.768 12.725 11.008 11.529 0.023 0.033 0.037 0.039 0.039 0.044 0.047 0.048 0.046 0.041 0.042 0.041 0.037 0.031 0.031 0.028 0.025 0.366
22.504 0.737 21.703 141170.124 0.940 15.964 1.394 1.347 1.503 1.582 1.580 1.785 1.898 1.912 1.825 1.644 1.667 1.603 1.456 1.234 1.202 1.109 0.958 1.000 16.413 15.856 17.696 18.626 18.599 21.013 22.345 22.504 21.481 19.351 19.619 18.877 17.143 14.525 14.152 13.053 11.282 11.773 0.024 0.034 0.038 0.040 0.040 0.045 0.048 0.048 0.046 0.042 0.042 0.041 0.037 0.031 0.031 0.028 0.024 0.360
23.522 0.727 21.616 143724.372 0.936 16.631 1.423 1.376 1.536 1.620 1.622 1.823 1.933 1.945 1.856 1.675 1.690 1.620 1.467 1.241 1.206 1.111 0.960 1.000 17.217 16.649 18.585 19.591 19.615 22.055 23.387 23.522 22.454 20.257 20.439 19.595 17.747 15.009 14.587 13.437 11.613 12.097 0.024 0.034 0.039 0.041 0.041 0.046 0.048 0.049 0.047 0.042 0.042 0.041 0.037 0.031 0.030 0.028 0.024 0.357
24.541 0.689 21.282 143371.556 0.922 17.243 1.590 1.540 1.701 1.780 1.773 1.967 2.065 2.061 1.956 1.756 1.756 1.672 1.505 1.265 1.222 1.121 0.965 1.000 18.899 18.297 20.213 21.154 21.072 23.373 24.541 24.498 23.246 20.866 20.872 19.868 17.882 15.030 14.526 13.321 11.473 11.884 0.026 0.037 0.041 0.043 0.043 0.047 0.050 0.050 0.047 0.042 0.042 0.040 0.036 0.031 0.030 0.027 0.023 0.343
25.559 0.651 20.898 141606.620 0.905 17.803 1.791 1.736 1.894 1.964 1.942 2.124 2.206 2.183 2.057 1.834 1.819 1.720 1.538 1.285 1.235 1.128 0.968 1.000 20.757 20.118 21.948 22.756 22.503 24.606 25.559 25.297 23.832 21.253 21.081 19.925 17.820 14.885 14.307 13.066 11.216 11.587 0.028 0.040 0.044 0.046 0.045 0.049 0.051 0.051 0.048 0.043 0.042 0.040 0.036 0.030 0.029 0.026 0.023 0.330
26.578 0.620 20.554 140769.417 0.890 18.441 1.965 1.907 2.061 2.122 2.088 2.257 2.325 2.287 2.143 1.902 1.873 1.760 1.566 1.302 1.245 1.133 0.971 1.000 22.461 21.793 23.553 24.253 23.860 25.801 26.578 26.134 24.490 21.740 21.411 20.118 17.900 14.876 14.233 12.953 11.092 11.429 0.029 0.043 0.046 0.048 0.047 0.051 0.052 0.051 0.048 0.043 0.042 0.040 0.035 0.029 0.028 0.026 0.022 0.320
27.596 0.594 20.250 140546.731 0.877 19.126 2.117 2.056 2.206 2.260 2.215 2.373 2.428 2.375 2.217 1.962 1.920 1.795 1.590 1.316 1.254 1.138 0.973 1.000 24.064 23.371 25.072 25.680 25.168 26.971 27.596 26.995 25.194 22.294 21.823 20.402 18.073 14.958 14.255 12.936 11.056 11.365 0.031 0.045 0.048 0.049 0.048 0.052 0.053 0.052 0.048 0.043 0.042 0.039 0.035 0.029 0.027 0.025 0.021 0.311
28.614 0.573 19.985 140785.481 0.866 19.840 2.251 2.188 2.333 2.380 2.326 2.473 2.517 2.452 2.281 2.014 1.961 1.825 1.611 1.329 1.262 1.142 0.975 1.000 25.593 24.878 26.527 27.056 26.441 28.123 28.614 27.874 25.933 22.896 22.294 20.751 18.314 15.105 14.347 12.988 11.084 11.370 0.032 0.047 0.050 0.051 0.050 0.053 0.054 0.052 0.049 0.043 0.042 0.039 0.034 0.028 0.027 0.024 0.021 0.304
29.633 0.553 19.722 141008.827 0.854 20.584 2.381 2.317 2.457 2.497 2.435 2.573 2.605 2.528 2.346 2.067 2.003 1.857 1.633 1.343 1.271 1.148 0.978 1.000 27.088 26.353 27.954 28.409 27.697 29.266 29.633 28.761 26.687 23.517 22.788 21.126 18.580 15.275 14.461 13.059 11.126 11.375 0.033 0.048 0.051 0.052 0.051 0.054 0.054 0.053 0.049 0.043 0.042 0.039 0.034 0.028 0.027 0.024 0.020 0.297
30.651 0.538 19.524 141896.196 0.846 21.328 2.485 2.419 2.555 2.589 2.520 2.648 2.671 2.585 2.394 2.107 2.033 1.879 1.648 1.352 1.276 1.151 0.980 1.000 28.516 27.763 29.324 29.716 28.921 30.393 30.651 29.664 27.472 24.184 23.339 21.565 18.914 15.513 14.649 13.207 11.243 11.478 0.034 0.050 0.052 0.053 0.052 0.054 0.055 0.053 0.049 0.043 0.042 0.039 0.034 0.028 0.026 0.024 0.020 0.292
31.669 0.526 19.360 143070.845 0.839 22.076 2.573 2.507 2.638 2.667 2.592 2.711 2.725 2.631 2.433 2.140 2.058 1.896 1.659 1.358 1.280 1.152 0.980 1.000 29.907 29.138 30.663 30.997 30.127 31.511 31.669 30.577 28.275 24.876 23.919 22.037 19.283 15.784 14.873 13.392 11.395 11.622 0.035 0.051 0.053 0.054 0.052 0.055 0.055 0.053 0.049 0.043 0.042 0.038 0.034 0.028 0.026 0.023 0.020 0.288
32.688 0.514 19.186 144079.755 0.831 22.844 2.664 2.597 2.724 2.748 2.668 2.778 2.783 2.681 2.476 2.177 2.086 1.917 1.673 1.367 1.285 1.156 0.983 1.000 31.289 30.505 31.994 32.272 31.330 32.627 32.688 31.490 29.080 25.570 24.503 22.512 19.653 16.056 15.096 13.572 11.540 11.744 0.035 0.052 0.054 0.055 0.053 0.055 0.056 0.053 0.049 0.043 0.042 0.038 0.033 0.027 0.026 0.023 0.020 0.284
33.706 0.504 19.045 145317.857 0.825 23.589 2.741 2.674 2.796 2.815 2.730 2.833 2.830 2.722 2.511 2.207 2.109 1.933 1.684 1.374 1.289 1.158 0.984 1.000 32.610 31.812 33.269 33.497 32.488 33.706 33.678 32.385 29.875 26.262 25.092 22.997 20.038 16.344 15.338 13.775 11.707 11.898 0.036 0.053 0.055 0.055 0.054 0.056 0.056 0.054 0.050 0.044 0.042 0.038 0.033 0.027 0.025 0.023 0.019 0.281
34.724 0.495 18.908 146019.099 0.819 24.312 2.814 2.746 2.865 2.880 2.791 2.886 2.877 2.762 2.546 2.238 2.132 1.950 1.696 1.381 1.294 1.161 0.986 1.000 33.849 33.038 34.466 34.648 33.578 34.724 34.615 33.233 30.630 26.921 25.652 23.461 20.406 16.619 15.569 13.966 11.863 12.031 0.037 0.053 0.056 0.056 0.054 0.056 0.056 0.054 0.050 0.044 0.042 0.038 0.033 0.027 0.025 0.023 0.019 0.278
35.743 0.485 18.765 146547.272 0.813 25.021 2.888 2.820 2.936 2.947 2.854 2.943 2.928 2.807 2.585 2.272 2.160 1.971 1.711 1.392 1.302 1.166 0.989 1.000 35.025 34.203 35.603 35.743 34.616 35.695 35.508 34.043 31.352 27.551 26.189 23.903 20.755 16.879 15.784 14.139 12.000 12.127 0.037 0.054 0.056 0.057 0.055 0.057 0.056 0.054 0.050 0.044 0.042 0.038 0.033 0.027 0.025 0.023 0.019 0.274
36.761 0.486 18.792 147653.322 0.814 25.754 2.882 2.816 2.927 2.936 2.845 2.928 2.911 2.791 2.573 2.266 2.154 1.967 1.711 1.396 1.304 1.168 0.992 1.000 36.078 35.250 36.640 36.761 35.611 36.662 36.444 34.944 32.215 28.372 26.964 24.627 21.422 17.483 16.330 14.622 12.414 12.519 0.037 0.054 0.056 0.057 0.055 0.056 0.056 0.054 0.050 0.044 0.042 0.038 0.033 0.027 0.025 0.023 0.019 0.274
37.780 0.492 18.883 149020.712 0.818 26.503 2.846 2.782 2.888 2.896 2.807 2.887 2.869 2.752 2.541 2.245 2.134 1.952 1.703 1.397 1.304 1.167 0.992 1.000 37.115 36.284 37.668 37.780 36.616 37.652 37.416 35.897 33.145 29.276 27.837 25.462 22.212 18.219 17.005 15.225 12.938 13.043 0.037 0.054 0.056 0.056 0.055 0.056 0.056 0.053 0.049 0.044 0.042 0.038 0.033 0.027 0.025 0.023 0.019 0.276
38.798 0.498 18.972 150410.248 0.822 27.248 2.811 2.749 2.851 2.858 2.771 2.847 2.828 2.715 2.510 2.223 2.115 1.937 1.695 1.397 1.302 1.166 0.992 1.000 38.152 37.318 38.696 38.798 37.621 38.643 38.390 36.851 34.077 30.181 28.711 26.299 23.004 18.957 17.681 15.831 13.467 13.575 0.037 0.054 0.056 0.056 0.054 0.056 0.055 0.053 0.049 0.044 0.041 0.038 0.033 0.027 0.026 0.023 0.019 0.279
39.816 0.505 19.064 151851.077 0.826 27.990 2.774 2.715 2.812 2.819 2.735 2.806 2.787 2.677 2.479 2.201 2.095 1.922 1.685 1.395 1.301 1.165 0.992 1.000 39.187 38.351 39.723 39.816 38.628 39.636 39.367 37.810 35.015 31.094 29.594 27.145 23.806 19.707 18.369 16.449 14.006 14.124 0.036 0.054 0.055 0.056 0.054 0.055 0.055 0.053 0.049 0.043 0.041 0.038 0.033 0.028 0.026 0.023 0.020 0.281
40.835 0.508 19.109 153052.514 0.828 28.732 2.759 2.701 2.795 2.800 2.717 2.785 2.765 2.656 2.462 2.191 2.086 1.915 1.682 1.397 1.301 1.165 0.992 1.000 40.232 39.391 40.755 40.835 39.628 40.614 40.321 38.736 35.910 31.954 30.415 27.922 24.533 20.377 18.978 16.990 14.474 14.584 0.036 0.053 0.055 0.055 0.054 0.055 0.055 0.053 0.049 0.043 0.041 0.038 0.033 0.028 0.026 0.023 0.020 0.282
41.853 0.512 19.175 154392.708 0.831 29.470 2.734 2.678 2.768 2.773 2.692 2.756 2.735 2.629 2.440 2.176 2.071 1.904 1.676 1.397 1.300 1.164 0.992 1.000 41.271 40.427 41.784 41.853 40.631 41.601 41.287 39.679 36.827 32.840 31.267 28.733 25.298 21.088 19.627 17.570 14.979 15.094 0.036 0.053 0.055 0.055 0.054 0.055 0.054 0.052 0.049 0.043 0.041 0.038 0.033 0.028 0.026 0.023 0.020 0.283
42.871 0.515 19.221 155635.556 0.833 30.208 2.718 2.664 2.750 2.754 2.674 2.735 2.714 2.609 2.423 2.165 2.062 1.896 1.672 1.398 1.300 1.164 0.993 1.000 42.314 41.466 42.815 42.871 41.632 42.581 42.244 40.609 37.727 33.706 32.094 29.517 26.032 21.766 20.244 18.119 15.455 15.568 0.036 0.053 0.055 0.055 0.053 0.055 0.054 0.052 0.048 0.043 0.041 0.038 0.033 0.028 0.026 0.023 0.020 0.284
43.890 0.520 19.290 157035.479 0.836 30.941 2.693 2.640 2.723 2.726 2.649 2.707 2.684 2.581 2.401 2.149 2.047 1.885 1.665 1.397 1.299 1.162 0.992 1.000 43.351 42.500 43.844 43.890 42.637 43.570 43.214 41.558 38.650 34.600 32.955 30.338 26.807 22.488 20.905 18.712 15.973 16.098 0.036 0.053 0.055 0.055 0.053 0.054 0.054 0.052 0.048 0.043 0.041 0.038 0.034 0.028 0.026 0.023 0.020 0.286
44.908 0.582 20.078 162424.086 0.870 32.129 2.365 2.321 2.396 2.403 2.342 2.399 2.389 2.310 2.164 1.957 1.878 1.746 1.564 1.337 1.255 1.137 0.987 1.000 44.206 43.377 44.776 44.908 43.769 44.844 44.648 43.167 40.444 36.576 35.101 32.635 29.227 24.995 23.450 21.246 18.447 18.690 0.034 0.050 0.051 0.052 0.050 0.052 0.051 0.050 0.047 0.042 0.040 0.038 0.034 0.029 0.027 0.025 0.021 0.307
45.927 0.639 20.749 167048.414 0.899 33.610 2.088 2.051 2.119 2.129 2.082 2.139 2.138 2.078 1.961 1.791 1.732 1.626 1.476 1.285 1.219 1.119 0.990 1.000 44.838 44.033 45.490 45.715 44.699 45.927 45.908 44.623 42.106 38.448 37.185 34.916 31.682 27.593 26.167 24.036 21.261 21.472 0.032 0.047 0.049 0.049 0.048 0.049 0.049 0.048 0.045 0.041 0.040 0.037 0.034 0.030 0.028 0.026 0.023 0.327
46.945 0.691 21.295 171200.713 0.923 34.986 1.873 1.841 1.903 1.917 1.880 1.937 1.943 1.898 1.802 1.660 1.616 1.531 1.404 1.242 1.188 1.103 0.990 1.000 45.257 44.474 45.990 46.305 45.411 46.789 46.945 45.854 43.544 40.098 39.049 36.981 33.930 29.996 28.699 26.657 23.926 24.161 0.030 0.045 0.046 0.046 0.045 0.047 0.047 0.046 0.044 0.040 0.039 0.037 0.034 0.030 0.029 0.027 0.024 0.344
47.963 0.738 21.741 171431.784 0.942 36.468 1.698 1.670 1.728 1.743 1.714 1.770 1.782 1.749 1.671 1.550 1.519 1.450 1.343 1.203 1.160 1.087 0.988 1.000 45.684 44.923 46.493 46.895 46.118 47.640 47.963 47.060 44.951 41.713 40.872 39.005 36.138 32.366 31.204 29.262 26.590 26.908 0.029 0.042 0.044 0.044 0.043 0.045 0.045 0.044 0.042 0.039 0.039 0.037 0.034 0.031 0.029 0.028 0.025 0.360
48.982 0.769 22.009 171626.214 0.953 37.855 1.590 1.564 1.620 1.635 1.611 1.667 1.682 1.655 1.588 1.481 1.457 1.398 1.304 1.178 1.142 1.077 0.987 1.000 46.304 45.558 47.165 47.624 46.925 48.544 48.982 48.205 46.235 43.138 42.442 40.713 37.974 34.314 33.247 31.374 28.744 29.122 0.028 0.041 0.042 0.043 0.042 0.043 0.044 0.043 0.041 0.039 0.038 0.037 0.034 0.031 0.030 0.028 0.026 0.371
50.000 0.793 22.197 171803.723 0.962 39.189 1.512 1.489 1.541 1.558 1.537 1.592 1.608 1.587 1.527 1.431 1.412 1.360 1.275 1.160 1.128 1.070 0.986 1.000 47.015 46.280 47.915 48.419 47.780 49.474 50.000 49.323 47.459 44.474 43.891 42.272 39.635 36.063 35.072 33.255 30.658 31.086 0.027 0.040 0.041 0.042 0.041 0.042 0.043 0.042 0.041 0.038 0.038 0.036 0.034 0.031 0.030 0.029 0.026 0.379
