0.100 0.902 22.537 650.478 0.987 0.082 0.888 1.047 1.155 1.206 1.198 1.131 1.266 1.340 1.347 1.287 1.165 1.250 1.275 1.237 1.137 0.982 1.002 1.000 0.066 0.078 0.086 0.090 0.089 0.084 0.094 0.099 0.100 0.096 0.087 0.093 0.095 0.092 0.084 0.073 0.074 0.074 0.027 0.031 0.035 0.036 0.036 0.034 0.038 0.040 0.040 0.038 0.035 0.037 0.038 0.037 0.034 0.029 0.020 0.414
1.118 0.902 22.537 7274.733 0.987 0.921 0.888 1.047 1.155 1.206 1.198 1.131 1.266 1.340 1.347 1.287 1.165 1.250 1.275 1.237 1.137 0.982 1.002 1.000 0.737 0.869 0.959 1.002 0.995 0.940 1.051 1.112 1.118 1.069 0.968 1.038 1.059 1.027 0.944 0.816 0.832 0.830 0.027 0.031 0.035 0.036 0.036 0.034 0.038 0.040 0.040 0.038 0.035 0.037 0.038 0.037 0.034 0.029 0.020 0.414
2.137 0.902 22.537 13898.988 0.987 1.759 0.888 1.047 1.155 1.206 1.198 1.131 1.266 1.340 1.347 1.287 1.165 1.250 1.275 1.237 1.137 0.982 1.002 1.000 1.409 1.661 1.833 1.914 1.901 1.795 2.009 2.125 2.137 2.042 1.849 1.984 2.023 1.962 1.804 1.558 1.589 1.587 0.027 0.031 0.035 0.036 0.036 0.034 0.038 0.040 0.040 0.038 0.035 0.037 0.038 0.037 0.034 0.029 0.020 0.414
3.155 0.902 22.537 20523.243 0.987 2.598 0.888 1.047 1.155 1.206 1.198 1.131 1.266 1.340 1.347 1.287 1.165 1.250 1.275 1.237 1.137 0.982 1.002 1.000 2.080 2.453 2.707 2.827 2.806 2.651 2.966 3.138 3.155 3.015 2.730 2.929 2.988 2.898 2.664 2.301 2.347 2.343 0.027 0.031 0.035 0.036 0.036 0.034 0.038 0.040 0.040 0.038 0.035 0.037 0.038 0.037 0.034 0.029 0.020 0.414
4.173 0.902 22.537 27147.497 0.987 3.436 0.888 1.047 1.155 1.206 1.198 1.131 1.266 1.340 1.347 1.287 1.165 1.250 1.275 1.237 1.137 0.982 1.002 1.000 2.751 3.244 3.580 3.739 3.712 3.506 3.924 4.151 4.173 3.989 3.611 3.875 3.952 3.833 3.523 3.043 3.104 3.099 0.027 0.031 0.035 0.036 0.036 0.034 0.038 0.040 0.040 0.038 0.035 0.037 0.038 0.037 0.034 0.029 0.020 0.414
5.192 0.902 22.537 33771.752 0.987 4.274 0.888 1.047 1.155 1.206 1.198 1.131 1.266 1.340 1.347 1.287 1.165 1.250 1.275 1.237 1.137 0.982 1.002 1.000 3.423 4.036 4.454 4.651 4.618 4.362 4.881 5.164 5.192 4.962 4.492 4.821 4.916 4.768 4.383 3.786 3.862 3.855 0.027 0.031 0.035 0.036 0.036 0.034 0.038 0.040 0.040 0.038 0.035 0.037 0.038 0.037 0.034 0.029 0.020 0.414
6.210 0.902 22.537 40396.007 0.987 5.113 0.888 1.047 1.155 1.206 1.198 1.131 1.266 1.340 1.347 1.287 1.165 1.250 1.275 1.237 1.137 0.982 1.002 1.000 4.094 4.828 5.328 5.564 5.524 5.217 5.839 6.177 6.210 5.935 5.373 5.766 5.881 5.703 5.243 4.528 4.619 4.612 0.027 0.031 0.035 0.036 0.036 0.034 0.038 0.040 0.040 0.038 0.035 0.037 0.038 0.037 0.034 0.029 0.020 0.414
7.229 0.902 22.537 47020.262 0.987 5.951 0.888 1.047 1.155 1.206 1.198 1.131 1.266 1.340 1.347 1.287 1.165 1.250 1.275 1.237 1.137 0.982 1.002 1.000 4.765 5.620 6.201 6.476 6.430 6.073 6.796 7.190 7.229 6.908 6.254 6.712 6.845 6.639 6.103 5.271 5.377 5.368 0.027 0.031 0.035 0.036 0.036 0.034 0.038 0.040 0.040 0.038 0.035 0.037 0.038 0.037 0.034 0.029 0.020 0.414
8.247 0.902 22.537 53644.517 0.987 6.790 0.888 1.047 1.155 1.206 1.198 1.131 1.266 1.340 1.347 1.287 1.165 1.250 1.275 1.237 1.137 0.982 1.002 1.000 5.437 6.411 7.075 7.388 7.335 6.928 7.753 8.203 8.247 7.882 7.135 7.657 7.809 7.574 6.963 6.014 6.134 6.124 0.027 0.031 0.035 0.036 0.036 0.034 0.038 0.040 0.040 0.038 0.035 0.037 0.038 0.037 0.034 0.029 0.020 0.414
9.265 0.902 22.537 60268.772 0.987 7.628 0.888 1.047 1.155 1.206 1.198 1.131 1.266 1.340 1.347 1.287 1.165 1.250 1.275 1.237 1.137 0.982 1.002 1.000 6.108 7.203 7.949 8.301 8.241 7.784 8.711 9.216 9.265 8.855 8.016 8.603 8.774 8.509 7.822 6.756 6.892 6.880 0.027 0.031 0.035 0.036 0.036 0.034 0.038 0.040 0.040 0.038 0.035 0.037 0.038 0.037 0.034 0.029 0.020 0.414
10.284 0.902 22.537 66892.388 0.987 8.466 0.888 1.047 1.155 1.206 1.198 1.131 1.266 1.340 1.347 1.287 1.165 1.250 1.275 1.237 1.137 0.982 1.002 1.000 6.780 7.995 8.823 9.213 9.147 8.639 9.668 10.229 10.284 9.828 8.897 9.548 9.738 9.444 8.682 7.499 7.649 7.636 0.027 0.031 0.035 0.036 0.036 0.034 0.038 0.040 0.040 0.038 0.035 0.037 0.038 0.037 0.034 0.029 0.020 0.414
11.302 0.902 22.536 73514.277 0.987 9.305 0.888 1.047 1.155 1.207 1.198 1.131 1.266 1.340 1.347 1.287 1.165 1.250 1.275 1.237 1.137 0.982 1.002 1.000 7.451 8.787 9.696 10.126 10.053 9.495 10.626 11.243 11.302 10.801 9.778 10.494 10.702 10.379 9.541 8.241 8.406 8.392 0.027 0.031 0.035 0.036 0.036 0.034 0.038 0.040 0.040 0.038 0.035 0.037 0.038 0.037 0.034 0.029 0.020 0.414
12.320 0.900 22.529 79590.735 0.987 10.122 0.886 1.046 1.155 1.207 1.199 1.135 1.270 1.344 1.352 1.293 1.173 1.256 1.279 1.239 1.138 0.982 1.002 1.000 8.079 9.530 10.523 10.998 10.932 10.342 11.573 12.248 12.320 11.787 10.687 11.446 11.657 11.293 10.373 8.953 9.130 9.114 0.026 0.031 0.034 0.036 0.036 0.034 0.038 0.040 0.040 0.039 0.035 0.038 0.038 0.037 0.034 0.029 0.020 0.414
13.339 0.897 22.512 85197.632 0.986 10.917 0.890 1.050 1.160 1.214 1.209 1.147 1.281 1.355 1.363 1.304 1.184 1.264 1.284 1.242 1.140 0.983 1.002 1.000 8.709 10.278 11.358 11.887 11.837 11.226 12.542 13.263 13.339 12.765 11.585 12.373 12.573 12.161 11.156 9.621 9.806 9.789 0.026 0.031 0.035 0.036 0.036 0.034 0.038 0.040 0.041 0.039 0.035 0.038 0.038 0.037 0.034 0.029 0.020 0.412
14.357 0.899 22.516 91168.028 0.986 11.756 0.881 1.040 1.150 1.206 1.203 1.144 1.277 1.350 1.359 1.302 1.184 1.263 1.282 1.240 1.139 0.983 1.002 1.000 9.307 10.990 12.156 12.739 12.710 12.085 13.493 14.268 14.357 13.756 12.509 13.343 13.550 13.105 12.030 10.389 10.585 10.566 0.026 0.031 0.034 0.036 0.036 0.034 0.038 0.040 0.041 0.039 0.035 0.038 0.038 0.037 0.034 0.029 0.020 0.413
15.376 0.904 22.531 97338.254 0.987 12.635 0.866 1.023 1.133 1.189 1.188 1.133 1.264 1.337 1.347 1.292 1.178 1.256 1.276 1.235 1.136 0.984 1.002 1.000 9.891 11.684 12.935 13.573 13.566 12.932 14.434 15.267 15.376 14.755 13.450 14.342 14.569 14.105 12.970 11.234 11.438 11.418 0.026 0.031 0.034 0.036 0.036 0.034 0.038 0.040 0.040 0.039 0.035 0.038 0.038 0.037 0.034 0.030 0.020 0.415
16.394 0.906 22.543 102688.676 0.987 13.515 0.867 1.021 1.129 1.184 1.183 1.129 1.258 1.329 1.339 1.286 1.174 1.251 1.270 1.231 1.133 0.984 1.002 1.000 10.616 12.506 13.825 14.497 14.490 13.822 15.402 16.279 16.394 15.742 14.371 15.313 15.555 15.069 13.877 12.050 12.267 12.245 0.026 0.031 0.034 0.036 0.036 0.034 0.038 0.040 0.040 0.039 0.035 0.038 0.038 0.037 0.034 0.030 0.020 0.416
17.412 0.909 22.556 106656.232 0.988 14.411 0.867 1.019 1.124 1.178 1.177 1.123 1.250 1.320 1.329 1.277 1.168 1.244 1.263 1.225 1.130 0.984 1.002 1.000 11.357 13.341 14.724 15.427 15.417 14.714 16.371 17.291 17.412 16.730 15.295 16.288 16.548 16.043 14.798 12.885 13.119 13.097 0.026 0.031 0.034 0.035 0.035 0.034 0.038 0.040 0.040 0.038 0.035 0.037 0.038 0.037 0.034 0.030 0.020 0.417
18.431 0.911 22.567 110622.782 0.988 15.307 0.867 1.016 1.120 1.173 1.172 1.119 1.243 1.312 1.321 1.270 1.163 1.238 1.257 1.220 1.127 0.983 1.002 1.000 12.099 14.177 15.623 16.357 16.345 15.606 17.340 18.302 18.431 17.719 16.218 17.263 17.540 17.017 15.717 13.718 13.971 13.949 0.026 0.031 0.034 0.035 0.035 0.034 0.038 0.040 0.040 0.038 0.035 0.037 0.038 0.037 0.034 0.030 0.020 0.418
19.449 0.913 22.575 114387.386 0.989 16.197 0.865 1.011 1.113 1.165 1.165 1.113 1.236 1.305 1.315 1.265 1.161 1.234 1.253 1.216 1.125 0.983 1.002 1.000 12.796 14.964 16.473 17.241 17.233 16.468 18.287 19.302 19.449 18.721 17.170 18.258 18.545 17.997 16.638 14.548 14.817 14.795 0.026 0.031 0.034 0.035 0.035 0.034 0.037 0.039 0.040 0.038 0.035 0.037 0.038 0.037 0.034 0.030 0.020 0.419
20.467 0.912 22.564 116821.429 0.988 17.012 0.860 1.005 1.107 1.160 1.162 1.114 1.237 1.307 1.319 1.274 1.174 1.243 1.258 1.219 1.125 0.984 1.002 1.000 13.344 15.590 17.167 17.989 18.021 17.280 19.188 20.273 20.467 19.764 18.213 19.280 19.521 18.905 17.461 15.268 15.537 15.514 0.026 0.030 0.034 0.035 0.035 0.034 0.037 0.040 0.040 0.039 0.035 0.038 0.038 0.037 0.034 0.030 0.020 0.419
21.486 0.910 22.553 118765.289 0.988 17.780 0.862 1.006 1.109 1.164 1.170 1.127 1.248 1.316 1.329 1.285 1.187 1.250 1.262 1.219 1.125 0.984 1.001 1.000 13.933 16.269 17.930 18.827 18.922 18.232 20.178 21.284 21.486 20.773 19.197 20.220 20.404 19.719 18.195 15.916 16.194 16.171 0.026 0.030 0.033 0.035 0.035 0.034 0.038 0.040 0.040 0.039 0.036 0.038 0.038 0.037 0.034 0.030 0.020 0.418
22.504 0.907 22.539 120649.697 0.987 18.549 0.863 1.008 1.111 1.169 1.178 1.140 1.258 1.326 1.338 1.295 1.200 1.258 1.266 1.221 1.125 0.984 1.001 1.000 14.518 16.945 18.689 19.660 19.820 19.180 21.165 22.295 22.504 21.782 20.180 21.161 21.286 20.530 18.925 16.556 16.841 16.818 0.026 0.030 0.033 0.035 0.035 0.034 0.038 0.040 0.040 0.039 0.036 0.038 0.038 0.037 0.034 0.030 0.020 0.417
23.522 0.915 22.559 122734.632 0.988 19.513 0.838 0.978 1.080 1.139 1.152 1.121 1.236 1.302 1.317 1.279 1.191 1.247 1.254 1.211 1.120 0.985 1.001 1.000 14.969 17.470 19.291 20.342 20.579 20.015 22.068 23.260 23.522 22.845 21.275 22.275 22.404 21.638 20.007 17.594 17.885 17.861 0.025 0.030 0.033 0.035 0.035 0.034 0.037 0.039 0.040 0.039 0.036 0.038 0.038 0.037 0.034 0.030 0.020 0.420
24.541 0.928 22.583 124624.362 0.989 20.648 0.800 0.934 1.033 1.092 1.109 1.084 1.196 1.263 1.281 1.250 1.171 1.227 1.236 1.197 1.113 0.987 1.001 1.000 15.331 17.898 19.793 20.925 21.249 20.775 22.916 24.195 24.541 23.942 22.440 23.501 23.678 22.943 21.325 18.908 19.187 19.160 0.025 0.029 0.032 0.034 0.034 0.033 0.037 0.039 0.039 0.039 0.036 0.038 0.038 0.037 0.034 0.030 0.021 0.426
25.559 0.955 22.611 127135.482 0.990 22.046 0.734 0.858 0.951 1.009 1.029 1.013 1.122 1.190 1.214 1.193 1.130 1.187 1.202 1.172 1.100 0.987 1.001 1.000 15.454 18.062 20.021 21.240 21.675 21.330 23.615 25.050 25.559 25.126 23.785 24.997 25.307 24.684 23.151 20.786 21.084 21.056 0.023 0.027 0.030 0.032 0.033 0.032 0.036 0.038 0.038 0.038 0.036 0.038 0.038 0.037 0.035 0.031 0.021 0.437
26.578 0.972 22.608 129180.954 0.990 23.171 0.693 0.811 0.900 0.957 0.980 0.969 1.075 1.144 1.172 1.158 1.104 1.162 1.180 1.156 1.091 0.987 1.001 1.000 15.609 18.256 20.269 21.559 22.079 21.831 24.221 25.767 26.394 26.080 24.855 26.173 26.578 26.035 24.566 22.241 22.552 22.523 0.022 0.026 0.029 0.031 0.032 0.031 0.035 0.037 0.038 0.037 0.036 0.037 0.038 0.037 0.035 0.032 0.021 0.445
27.596 0.983 22.596 130807.267 0.990 24.089 0.667 0.781 0.868 0.925 0.950 0.942 1.047 1.115 1.145 1.136 1.087 1.146 1.166 1.145 1.085 0.988 1.001 1.000 15.800 18.485 20.547 21.894 22.480 22.305 24.773 26.401 27.111 26.879 25.734 27.126 27.596 27.108 25.679 23.380 23.700 23.670 0.022 0.025 0.028 0.030 0.031 0.031 0.034 0.036 0.037 0.037 0.035 0.037 0.038 0.037 0.035 0.032 0.022 0.450
28.614 0.992 22.581 131491.774 0.989 25.026 0.646 0.755 0.841 0.897 0.923 0.919 1.022 1.090 1.122 1.116 1.073 1.132 1.153 1.135 1.079 0.988 1.001 1.000 16.020 18.748 20.860 22.265 22.917 22.813 25.355 27.059 27.847 27.693 26.623 28.083 28.614 28.178 26.789 24.515 24.846 24.816 0.021 0.025 0.028 0.030 0.030 0.030 0.034 0.036 0.037 0.037 0.035 0.037 0.038 0.037 0.036 0.032 0.022 0.455
29.633 1.000 22.561 131755.585 0.988 25.972 0.625 0.732 0.815 0.872 0.899 0.898 0.999 1.067 1.100 1.097 1.059 1.118 1.141 1.126 1.074 0.988 1.001 1.000 16.242 19.012 21.175 22.638 23.354 23.319 25.935 27.715 28.582 28.505 27.509 29.039 29.633 29.250 27.903 25.657 26.002 25.973 0.021 0.024 0.027 0.029 0.030 0.030 0.033 0.035 0.037 0.036 0.035 0.037 0.038 0.037 0.036 0.033 0.022 0.459
30.651 1.007 22.541 132048.734 0.987 26.925 0.608 0.712 0.794 0.850 0.879 0.880 0.979 1.047 1.082 1.082 1.048 1.106 1.130 1.118 1.070 0.988 1.001 1.000 16.496 19.314 21.529 23.050 23.830 23.863 26.550 28.402 29.340 29.335 28.407 30.001 30.651 30.316 29.007 26.786 27.143 27.115 0.020 0.024 0.027 0.029 0.029 0.030 0.033 0.035 0.036 0.036 0.035 0.037 0.038 0.037 0.036 0.033 0.022 0.463
31.669 1.013 22.520 132356.937 0.986 27.883 0.594 0.695 0.775 0.831 0.861 0.865 0.962 1.030 1.066 1.068 1.037 1.096 1.121 1.111 1.066 0.988 1.001 1.000 16.768 19.634 21.903 23.484 24.327 24.427 27.182 29.103 30.111 30.174 29.311 30.965 31.669 31.380 30.107 27.910 28.280 28.251 0.020 0.023 0.026 0.028 0.029 0.029 0.032 0.035 0.036 0.036 0.035 0.037 0.038 0.037 0.036 0.033 0.022 0.466
32.688 1.000 22.621 132635.502 0.991 29.029 0.665 0.764 0.840 0.891 0.916 0.915 1.004 1.064 1.093 1.089 1.054 1.106 1.126 1.113 1.066 0.989 1.001 1.000 19.317 22.170 24.385 25.876 26.599 26.552 29.147 30.896 31.730 31.623 30.598 32.109 32.688 32.298 30.952 28.710 29.058 29.029 0.022 0.025 0.028 0.030 0.030 0.030 0.033 0.035 0.036 0.036 0.035 0.037 0.037 0.037 0.035 0.033 0.022 0.458
33.706 0.988 22.684 132744.825 0.993 30.206 0.731 0.826 0.898 0.944 0.965 0.958 1.040 1.093 1.116 1.107 1.068 1.114 1.130 1.114 1.067 0.990 1.001 1.000 21.810 24.630 26.777 28.171 28.772 28.585 31.026 32.616 33.290 33.028 31.859 33.239 33.706 33.227 31.815 29.530 29.860 29.830 0.024 0.027 0.029 0.031 0.031 0.031 0.034 0.036 0.036 0.036 0.035 0.036 0.037 0.036 0.035 0.032 0.022 0.451
34.724 0.982 22.710 132843.777 0.995 31.318 0.768 0.859 0.927 0.971 0.988 0.980 1.057 1.106 1.125 1.114 1.073 1.116 1.129 1.112 1.065 0.991 1.001 1.000 23.598 26.400 28.509 29.850 30.386 30.122 32.484 33.990 34.581 34.240 32.997 34.312 34.724 34.202 32.758 30.454 30.775 30.745 0.025 0.028 0.030 0.031 0.032 0.032 0.034 0.036 0.036 0.036 0.035 0.036 0.037 0.036 0.034 0.032 0.022 0.448
35.743 0.977 22.726 132930.994 0.995 32.346 0.795 0.883 0.949 0.990 1.006 0.996 1.069 1.114 1.131 1.118 1.077 1.117 1.129 1.111 1.065 0.991 1.001 1.000 25.130 27.920 30.003 31.304 31.791 31.470 33.772 35.215 35.743 35.341 34.040 35.306 35.675 35.117 33.646 31.322 31.636 31.605 0.026 0.029 0.031 0.032 0.032 0.032 0.034 0.036 0.036 0.036 0.035 0.036 0.036 0.036 0.034 0.032 0.021 0.445
36.761 0.975 22.736 133013.530 0.996 33.296 0.813 0.898 0.962 1.001 1.015 1.004 1.074 1.117 1.132 1.119 1.078 1.116 1.127 1.109 1.063 0.991 1.001 1.000 26.382 29.163 31.228 32.504 32.958 32.601 34.866 36.271 36.761 36.324 34.991 36.230 36.576 36.000 34.517 32.185 32.496 32.465 0.026 0.029 0.031 0.032 0.033 0.032 0.035 0.036 0.036 0.036 0.035 0.036 0.036 0.036 0.034 0.032 0.021 0.444
37.780 0.974 22.744 133098.374 0.996 34.274 0.826 0.909 0.970 1.008 1.021 1.009 1.076 1.118 1.132 1.118 1.077 1.114 1.124 1.106 1.062 0.992 1.001 1.000 27.567 30.342 32.393 33.650 34.081 33.698 35.937 37.315 37.780 37.319 35.965 37.187 37.520 36.934 35.445 33.109 33.419 33.389 0.027 0.029 0.031 0.032 0.033 0.032 0.035 0.036 0.036 0.036 0.035 0.036 0.036 0.035 0.034 0.032 0.021 0.444
38.798 0.973 22.751 133181.454 0.996 35.240 0.840 0.920 0.980 1.016 1.028 1.016 1.080 1.119 1.132 1.118 1.077 1.112 1.122 1.104 1.060 0.992 1.001 1.000 28.777 31.545 33.580 34.815 35.221 34.809 37.017 38.364 38.798 38.309 36.928 38.128 38.442 37.842 36.342 33.999 34.306 34.275 0.027 0.030 0.031 0.033 0.033 0.033 0.035 0.036 0.036 0.036 0.035 0.036 0.036 0.035 0.034 0.032 0.021 0.443
39.816 0.972 22.756 133266.691 0.997 36.228 0.850 0.928 0.986 1.020 1.031 1.019 1.081 1.119 1.131 1.116 1.076 1.110 1.119 1.102 1.059 0.992 1.001 1.000 29.929 32.691 34.716 35.936 36.323 35.889 38.077 39.403 39.816 39.309 37.912 39.099 39.402 38.794 37.290 34.943 35.250 35.219 0.027 0.030 0.032 0.033 0.033 0.033 0.035 0.036 0.036 0.036 0.034 0.036 0.036 0.035 0.034 0.032 0.021 0.442
40.835 0.973 22.761 133354.184 0.997 37.239 0.857 0.933 0.988 1.022 1.032 1.020 1.080 1.116 1.127 1.113 1.074 1.107 1.115 1.099 1.057 0.992 1.001 1.000 31.025 33.784 35.802 37.012 37.388 36.941 39.117 40.431 40.835 40.318 38.915 40.098 40.399 39.790 38.286 35.941 36.250 36.219 0.027 0.030 0.032 0.033 0.033 0.033 0.035 0.036 0.036 0.036 0.034 0.035 0.036 0.035 0.034 0.032 0.021 0.443
41.853 0.972 22.766 133439.611 0.997 38.233 0.865 0.939 0.993 1.025 1.035 1.023 1.081 1.115 1.126 1.112 1.073 1.105 1.113 1.096 1.056 0.993 1.001 1.000 32.156 34.911 36.919 38.116 38.476 38.012 40.170 41.466 41.853 41.321 39.903 41.076 41.368 40.753 39.245 36.897 37.204 37.174 0.028 0.030 0.032 0.033 0.033 0.033 0.035 0.036 0.036 0.036 0.034 0.035 0.036 0.035 0.034 0.032 0.021 0.442
42.871 0.972 22.770 133525.003 0.997 39.229 0.873 0.945 0.997 1.028 1.038 1.025 1.081 1.115 1.124 1.110 1.072 1.103 1.110 1.094 1.054 0.993 1.001 1.000 33.280 36.031 38.031 39.216 39.561 39.079 41.221 42.501 42.871 42.325 40.894 42.056 42.340 41.718 40.206 37.854 38.161 38.130 0.028 0.030 0.032 0.033 0.033 0.033 0.035 0.036 0.036 0.036 0.034 0.035 0.036 0.035 0.034 0.032 0.021 0.442
43.890 0.973 22.773 133612.669 0.997 40.245 0.878 0.948 0.999 1.029 1.038 1.025 1.080 1.112 1.121 1.107 1.071 1.100 1.107 1.092 1.053 0.993 1.001 1.000 34.352 37.102 39.096 40.274 40.611 40.120 42.254 43.526 43.890 43.338 41.902 43.063 43.346 42.725 41.214 38.864 39.172 39.142 0.028 0.030 0.032 0.033 0.033 0.033 0.035 0.036 0.036 0.035 0.034 0.035 0.035 0.035 0.034 0.032 0.021 0.442
44.908 0.972 22.776 133698.058 0.997 41.243 0.884 0.953 1.002 1.031 1.040 1.027 1.080 1.111 1.120 1.106 1.070 1.098 1.105 1.090 1.052 0.993 1.001 1.000 35.466 38.211 40.198 41.365 41.688 41.182 43.301 44.559 44.908 44.343 42.895 44.047 44.322 43.695 42.179 39.826 40.133 40.102 0.028 0.031 0.032 0.033 0.033 0.033 0.035 0.036 0.036 0.035 0.034 0.035 0.035 0.035 0.034 0.032 0.021 0.442
45.927 0.973 22.780 133785.744 0.998 42.260 0.888 0.955 1.003 1.032 1.039 1.027 1.078 1.109 1.117 1.103 1.068 1.096 1.102 1.087 1.050 0.993 1.001 1.000 36.527 39.272 41.254 42.415 42.732 42.218 44.331 45.582 45.927 45.357 43.906 45.057 45.332 44.706 43.192 40.840 41.149 41.118 0.028 0.031 0.032 0.033 0.033 0.033 0.035 0.036 0.036 0.035 0.034 0.035 0.035 0.035 0.034 0.032 0.021 0.442
46.945 0.973 22.782 133871.059 0.998 43.261 0.894 0.959 1.006 1.034 1.041 1.028 1.078 1.108 1.116 1.102 1.067 1.094 1.101 1.086 1.049 0.993 1.001 1.000 37.634 40.375 42.350 43.501 43.805 43.277 45.377 46.614 46.945 46.363 44.900 46.042 46.310 45.678 44.159 41.803 42.111 42.080 0.029 0.031 0.032 0.033 0.033 0.033 0.035 0.035 0.036 0.035 0.034 0.035 0.035 0.035 0.034 0.032 0.021 0.442
47.963 0.973 22.785 133958.751 0.998 44.279 0.898 0.961 1.007 1.034 1.040 1.028 1.077 1.105 1.113 1.099 1.065 1.092 1.098 1.083 1.048 0.994 1.001 1.000 38.687 41.427 43.399 44.545 44.844 44.309 46.404 47.637 47.963 47.378 45.913 47.055 47.323 46.692 45.175 42.820 43.129 43.098 0.029 0.031 0.032 0.033 0.033 0.033 0.034 0.035 0.036 0.035 0.034 0.035 0.035 0.035 0.034 0.032 0.021 0.442
48.982 0.974 22.787 134046.388 0.998 45.297 0.901 0.963 1.007 1.033 1.040 1.028 1.075 1.103 1.110 1.097 1.064 1.090 1.096 1.081 1.047 0.994 1.001 1.000 39.738 42.478 44.447 45.588 45.881 45.341 47.431 48.659 48.982 48.394 46.926 48.068 48.336 47.706 46.190 43.836 44.147 44.117 0.029 0.031 0.032 0.033 0.033 0.033 0.034 0.035 0.036 0.035 0.034 0.035 0.035 0.035 0.034 0.032 0.021 0.443
50.000 0.974 22.789 134131.661 0.998 46.298 0.906 0.967 1.010 1.035 1.041 1.029 1.075 1.102 1.109 1.096 1.063 1.088 1.094 1.080 1.046 0.994 1.001 1.000 40.837 43.574 45.536 46.668 46.950 46.397 48.474 49.690 50.000 49.400 47.922 49.055 49.316 48.681 47.159 44.801 45.111 45.080 0.029 0.031 0.032 0.033 0.033 0.033 0.034 0.035 0.036 0.035 0.034 0.035 0.035 0.035 0.033 0.032 0.021 0.442
