0.100 1.010 13.251 949.169 0.997 0.091 0.931 0.922 0.902 1.032 1.029 1.010 0.989 0.952 0.951 1.090 1.084 0.925 0.908 1.003 1.026 1.009 0.965 0.952 1.081 1.029 0.921 0.954 0.951 1.000 0.085 0.085 0.083 0.095 0.094 0.093 0.091 0.087 0.087 0.100 0.100 0.085 0.083 0.092 0.094 0.093 0.089 0.087 0.099 0.094 0.085 0.088 0.087 0.092 0.009 0.006 0.012 0.019 0.017 0.013 0.019 0.008 0.012 0.018 0.023 0.053 0.055 0.110 0.112 0.062 0.056 0.059 0.066 0.058 0.054 0.053 0.055 0.050
1.118 1.010 13.251 10615.199 0.997 1.016 0.931 0.922 0.902 1.032 1.029 1.010 0.989 0.952 0.951 1.090 1.084 0.925 0.908 1.003 1.026 1.009 0.965 0.952 1.081 1.029 0.921 0.954 0.951 1.000 0.956 0.946 0.926 1.060 1.056 1.036 1.015 0.977 0.976 1.118 1.113 0.950 0.932 1.029 1.053 1.036 0.991 0.978 1.110 1.056 0.946 0.979 0.976 1.026 0.009 0.006 0.012 0.019 0.017 0.013 0.019 0.008 0.012 0.018 0.023 0.053 0.055 0.110 0.112 0.062 0.056 0.059 0.066 0.058 0.054 0.053 0.055 0.050
2.137 1.010 13.251 20281.230 0.997 1.942 0.931 0.922 0.902 1.032 1.029 1.010 0.989 0.952 0.951 1.090 1.084 0.925 0.908 1.003 1.026 1.009 0.965 0.952 1.081 1.029 0.921 0.954 0.951 1.000 1.826 1.808 1.769 2.024 2.018 1.980 1.939 1.867 1.865 2.137 2.126 1.815 1.780 1.966 2.013 1.979 1.893 1.868 2.120 2.018 1.807 1.871 1.865 1.961 0.009 0.006 0.012 0.019 0.017 0.013 0.019 0.008 0.012 0.018 0.023 0.053 0.055 0.110 0.112 0.062 0.056 0.059 0.066 0.058 0.054 0.053 0.055 0.050
3.155 1.010 13.251 29947.260 0.997 2.867 0.931 0.922 0.902 1.032 1.029 1.010 0.989 0.952 0.951 1.090 1.084 0.925 0.908 1.003 1.026 1.009 0.965 0.952 1.081 1.029 0.921 0.954 0.951 1.000 2.696 2.670 2.612 2.989 2.980 2.924 2.863 2.757 2.754 3.155 3.140 2.680 2.629 2.903 2.972 2.923 2.795 2.758 3.130 2.980 2.668 2.762 2.754 2.896 0.009 0.006 0.012 0.019 0.017 0.013 0.019 0.008 0.012 0.018 0.023 0.053 0.055 0.110 0.112 0.062 0.056 0.059 0.066 0.058 0.054 0.053 0.055 0.050
4.173 1.010 13.251 39613.290 0.997 3.792 0.931 0.922 0.902 1.032 1.029 1.010 0.989 0.952 0.951 1.090 1.084 0.925 0.908 1.003 1.026 1.009 0.965 0.952 1.081 1.029 0.921 0.954 0.951 1.000 3.566 3.531 3.455 3.954 3.942 3.868 3.787 3.646 3.643 4.173 4.153 3.545 3.477 3.840 3.931 3.866 3.697 3.648 4.141 3.942 3.529 3.654 3.643 3.831 0.009 0.006 0.012 0.019 0.017 0.013 0.019 0.008 0.012 0.018 0.023 0.053 0.055 0.110 0.112 0.062 0.056 0.059 0.066 0.058 0.054 0.053 0.055 0.050
5.192 1.010 13.251 49279.320 0.997 4.718 0.931 0.922 0.902 1.032 1.029 1.010 0.989 0.952 0.951 1.090 1.084 0.925 0.908 1.003 1.026 1.009 0.965 0.952 1.081 1.029 0.921 0.954 0.951 1.000 4.437 4.393 4.299 4.919 4.904 4.812 4.710 4.536 4.532 5.192 5.167 4.410 4.326 4.777 4.890 4.809 4.599 4.538 5.151 4.904 4.391 4.545 4.532 4.765 0.009 0.006 0.012 0.019 0.017 0.013 0.019 0.008 0.012 0.018 0.023 0.053 0.055 0.110 0.112 0.062 0.056 0.059 0.066 0.058 0.054 0.053 0.055 0.050
6.210 1.010 13.251 58945.350 0.997 5.643 0.931 0.922 0.902 1.032 1.029 1.010 0.989 0.952 0.951 1.090 1.084 0.925 0.908 1.003 1.026 1.009 0.965 0.952 1.081 1.029 0.921 0.954 0.951 1.000 5.307 5.255 5.142 5.884 5.866 5.755 5.634 5.426 5.421 6.210 6.180 5.275 5.174 5.714 5.849 5.752 5.501 5.428 6.162 5.866 5.252 5.437 5.421 5.700 0.009 0.006 0.012 0.019 0.017 0.013 0.019 0.008 0.012 0.018 0.023 0.053 0.055 0.110 0.112 0.062 0.056 0.059 0.066 0.058 0.054 0.053 0.055 0.050
7.229 1.010 13.251 68611.380 0.997 6.569 0.931 0.922 0.902 1.032 1.029 1.010 0.989 0.952 0.951 1.090 1.084 0.925 0.908 1.003 1.026 1.009 0.965 0.952 1.081 1.029 0.921 0.954 0.951 1.000 6.177 6.117 5.985 6.849 6.828 6.699 6.558 6.315 6.309 7.229 7.194 6.140 6.023 6.651 6.809 6.696 6.403 6.318 7.172 6.828 6.113 6.328 6.310 6.635 0.009 0.006 0.012 0.019 0.017 0.013 0.019 0.008 0.012 0.018 0.023 0.053 0.055 0.110 0.112 0.062 0.056 0.059 0.066 0.058 0.054 0.053 0.055 0.050
8.247 1.010 13.251 78277.411 0.997 7.494 0.931 0.922 0.902 1.032 1.029 1.010 0.989 0.952 0.951 1.090 1.084 0.925 0.908 1.003 1.026 1.009 0.965 0.952 1.081 1.029 0.921 0.954 0.951 1.000 7.047 6.978 6.828 7.814 7.790 7.643 7.482 7.205 7.198 8.247 8.207 7.005 6.871 7.588 7.768 7.639 7.305 7.209 8.182 7.790 6.974 7.220 7.199 7.569 0.009 0.006 0.012 0.019 0.017 0.013 0.019 0.008 0.012 0.018 0.023 0.053 0.055 0.110 0.112 0.062 0.056 0.059 0.066 0.058 0.054 0.053 0.055 0.050
9.265 1.010 13.251 87943.441 0.997 8.419 0.931 0.922 0.902 1.032 1.029 1.010 0.989 0.952 0.951 1.090 1.084 0.925 0.908 1.003 1.026 1.009 0.965 0.952 1.081 1.029 0.921 0.954 0.951 1.000 7.917 7.840 7.671 8.779 8.752 8.587 8.406 8.095 8.087 9.265 9.221 7.869 7.720 8.525 8.727 8.582 8.207 8.099 9.193 8.752 7.835 8.111 8.088 8.504 0.009 0.006 0.012 0.019 0.017 0.013 0.019 0.008 0.012 0.018 0.023 0.053 0.055 0.110 0.112 0.062 0.056 0.059 0.066 0.058 0.054 0.053 0.055 0.050
10.284 1.010 13.251 97610.910 0.997 9.345 0.931 0.922 0.902 1.032 1.029 1.010 0.989 0.952 0.951 1.090 1.084 0.925 0.908 1.003 1.026 1.009 0.965 0.952 1.081 1.029 0.921 0.954 0.951 1.000 8.788 8.702 8.514 9.744 9.715 9.531 9.330 8.985 8.976 10.284 10.234 8.735 8.569 9.463 9.687 9.526 9.109 8.989 10.203 9.714 8.697 9.003 8.977 9.439 0.009 0.006 0.012 0.019 0.017 0.013 0.019 0.008 0.012 0.018 0.023 0.053 0.055 0.110 0.112 0.062 0.056 0.059 0.066 0.058 0.054 0.053 0.055 0.050
11.302 1.010 13.251 107283.270 0.997 10.271 0.931 0.922 0.902 1.032 1.029 1.010 0.989 0.952 0.951 1.090 1.084 0.926 0.908 1.003 1.026 1.009 0.965 0.952 1.081 1.029 0.922 0.954 0.951 1.000 9.659 9.565 9.359 10.710 10.677 10.475 10.255 9.875 9.865 11.302 11.248 9.601 9.418 10.401 10.647 10.470 10.011 9.879 11.214 10.676 9.559 9.895 9.866 10.373 0.009 0.006 0.012 0.019 0.017 0.013 0.019 0.008 0.012 0.018 0.023 0.053 0.055 0.110 0.112 0.062 0.056 0.059 0.066 0.058 0.054 0.053 0.055 0.050
12.320 1.007 13.252 116915.249 0.998 11.217 0.935 0.926 0.906 1.036 1.033 1.013 0.992 0.955 0.955 1.091 1.084 0.929 0.912 1.006 1.030 1.013 0.968 0.956 1.082 1.029 0.925 0.957 0.955 1.000 10.561 10.458 10.234 11.701 11.667 11.447 11.207 10.792 10.783 12.320 12.251 10.497 10.299 11.366 11.633 11.441 10.941 10.798 12.226 11.627 10.452 10.814 10.784 11.297 0.009 0.006 0.012 0.019 0.017 0.013 0.019 0.008 0.012 0.018 0.023 0.053 0.055 0.110 0.112 0.062 0.056 0.059 0.066 0.058 0.054 0.053 0.055 0.050
13.339 1.005 13.254 124839.951 0.998 12.173 0.938 0.929 0.910 1.037 1.035 1.016 0.994 0.957 0.956 1.090 1.082 0.933 0.915 1.008 1.032 1.015 0.970 0.957 1.082 1.028 0.929 0.959 0.956 1.000 11.483 11.371 11.132 12.693 12.672 12.434 12.163 11.711 11.700 13.339 13.246 11.414 11.201 12.336 12.636 12.427 11.873 11.717 13.238 12.588 11.364 11.735 11.701 12.239 0.009 0.006 0.012 0.019 0.017 0.013 0.019 0.008 0.012 0.018 0.023 0.053 0.055 0.110 0.113 0.063 0.056 0.059 0.066 0.058 0.054 0.053 0.055 0.050
14.357 1.009 13.254 129754.366 0.998 13.114 0.935 0.926 0.907 1.032 1.030 1.012 0.990 0.955 0.954 1.085 1.078 0.930 0.912 1.003 1.027 1.011 0.968 0.955 1.077 1.027 0.926 0.957 0.954 1.000 12.371 12.252 11.999 13.650 13.626 13.382 13.100 12.633 12.621 14.357 14.263 12.298 12.071 13.274 13.590 13.375 12.801 12.639 14.251 13.587 12.245 12.657 12.622 13.229 0.009 0.006 0.012 0.019 0.017 0.013 0.019 0.008 0.012 0.018 0.023 0.053 0.055 0.110 0.112 0.062 0.056 0.059 0.066 0.058 0.054 0.053 0.055 0.050
15.376 1.013 13.255 133404.373 0.998 14.043 0.931 0.922 0.903 1.025 1.024 1.006 0.986 0.953 0.952 1.081 1.074 0.925 0.909 0.998 1.021 1.006 0.965 0.953 1.073 1.026 0.921 0.955 0.952 1.000 13.234 13.112 12.847 14.581 14.560 14.313 14.028 13.552 13.543 15.376 15.281 13.159 12.923 14.188 14.523 14.306 13.722 13.559 15.264 14.588 13.105 13.577 13.543 14.221 0.009 0.006 0.012 0.019 0.017 0.013 0.019 0.008 0.012 0.018 0.023 0.053 0.055 0.110 0.112 0.062 0.056 0.059 0.066 0.058 0.054 0.053 0.055 0.050
16.394 1.015 13.255 137097.170 0.998 14.982 0.928 0.920 0.902 1.021 1.019 1.003 0.984 0.952 0.951 1.078 1.071 0.923 0.907 0.994 1.017 1.002 0.963 0.952 1.070 1.025 0.919 0.953 0.951 1.000 14.117 13.992 13.714 15.529 15.507 15.254 14.964 14.476 14.466 16.394 16.298 14.039 13.794 15.119 15.469 15.247 14.650 14.483 16.277 15.588 13.984 14.501 14.467 15.211 0.009 0.006 0.012 0.019 0.017 0.013 0.019 0.008 0.012 0.018 0.023 0.053 0.055 0.109 0.112 0.062 0.056 0.059 0.066 0.059 0.054 0.053 0.055 0.050
17.412 1.018 13.256 140790.509 0.998 15.921 0.926 0.918 0.900 1.017 1.016 1.000 0.981 0.951 0.950 1.075 1.069 0.921 0.905 0.991 1.013 0.999 0.962 0.951 1.067 1.024 0.917 0.952 0.950 1.000 14.999 14.872 14.580 16.478 16.455 16.196 15.899 15.400 15.389 17.412 17.314 14.920 14.664 16.051 16.416 16.189 15.578 15.407 17.289 16.587 14.864 15.426 15.390 16.201 0.009 0.006 0.012 0.019 0.017 0.013 0.019 0.008 0.012 0.018 0.023 0.053 0.055 0.109 0.112 0.062 0.056 0.059 0.066 0.059 0.054 0.053 0.055 0.050
18.431 1.020 13.256 144485.463 0.998 16.860 0.924 0.916 0.899 1.014 1.012 0.997 0.979 0.950 0.949 1.072 1.066 0.919 0.904 0.988 1.010 0.997 0.960 0.950 1.065 1.023 0.916 0.951 0.949 1.000 15.883 15.753 15.447 17.427 17.404 17.139 16.835 16.324 16.312 18.431 18.331 15.802 15.536 16.984 17.364 17.132 16.507 16.331 18.302 17.586 15.744 16.350 16.313 17.191 0.009 0.006 0.012 0.019 0.017 0.013 0.019 0.008 0.012 0.018 0.023 0.053 0.055 0.109 0.112 0.062 0.056 0.059 0.066 0.059 0.054 0.053 0.055 0.050
19.449 1.020 13.257 148158.934 0.998 17.821 0.924 0.916 0.899 1.012 1.011 0.996 0.979 0.950 0.950 1.070 1.064 0.919 0.904 0.987 1.009 0.996 0.961 0.951 1.062 1.022 0.916 0.952 0.950 1.000 16.792 16.659 16.340 18.405 18.380 18.109 17.798 17.275 17.263 19.449 19.347 16.710 16.432 17.943 18.339 18.101 17.462 17.282 19.316 18.584 16.650 17.302 17.264 18.180 0.009 0.006 0.012 0.019 0.017 0.013 0.019 0.008 0.012 0.018 0.023 0.053 0.055 0.109 0.112 0.062 0.056 0.059 0.066 0.059 0.054 0.053 0.056 0.050
20.467 1.017 13.260 151679.748 0.998 18.857 0.930 0.923 0.906 1.016 1.015 1.000 0.983 0.955 0.954 1.068 1.062 0.926 0.911 0.991 1.012 1.000 0.965 0.955 1.061 1.022 0.922 0.957 0.954 1.000 17.825 17.689 17.357 19.477 19.448 19.166 18.845 18.307 18.292 20.467 20.362 17.741 17.453 19.004 19.405 19.159 18.500 18.314 20.335 19.582 17.680 18.335 18.293 19.168 0.009 0.006 0.012 0.019 0.017 0.013 0.019 0.008 0.012 0.018 0.023 0.053 0.055 0.109 0.112 0.062 0.056 0.059 0.065 0.058 0.054 0.053 0.056 0.050
21.486 1.014 13.263 154888.908 0.998 19.878 0.935 0.928 0.912 1.017 1.016 1.002 0.986 0.959 0.958 1.066 1.061 0.931 0.917 0.994 1.014 1.002 0.968 0.959 1.059 1.021 0.928 0.960 0.958 1.000 18.859 18.718 18.388 20.510 20.483 20.199 19.875 19.328 19.317 21.486 21.380 18.772 18.484 20.034 20.440 20.192 19.523 19.336 21.354 20.583 18.710 19.356 19.318 20.160 0.009 0.006 0.012 0.019 0.017 0.013 0.019 0.008 0.012 0.018 0.023 0.053 0.055 0.109 0.111 0.062 0.056 0.059 0.065 0.058 0.054 0.053 0.056 0.050
22.504 1.011 13.265 158149.469 0.998 20.916 0.942 0.935 0.920 1.020 1.018 1.005 0.989 0.962 0.962 1.064 1.059 0.938 0.924 0.997 1.016 1.004 0.972 0.963 1.058 1.020 0.935 0.964 0.962 1.000 19.923 19.779 19.447 21.568 21.539 21.248 20.916 20.355 20.344 22.504 22.396 19.834 19.543 21.090 21.495 21.240 20.556 20.363 22.372 21.581 19.770 20.384 20.344 21.149 0.009 0.006 0.012 0.019 0.017 0.013 0.019 0.008 0.012 0.017 0.022 0.054 0.056 0.109 0.111 0.062 0.056 0.059 0.065 0.058 0.055 0.053 0.056 0.050
23.522 1.008 13.268 161412.592 0.999 21.955 0.948 0.941 0.926 1.022 1.021 1.007 0.992 0.966 0.965 1.063 1.058 0.944 0.931 1.000 1.019 1.007 0.975 0.966 1.057 1.020 0.941 0.967 0.965 1.000 20.988 20.841 20.507 22.627 22.597 22.298 21.957 21.383 21.370 23.522 23.412 20.897 20.604 22.148 22.552 22.290 21.588 21.390 23.391 22.579 20.832 21.412 21.371 22.137 0.009 0.006 0.012 0.019 0.017 0.013 0.019 0.008 0.012 0.017 0.022 0.054 0.056 0.109 0.111 0.062 0.056 0.059 0.065 0.058 0.055 0.053 0.056 0.050
24.541 1.006 13.269 164523.298 0.999 22.972 0.952 0.946 0.931 1.023 1.022 1.009 0.994 0.969 0.969 1.062 1.056 0.948 0.936 1.002 1.020 1.009 0.978 0.969 1.056 1.020 0.945 0.970 0.969 1.000 22.016 21.866 21.533 23.656 23.628 23.327 22.983 22.400 22.390 24.541 24.420 21.923 21.629 23.174 23.583 23.319 22.607 22.408 24.409 23.569 21.856 22.429 22.391 23.118 0.009 0.006 0.012 0.019 0.017 0.013 0.019 0.008 0.012 0.017 0.022 0.054 0.056 0.109 0.111 0.062 0.056 0.059 0.064 0.058 0.055 0.054 0.056 0.050
25.559 1.004 13.271 166980.647 0.999 24.007 0.957 0.951 0.937 1.025 1.024 1.011 0.996 0.972 0.971 1.060 1.055 0.953 0.941 1.005 1.022 1.011 0.980 0.972 1.055 1.019 0.950 0.973 0.971 1.000 23.070 22.916 22.581 24.705 24.686 24.377 24.019 23.421 23.410 25.559 25.426 22.974 22.677 24.221 24.640 24.368 23.635 23.430 25.428 24.565 22.906 23.452 23.411 24.108 0.010 0.006 0.012 0.019 0.017 0.013 0.019 0.008 0.012 0.017 0.022 0.054 0.056 0.109 0.111 0.062 0.056 0.059 0.064 0.057 0.055 0.054 0.056 0.050
26.578 1.004 13.272 168108.800 0.999 25.022 0.958 0.952 0.939 1.024 1.023 1.011 0.996 0.972 0.972 1.058 1.052 0.955 0.943 1.004 1.021 1.010 0.981 0.973 1.052 1.018 0.952 0.974 0.972 1.000 24.084 23.927 23.594 25.721 25.705 25.398 25.038 24.437 24.429 26.578 26.446 23.987 23.690 25.237 25.658 25.389 24.651 24.446 26.446 25.585 23.918 24.467 24.429 25.129 0.010 0.006 0.012 0.019 0.017 0.013 0.019 0.008 0.012 0.017 0.022 0.054 0.056 0.109 0.111 0.062 0.056 0.059 0.064 0.057 0.055 0.054 0.056 0.050
27.596 1.003 13.273 168282.573 0.999 26.057 0.961 0.955 0.942 1.024 1.023 1.011 0.997 0.974 0.974 1.056 1.050 0.958 0.946 1.005 1.021 1.011 0.982 0.974 1.050 1.017 0.955 0.975 0.974 1.000 25.133 24.976 24.639 26.762 26.741 26.431 26.068 25.464 25.452 27.596 27.463 25.036 24.736 26.279 26.695 26.422 25.679 25.472 27.465 26.602 24.967 25.495 25.453 26.145 0.010 0.006 0.012 0.019 0.017 0.013 0.019 0.008 0.012 0.017 0.022 0.054 0.057 0.109 0.111 0.062 0.056 0.060 0.064 0.057 0.055 0.054 0.056 0.050
28.614 1.003 13.274 168389.890 0.999 27.071 0.962 0.957 0.944 1.022 1.022 1.010 0.997 0.975 0.975 1.053 1.049 0.959 0.948 1.005 1.020 1.010 0.983 0.975 1.049 1.017 0.956 0.976 0.975 1.000 26.144 25.987 25.650 27.772 27.754 27.445 27.084 26.482 26.473 28.614 28.483 26.047 25.747 27.289 27.707 27.437 26.697 26.492 28.483 27.621 25.977 26.513 26.474 27.165 0.010 0.006 0.012 0.019 0.017 0.013 0.019 0.008 0.012 0.017 0.022 0.054 0.057 0.109 0.111 0.062 0.056 0.060 0.064 0.057 0.055 0.054 0.056 0.050
29.633 1.004 13.275 168497.215 0.999 28.085 0.963 0.958 0.946 1.021 1.021 1.010 0.997 0.976 0.975 1.051 1.047 0.960 0.949 1.004 1.019 1.009 0.983 0.976 1.047 1.016 0.958 0.977 0.975 1.000 27.155 26.997 26.662 28.783 28.766 28.460 28.101 27.501 27.493 29.633 29.503 27.057 26.758 28.300 28.720 28.451 27.714 27.510 29.502 28.641 26.988 27.531 27.494 28.185 0.010 0.006 0.013 0.019 0.017 0.013 0.019 0.008 0.012 0.017 0.022 0.054 0.057 0.109 0.111 0.062 0.056 0.060 0.064 0.057 0.055 0.054 0.056 0.050
30.651 1.003 13.276 168606.968 0.999 29.122 0.966 0.961 0.949 1.022 1.021 1.010 0.998 0.977 0.977 1.050 1.045 0.963 0.952 1.005 1.019 1.010 0.984 0.977 1.045 1.016 0.960 0.978 0.977 1.000 28.208 28.050 27.712 29.828 29.806 29.495 29.132 28.528 28.516 30.651 30.520 28.110 27.809 29.346 29.759 29.487 28.743 28.537 30.520 29.657 28.040 28.559 28.517 29.200 0.010 0.006 0.013 0.019 0.017 0.013 0.019 0.008 0.012 0.017 0.022 0.055 0.057 0.109 0.111 0.062 0.056 0.060 0.063 0.057 0.056 0.054 0.056 0.049
31.669 1.003 13.276 168714.282 0.999 30.136 0.967 0.962 0.950 1.020 1.020 1.010 0.998 0.978 0.977 1.048 1.044 0.964 0.954 1.005 1.018 1.009 0.985 0.978 1.044 1.015 0.961 0.979 0.977 1.000 29.218 29.061 28.723 30.839 30.818 30.510 30.149 29.546 29.536 31.669 31.539 29.121 28.820 30.357 30.772 30.501 29.761 29.555 31.539 30.677 29.051 29.576 29.537 30.219 0.010 0.006 0.013 0.019 0.017 0.013 0.019 0.008 0.012 0.017 0.022 0.055 0.057 0.109 0.110 0.062 0.056 0.060 0.063 0.057 0.056 0.054 0.056 0.049
32.688 1.003 13.277 168821.602 0.999 31.150 0.968 0.963 0.952 1.020 1.019 1.009 0.998 0.978 0.978 1.046 1.042 0.965 0.955 1.004 1.017 1.009 0.985 0.979 1.042 1.015 0.962 0.979 0.978 1.000 30.229 30.072 29.734 31.850 31.831 31.524 31.165 30.564 30.556 32.688 32.558 30.132 29.831 31.368 31.785 31.516 30.778 30.573 32.557 31.696 30.062 30.594 30.556 31.239 0.010 0.006 0.013 0.019 0.017 0.013 0.019 0.008 0.012 0.017 0.022 0.055 0.057 0.109 0.110 0.062 0.056 0.060 0.063 0.057 0.056 0.054 0.056 0.049
33.706 1.003 13.277 168928.930 0.999 32.164 0.968 0.964 0.953 1.019 1.018 1.009 0.998 0.979 0.979 1.045 1.041 0.965 0.956 1.004 1.017 1.008 0.986 0.979 1.041 1.014 0.963 0.980 0.979 1.000 31.240 31.083 30.746 32.862 32.844 32.539 32.182 31.582 31.575 33.706 33.578 31.143 30.842 32.379 32.798 32.531 31.795 31.592 33.576 32.715 31.073 31.612 31.576 32.258 0.010 0.006 0.013 0.019 0.017 0.013 0.019 0.008 0.012 0.017 0.022 0.055 0.057 0.109 0.110 0.062 0.056 0.060 0.063 0.057 0.056 0.054 0.056 0.049
34.724 1.002 13.278 169039.028 0.999 33.205 0.971 0.966 0.956 1.019 1.018 1.009 0.998 0.980 0.980 1.044 1.040 0.968 0.959 1.005 1.017 1.009 0.987 0.980 1.040 1.014 0.966 0.981 0.980 1.000 32.299 32.141 31.801 33.911 33.888 33.577 33.215 32.609 32.598 34.724 34.594 32.201 31.898 33.430 33.841 33.568 32.825 32.618 34.594 33.730 32.131 32.640 32.598 33.273 0.010 0.006 0.013 0.019 0.017 0.013 0.019 0.008 0.012 0.017 0.022 0.055 0.057 0.109 0.110 0.062 0.056 0.060 0.063 0.057 0.056 0.054 0.056 0.049
35.743 1.002 13.279 169146.349 0.999 34.219 0.971 0.967 0.957 1.018 1.018 1.009 0.998 0.981 0.980 1.042 1.039 0.969 0.960 1.004 1.016 1.008 0.987 0.981 1.039 1.013 0.966 0.981 0.980 1.000 33.310 33.152 32.812 34.923 34.901 34.592 34.231 33.627 33.617 35.743 35.614 33.212 32.910 34.441 34.854 34.583 33.842 33.636 35.613 34.750 33.142 33.657 33.617 34.292 0.010 0.006 0.013 0.019 0.017 0.013 0.019 0.008 0.012 0.017 0.022 0.055 0.057 0.109 0.110 0.062 0.056 0.060 0.063 0.057 0.056 0.054 0.056 0.049
36.761 1.002 13.279 169253.675 1.000 35.234 0.972 0.967 0.958 1.018 1.017 1.008 0.998 0.981 0.981 1.041 1.037 0.969 0.961 1.004 1.016 1.008 0.987 0.981 1.037 1.013 0.967 0.982 0.981 1.000 34.321 34.163 33.824 35.935 35.914 35.607 35.247 34.644 34.635 36.761 36.633 34.223 33.921 35.453 35.868 35.598 34.859 34.654 36.631 35.769 34.153 34.675 34.636 35.311 0.010 0.006 0.013 0.019 0.017 0.013 0.019 0.008 0.012 0.017 0.022 0.055 0.057 0.109 0.110 0.062 0.057 0.060 0.063 0.057 0.056 0.054 0.056 0.049
37.780 1.002 13.279 169361.007 1.000 36.248 0.973 0.968 0.959 1.017 1.016 1.008 0.998 0.982 0.981 1.040 1.036 0.970 0.962 1.004 1.015 1.008 0.987 0.982 1.036 1.013 0.968 0.982 0.981 1.000 35.333 35.174 34.835 36.947 36.928 36.622 36.264 35.662 35.654 37.780 37.652 35.235 34.933 36.465 36.881 36.613 35.876 35.671 37.649 36.788 35.165 35.692 35.655 36.330 0.010 0.006 0.013 0.019 0.017 0.013 0.019 0.008 0.012 0.017 0.022 0.055 0.057 0.109 0.110 0.062 0.057 0.060 0.063 0.057 0.056 0.054 0.056 0.049
38.798 1.002 13.280 169468.346 1.000 37.263 0.973 0.969 0.960 1.016 1.016 1.008 0.998 0.982 0.982 1.039 1.035 0.970 0.962 1.003 1.015 1.007 0.988 0.982 1.035 1.012 0.969 0.983 0.982 1.000 36.344 36.186 35.847 37.960 37.942 37.637 37.280 36.679 36.673 38.798 38.671 36.246 35.945 37.478 37.895 37.628 36.892 36.689 38.668 37.807 36.177 36.709 36.674 37.349 0.010 0.006 0.013 0.019 0.017 0.013 0.019 0.008 0.012 0.017 0.022 0.055 0.057 0.109 0.110 0.062 0.057 0.060 0.063 0.057 0.056 0.054 0.056 0.049
39.816 1.002 13.280 169575.691 1.000 38.277 0.974 0.970 0.961 1.016 1.015 1.007 0.998 0.983 0.982 1.038 1.034 0.971 0.963 1.003 1.014 1.007 0.988 0.983 1.034 1.012 0.969 0.983 0.982 1.000 37.356 37.198 36.859 38.972 38.955 38.652 38.297 37.697 37.691 39.816 39.690 37.258 36.957 38.490 38.909 38.643 37.909 37.707 39.686 38.826 37.188 37.726 37.692 38.368 0.010 0.006 0.013 0.019 0.017 0.013 0.019 0.008 0.012 0.017 0.022 0.055 0.057 0.109 0.110 0.062 0.057 0.060 0.063 0.057 0.056 0.054 0.056 0.049
40.835 1.001 13.280 169686.261 1.000 39.324 0.976 0.972 0.963 1.016 1.016 1.008 0.999 0.983 0.983 1.037 1.034 0.973 0.965 1.004 1.015 1.008 0.989 0.984 1.034 1.012 0.971 0.984 0.983 1.000 38.422 38.263 37.921 40.028 40.003 39.693 39.331 38.725 38.714 40.835 40.706 38.324 38.019 39.547 39.957 39.684 38.941 38.734 40.705 39.840 38.253 38.756 38.715 39.381 0.010 0.006 0.013 0.019 0.017 0.013 0.019 0.008 0.012 0.017 0.022 0.055 0.058 0.109 0.110 0.062 0.057 0.060 0.063 0.057 0.056 0.054 0.056 0.049
41.853 1.002 13.281 169793.602 1.000 40.338 0.976 0.972 0.964 1.016 1.015 1.008 0.999 0.984 0.983 1.036 1.033 0.974 0.966 1.004 1.014 1.007 0.989 0.984 1.033 1.011 0.972 0.984 0.983 1.000 39.433 39.275 38.933 41.040 41.017 40.708 40.348 39.742 39.732 41.853 41.725 39.335 39.031 40.559 40.970 40.699 39.957 39.751 41.723 40.859 39.265 39.773 39.733 40.400 0.010 0.006 0.013 0.019 0.017 0.013 0.019 0.008 0.012 0.017 0.022 0.055 0.058 0.109 0.110 0.062 0.057 0.060 0.063 0.057 0.056 0.054 0.056 0.049
42.871 1.002 13.281 169900.947 1.000 41.353 0.976 0.973 0.964 1.015 1.015 1.007 0.999 0.984 0.984 1.035 1.032 0.974 0.967 1.004 1.014 1.007 0.989 0.984 1.032 1.011 0.972 0.985 0.984 1.000 40.445 40.286 39.945 42.053 42.031 41.723 41.364 40.759 40.750 42.871 42.744 40.347 40.043 41.572 41.985 41.714 40.974 40.769 42.741 41.878 40.277 40.790 40.751 41.419 0.010 0.006 0.013 0.019 0.017 0.013 0.019 0.008 0.012 0.017 0.022 0.055 0.058 0.109 0.110 0.062 0.057 0.060 0.063 0.057 0.056 0.054 0.056 0.049
43.890 1.002 13.281 170008.297 1.000 42.368 0.977 0.973 0.965 1.015 1.014 1.007 0.999 0.984 0.984 1.034 1.031 0.975 0.967 1.003 1.013 1.007 0.989 0.985 1.031 1.011 0.973 0.985 0.984 1.000 41.457 41.298 40.957 43.066 43.045 42.738 42.380 41.777 41.769 43.890 43.763 41.359 41.055 42.585 42.999 42.730 41.991 41.786 43.760 42.897 41.289 41.806 41.769 42.437 0.010 0.006 0.013 0.019 0.017 0.013 0.019 0.008 0.012 0.017 0.022 0.055 0.058 0.109 0.110 0.062 0.057 0.060 0.062 0.057 0.056 0.054 0.056 0.049
44.908 1.002 13.281 170115.652 1.000 43.383 0.977 0.974 0.966 1.014 1.014 1.007 0.999 0.985 0.985 1.033 1.031 0.975 0.968 1.003 1.013 1.007 0.990 0.985 1.030 1.011 0.973 0.985 0.985 1.000 42.469 42.310 41.969 44.079 44.060 43.753 43.397 42.794 42.787 44.908 44.782 42.371 42.067 43.598 44.013 43.745 43.007 42.804 44.778 43.915 42.301 42.823 42.787 43.456 0.010 0.006 0.013 0.019 0.017 0.013 0.019 0.008 0.012 0.017 0.022 0.055 0.058 0.109 0.110 0.062 0.057 0.060 0.062 0.057 0.056 0.054 0.056 0.049
45.927 1.002 13.281 170223.012 1.000 44.397 0.978 0.974 0.966 1.014 1.013 1.007 0.999 0.985 0.985 1.033 1.030 0.975 0.969 1.003 1.012 1.006 0.990 0.985 1.030 1.010 0.974 0.986 0.985 1.000 43.481 43.322 42.981 45.093 45.074 44.769 44.413 43.811 43.805 45.927 45.801 43.383 43.079 44.611 45.028 44.760 44.024 43.821 45.796 44.934 43.313 43.840 43.806 44.475 0.010 0.006 0.013 0.019 0.017 0.013 0.019 0.008 0.012 0.017 0.022 0.055 0.058 0.109 0.110 0.062 0.057 0.060 0.062 0.057 0.056 0.054 0.056 0.049
46.945 1.002 13.281 170330.376 1.000 45.412 0.978 0.975 0.967 1.013 1.013 1.006 0.999 0.985 0.985 1.032 1.029 0.976 0.969 1.003 1.012 1.006 0.990 0.986 1.029 1.010 0.974 0.986 0.985 1.000 44.494 44.335 43.994 46.106 46.088 45.784 45.429 44.828 44.823 46.945 46.820 44.395 44.092 45.624 46.042 45.776 45.041 44.838 46.815 45.953 44.325 44.857 44.824 45.493 0.010 0.006 0.013 0.019 0.017 0.013 0.019 0.008 0.012 0.017 0.022 0.055 0.058 0.109 0.110 0.062 0.057 0.060 0.062 0.057 0.056 0.054 0.056 0.049
47.963 1.002 13.282 170437.745 1.000 46.427 0.978 0.975 0.968 1.013 1.013 1.006 0.999 0.986 0.986 1.031 1.029 0.976 0.970 1.003 1.012 1.006 0.990 0.986 1.028 1.010 0.975 0.986 0.986 1.000 45.506 45.347 45.007 47.120 47.103 46.800 46.446 45.845 45.841 47.963 47.838 45.408 45.105 46.637 47.057 46.791 46.057 45.855 47.833 46.971 45.338 45.874 45.841 46.512 0.010 0.006 0.013 0.019 0.017 0.013 0.019 0.008 0.012 0.017 0.022 0.055 0.058 0.109 0.110 0.062 0.057 0.060 0.062 0.057 0.056 0.054 0.056 0.049
48.982 1.001 13.282 170549.012 1.000 47.481 0.980 0.977 0.970 1.014 1.013 1.007 0.999 0.986 0.986 1.031 1.028 0.978 0.972 1.004 1.012 1.007 0.991 0.987 1.028 1.010 0.977 0.987 0.986 1.000 46.582 46.422 46.077 48.183 48.157 47.845 47.483 46.875 46.863 48.982 48.854 46.483 46.176 47.702 48.110 47.836 47.091 46.884 48.852 47.984 46.413 46.905 46.864 47.523 0.010 0.006 0.013 0.019 0.017 0.013 0.019 0.008 0.012 0.017 0.022 0.055 0.058 0.109 0.110 0.062 0.057 0.060 0.062 0.057 0.056 0.054 0.056 0.049
50.000 1.001 13.282 170656.380 1.000 48.497 0.980 0.977 0.970 1.013 1.013 1.007 0.999 0.987 0.986 1.030 1.027 0.978 0.972 1.004 1.012 1.006 0.991 0.987 1.027 1.009 0.977 0.987 0.986 1.000 47.594 47.435 47.090 49.197 49.171 48.860 48.500 47.892 47.881 50.000 49.872 47.495 47.189 48.715 49.124 48.852 48.108 47.901 49.870 49.003 47.425 47.922 47.882 48.542 0.010 0.006 0.013 0.019 0.017 0.013 0.019 0.008 0.012 0.017 0.021 0.055 0.058 0.109 0.110 0.062 0.057 0.060 0.062 0.057 0.056 0.054 0.056 0.049
