0.100 1.035 6.593 253.282 0.988 0.089 0.752 0.673 0.793 0.789 1.018 1.087 1.000 0.069 0.062 0.073 0.073 0.094 0.100 0.092 0.030 0.040 0.047 0.046 0.060 0.053 0.725
1.118 1.035 6.593 2832.620 0.988 0.994 0.752 0.673 0.793 0.789 1.018 1.087 1.000 0.773 0.693 0.816 0.812 1.047 1.118 1.029 0.030 0.040 0.047 0.046 0.060 0.053 0.725
2.137 1.035 6.593 5411.959 0.988 1.900 0.752 0.673 0.793 0.789 1.018 1.087 1.000 1.478 1.324 1.559 1.552 2.001 2.137 1.966 0.030 0.040 0.047 0.046 0.060 0.053 0.725
3.155 1.035 6.593 7991.297 0.988 2.805 0.752 0.673 0.793 0.789 1.018 1.087 1.000 2.182 1.954 2.302 2.291 2.955 3.155 2.903 0.030 0.040 0.047 0.046 0.060 0.053 0.725
4.173 1.035 6.593 10570.635 0.988 3.711 0.752 0.673 0.793 0.789 1.018 1.087 1.000 2.886 2.585 3.045 3.031 3.909 4.173 3.840 0.030 0.040 0.047 0.046 0.060 0.053 0.725
5.192 1.035 6.593 13149.974 0.988 4.616 0.752 0.673 0.793 0.789 1.018 1.087 1.000 3.590 3.216 3.788 3.770 4.862 5.192 4.778 0.030 0.040 0.047 0.046 0.060 0.053 0.725
6.210 1.035 6.593 15729.312 0.988 5.522 0.752 0.673 0.793 0.789 1.018 1.087 1.000 4.295 3.847 4.530 4.510 5.816 6.210 5.715 0.030 0.040 0.047 0.046 0.060 0.053 0.725
7.229 1.035 6.593 18308.651 0.988 6.427 0.752 0.673 0.793 0.789 1.018 1.087 1.000 4.999 4.477 5.273 5.249 6.770 7.229 6.652 0.030 0.040 0.047 0.046 0.060 0.053 0.725
8.247 1.035 6.593 20887.989 0.988 7.332 0.752 0.673 0.793 0.789 1.018 1.087 1.000 5.703 5.108 6.016 5.989 7.723 8.247 7.589 0.030 0.040 0.047 0.046 0.060 0.053 0.725
9.265 1.035 6.593 23467.328 0.988 8.238 0.752 0.673 0.793 0.789 1.018 1.087 1.000 6.407 5.739 6.759 6.729 8.677 9.265 8.526 0.030 0.040 0.047 0.046 0.060 0.053 0.725
10.284 1.035 6.593 26046.681 0.988 9.143 0.752 0.673 0.793 0.789 1.018 1.087 1.000 7.112 6.370 7.502 7.468 9.631 10.284 9.463 0.030 0.040 0.047 0.046 0.060 0.053 0.725
11.302 1.035 6.593 28626.074 0.988 10.049 0.752 0.673 0.793 0.789 1.018 1.087 1.000 7.816 7.001 8.246 8.208 10.585 11.302 10.400 0.030 0.040 0.047 0.046 0.060 0.053 0.725
12.320 1.035 6.593 31205.441 0.988 10.954 0.752 0.673 0.793 0.789 1.018 1.087 1.000 8.521 7.632 8.989 8.948 11.539 12.320 11.337 0.030 0.040 0.047 0.046 0.060 0.053 0.725
13.339 1.036 6.592 33436.134 0.987 11.873 0.747 0.670 0.789 0.786 1.015 1.085 1.000 9.191 8.234 9.703 9.667 12.479 13.339 12.296 0.029 0.039 0.047 0.046 0.060 0.053 0.725
14.357 1.038 6.584 34722.705 0.986 12.827 0.731 0.656 0.776 0.777 1.005 1.078 1.000 9.737 8.738 10.332 10.346 13.384 14.357 13.320 0.029 0.039 0.046 0.046 0.059 0.053 0.728
15.376 1.040 6.578 35973.840 0.985 13.781 0.718 0.646 0.766 0.771 0.998 1.073 1.000 10.294 9.255 10.984 11.059 14.303 15.376 14.336 0.028 0.038 0.045 0.046 0.059 0.053 0.730
16.394 1.042 6.573 37229.120 0.985 14.735 0.707 0.637 0.758 0.767 0.992 1.068 1.000 10.858 9.776 11.639 11.774 15.224 16.394 15.350 0.028 0.038 0.045 0.046 0.059 0.053 0.732
17.412 1.042 6.572 38481.533 0.984 15.693 0.704 0.635 0.755 0.765 0.988 1.064 1.000 11.516 10.386 12.357 12.520 16.157 17.412 16.360 0.028 0.038 0.045 0.046 0.059 0.053 0.732
18.431 1.043 6.571 39716.359 0.984 16.655 0.703 0.635 0.754 0.764 0.984 1.061 1.000 12.215 11.036 13.098 13.277 17.093 18.431 17.372 0.028 0.038 0.045 0.045 0.059 0.053 0.733
19.449 1.044 6.571 40950.938 0.984 17.616 0.702 0.636 0.753 0.763 0.981 1.058 1.000 12.913 11.686 13.840 14.033 18.029 19.449 18.383 0.028 0.038 0.045 0.045 0.058 0.052 0.733
20.467 1.044 6.571 42185.365 0.984 18.577 0.702 0.636 0.752 0.763 0.978 1.055 1.000 13.611 12.335 14.581 14.789 18.965 20.467 19.394 0.028 0.038 0.045 0.045 0.058 0.052 0.733
21.486 1.044 6.571 43420.418 0.984 19.538 0.701 0.636 0.751 0.762 0.975 1.053 1.000 14.310 12.985 15.323 15.546 19.901 21.486 20.405 0.028 0.038 0.045 0.045 0.058 0.052 0.734
22.504 1.045 6.571 44656.522 0.984 20.499 0.701 0.637 0.750 0.761 0.973 1.051 1.000 15.011 13.637 16.066 16.304 20.837 22.504 21.415 0.028 0.038 0.045 0.045 0.058 0.052 0.734
23.522 1.045 6.571 45854.006 0.984 21.460 0.700 0.637 0.750 0.761 0.971 1.049 1.000 15.697 14.279 16.809 17.075 21.778 23.522 22.426 0.028 0.038 0.045 0.045 0.058 0.052 0.734
24.541 1.044 6.573 46762.912 0.985 22.417 0.700 0.638 0.753 0.770 0.973 1.048 1.000 16.385 14.947 17.639 18.021 22.786 24.541 23.413 0.028 0.038 0.045 0.046 0.058 0.052 0.734
25.559 1.044 6.575 47427.949 0.985 23.384 0.698 0.639 0.756 0.776 0.974 1.047 1.000 17.050 15.594 18.447 18.950 23.782 25.559 24.415 0.028 0.038 0.045 0.046 0.058 0.052 0.733
26.578 1.045 6.573 47703.375 0.985 24.369 0.693 0.636 0.754 0.779 0.972 1.044 1.000 17.648 16.182 19.195 19.828 24.750 26.578 25.453 0.028 0.038 0.045 0.046 0.058 0.052 0.734
27.596 1.045 6.573 47986.313 0.985 25.353 0.689 0.634 0.753 0.782 0.971 1.042 1.000 18.259 16.781 19.953 20.714 25.723 27.596 26.487 0.027 0.038 0.045 0.047 0.058 0.052 0.734
28.614 1.043 6.584 48100.259 0.986 26.361 0.707 0.652 0.767 0.794 0.974 1.041 1.000 19.440 17.935 21.095 21.817 26.776 28.614 27.493 0.028 0.039 0.046 0.047 0.058 0.051 0.731
29.633 1.041 6.596 48133.746 0.988 27.382 0.729 0.675 0.784 0.806 0.977 1.040 1.000 20.765 19.234 22.331 22.972 27.847 29.633 28.495 0.029 0.040 0.046 0.048 0.058 0.051 0.728
30.651 1.039 6.606 48166.924 0.990 28.403 0.747 0.695 0.798 0.817 0.980 1.039 1.000 22.046 20.493 23.537 24.107 28.911 30.651 29.498 0.029 0.041 0.047 0.048 0.058 0.051 0.726
31.669 1.037 6.614 48199.867 0.991 29.424 0.764 0.712 0.810 0.827 0.983 1.038 1.000 23.294 21.722 24.719 25.228 29.970 31.669 30.502 0.030 0.042 0.048 0.049 0.058 0.051 0.724
32.688 1.035 6.621 48232.636 0.992 30.446 0.778 0.728 0.822 0.836 0.985 1.037 1.000 24.517 22.928 25.884 26.338 31.024 32.688 31.507 0.030 0.043 0.048 0.049 0.058 0.051 0.722
33.706 1.033 6.626 48264.959 0.993 31.466 0.790 0.740 0.830 0.843 0.986 1.036 1.000 25.679 24.078 27.005 27.419 32.067 33.706 32.520 0.031 0.043 0.049 0.049 0.058 0.050 0.720
34.724 1.032 6.631 48297.456 0.993 32.489 0.801 0.753 0.839 0.850 0.988 1.036 1.000 26.863 25.249 28.142 28.513 33.115 34.724 33.526 0.031 0.044 0.049 0.050 0.058 0.050 0.718
35.743 1.031 6.635 48329.558 0.994 33.509 0.811 0.763 0.847 0.856 0.989 1.035 1.000 27.995 26.370 29.241 29.580 34.152 35.743 34.540 0.031 0.044 0.049 0.050 0.058 0.050 0.717
36.761 1.029 6.639 48361.883 0.995 34.531 0.820 0.774 0.854 0.863 0.990 1.034 1.000 29.154 27.518 30.361 30.663 35.197 36.761 35.547 0.032 0.045 0.050 0.050 0.058 0.050 0.716
37.780 1.028 6.642 48393.818 0.995 35.551 0.828 0.783 0.860 0.868 0.991 1.033 1.000 30.263 28.619 31.444 31.720 36.230 37.780 36.562 0.032 0.045 0.050 0.050 0.057 0.050 0.715
38.798 1.028 6.644 48425.704 0.995 36.571 0.835 0.791 0.865 0.872 0.992 1.033 1.000 31.365 29.713 32.521 32.775 37.262 38.798 37.577 0.032 0.046 0.050 0.051 0.057 0.050 0.714
39.816 1.026 6.647 48457.849 0.996 37.594 0.842 0.799 0.871 0.877 0.993 1.032 1.000 32.497 30.837 33.623 33.846 38.302 39.816 38.584 0.033 0.046 0.050 0.051 0.057 0.050 0.713
40.835 1.026 6.649 48489.619 0.996 38.613 0.848 0.806 0.876 0.881 0.993 1.031 1.000 33.583 31.916 34.689 34.893 39.332 40.835 39.600 0.033 0.047 0.051 0.051 0.057 0.050 0.712
41.853 1.025 6.651 48521.357 0.996 39.632 0.853 0.812 0.880 0.885 0.994 1.030 1.000 34.665 32.991 35.752 35.939 40.361 41.853 40.615 0.033 0.047 0.051 0.051 0.057 0.050 0.711
42.871 1.024 6.652 48553.066 0.997 40.652 0.859 0.818 0.884 0.888 0.994 1.030 1.000 35.742 34.063 36.812 36.982 41.389 42.871 41.631 0.033 0.047 0.051 0.051 0.057 0.049 0.711
43.890 1.023 6.654 48585.069 0.997 41.675 0.864 0.825 0.889 0.892 0.995 1.029 1.000 36.853 35.167 37.899 38.044 42.425 43.890 42.639 0.033 0.048 0.051 0.051 0.057 0.049 0.710
44.908 1.023 6.655 48616.697 0.997 42.694 0.869 0.830 0.892 0.895 0.995 1.029 1.000 37.920 36.229 38.951 39.083 43.452 44.908 43.655 0.033 0.048 0.051 0.052 0.057 0.049 0.709
45.927 1.022 6.656 48648.305 0.997 43.713 0.873 0.835 0.895 0.898 0.996 1.028 1.000 38.983 37.288 40.002 40.120 44.477 45.927 44.672 0.033 0.048 0.052 0.052 0.057 0.049 0.709
46.945 1.021 6.657 48679.895 0.997 44.732 0.876 0.839 0.898 0.901 0.996 1.028 1.000 40.044 38.344 41.050 41.156 45.503 46.945 45.688 0.034 0.048 0.052 0.052 0.057 0.049 0.708
47.963 1.021 6.658 48711.469 0.997 45.750 0.880 0.844 0.901 0.903 0.996 1.027 1.000 41.103 39.399 42.097 42.191 46.528 47.963 46.704 0.034 0.048 0.052 0.052 0.057 0.049 0.708
48.982 1.020 6.660 48743.392 0.998 46.775 0.884 0.849 0.905 0.906 0.997 1.027 1.000 42.201 40.491 43.174 43.247 47.563 48.982 47.712 0.034 0.049 0.052 0.052 0.057 0.049 0.707
50.000 1.020 6.661 48774.908 0.998 47.794 0.888 0.852 0.907 0.909 0.997 1.026 1.000 43.252 41.538 44.215 44.279 48.586 50.000 48.729 0.034 0.049 0.052 0.052 0.057 0.049 0.707
