0.100 1.109 12.700 1007.030 0.996 0.087 0.855 0.869 0.837 0.950 0.950 0.831 0.866 0.868 0.872 1.039 0.872 0.866 0.847 0.948 0.947 0.848 0.867 0.873 1.013 0.856 0.860 0.868 1.000 0.082 0.084 0.081 0.091 0.091 0.080 0.083 0.084 0.084 0.100 0.084 0.083 0.081 0.091 0.091 0.082 0.083 0.084 0.098 0.082 0.083 0.084 0.096 0.006 0.013 0.018 0.018 0.014 0.019 0.008 0.012 0.016 0.025 0.062 0.065 0.065 0.072 0.072 0.061 0.066 0.067 0.071 0.062 0.059 0.062 0.066
1.118 1.109 12.700 11262.291 0.996 0.971 0.855 0.869 0.837 0.950 0.950 0.831 0.866 0.868 0.872 1.039 0.872 0.866 0.847 0.948 0.947 0.848 0.867 0.873 1.013 0.856 0.860 0.868 1.000 0.921 0.936 0.901 1.022 1.022 0.894 0.933 0.935 0.939 1.118 0.939 0.933 0.911 1.021 1.020 0.913 0.934 0.939 1.091 0.922 0.926 0.935 1.077 0.006 0.013 0.018 0.018 0.014 0.019 0.008 0.012 0.016 0.025 0.062 0.065 0.065 0.072 0.072 0.061 0.066 0.067 0.071 0.062 0.059 0.062 0.066
2.137 1.109 12.700 21517.552 0.996 1.855 0.855 0.869 0.837 0.950 0.950 0.831 0.866 0.868 0.872 1.039 0.872 0.866 0.847 0.948 0.947 0.848 0.867 0.873 1.013 0.856 0.860 0.868 1.000 1.759 1.788 1.722 1.953 1.953 1.709 1.782 1.786 1.794 2.137 1.794 1.782 1.741 1.951 1.949 1.745 1.784 1.795 2.085 1.761 1.769 1.786 2.057 0.006 0.013 0.018 0.018 0.014 0.019 0.008 0.012 0.016 0.025 0.062 0.065 0.065 0.072 0.072 0.061 0.066 0.067 0.071 0.062 0.059 0.062 0.066
3.155 1.109 12.700 31772.814 0.996 2.739 0.855 0.869 0.837 0.950 0.950 0.831 0.866 0.868 0.872 1.039 0.872 0.866 0.847 0.948 0.947 0.848 0.867 0.873 1.013 0.856 0.860 0.868 1.000 2.597 2.640 2.543 2.884 2.884 2.523 2.631 2.637 2.649 3.155 2.649 2.631 2.571 2.880 2.877 2.577 2.634 2.650 3.078 2.600 2.612 2.637 3.037 0.006 0.013 0.018 0.018 0.014 0.019 0.008 0.012 0.016 0.025 0.062 0.065 0.065 0.072 0.072 0.061 0.066 0.067 0.071 0.062 0.059 0.062 0.066
4.173 1.109 12.700 42028.075 0.996 3.623 0.855 0.869 0.837 0.950 0.950 0.831 0.866 0.868 0.872 1.039 0.872 0.866 0.847 0.948 0.947 0.848 0.867 0.873 1.013 0.856 0.860 0.868 1.000 3.436 3.492 3.363 3.815 3.815 3.338 3.480 3.489 3.503 4.173 3.504 3.481 3.401 3.810 3.806 3.408 3.484 3.505 4.071 3.440 3.456 3.489 4.017 0.006 0.013 0.018 0.018 0.014 0.019 0.008 0.012 0.016 0.025 0.062 0.065 0.065 0.072 0.072 0.061 0.066 0.067 0.071 0.062 0.059 0.062 0.066
5.192 1.109 12.700 52283.337 0.996 4.507 0.855 0.869 0.837 0.950 0.950 0.831 0.866 0.868 0.872 1.039 0.872 0.866 0.847 0.948 0.947 0.848 0.867 0.873 1.013 0.856 0.860 0.868 1.000 4.274 4.344 4.184 4.746 4.746 4.152 4.330 4.340 4.358 5.192 4.359 4.330 4.231 4.739 4.735 4.240 4.334 4.361 5.065 4.279 4.299 4.340 4.998 0.006 0.013 0.018 0.018 0.014 0.019 0.008 0.012 0.016 0.025 0.062 0.065 0.065 0.072 0.072 0.061 0.066 0.067 0.071 0.062 0.059 0.062 0.066
6.210 1.109 12.700 62538.598 0.996 5.391 0.855 0.869 0.837 0.950 0.950 0.831 0.866 0.868 0.872 1.039 0.872 0.866 0.847 0.948 0.947 0.848 0.867 0.873 1.013 0.856 0.860 0.868 1.000 5.112 5.196 5.005 5.676 5.677 4.967 5.179 5.191 5.213 6.210 5.214 5.179 5.061 5.669 5.664 5.072 5.184 5.216 6.058 5.118 5.142 5.191 5.978 0.006 0.013 0.018 0.018 0.014 0.019 0.008 0.012 0.016 0.025 0.062 0.065 0.065 0.072 0.072 0.061 0.066 0.067 0.071 0.062 0.059 0.062 0.066
7.229 1.109 12.700 72793.859 0.996 6.275 0.855 0.869 0.837 0.950 0.950 0.831 0.866 0.868 0.872 1.039 0.872 0.866 0.847 0.948 0.947 0.848 0.867 0.873 1.013 0.856 0.860 0.868 1.000 5.950 6.048 5.825 6.607 6.608 5.781 6.028 6.043 6.068 7.229 6.069 6.029 5.891 6.599 6.592 5.904 6.034 6.071 7.052 5.957 5.985 6.043 6.958 0.006 0.013 0.018 0.018 0.014 0.019 0.008 0.012 0.016 0.025 0.062 0.065 0.065 0.072 0.072 0.061 0.066 0.067 0.071 0.062 0.059 0.062 0.066
8.247 1.109 12.700 83049.121 0.996 7.159 0.855 0.869 0.837 0.950 0.950 0.831 0.866 0.868 0.872 1.039 0.872 0.866 0.847 0.948 0.947 0.848 0.867 0.873 1.013 0.856 0.860 0.868 1.000 6.789 6.900 6.646 7.538 7.539 6.595 6.877 6.894 6.923 8.247 6.924 6.878 6.721 7.528 7.521 6.735 6.884 6.927 8.045 6.797 6.829 6.894 7.938 0.006 0.013 0.018 0.018 0.014 0.019 0.008 0.012 0.016 0.025 0.062 0.065 0.065 0.072 0.072 0.061 0.066 0.067 0.071 0.062 0.059 0.062 0.066
9.265 1.109 12.700 93304.382 0.996 8.043 0.855 0.869 0.837 0.950 0.950 0.831 0.866 0.868 0.872 1.039 0.872 0.866 0.847 0.948 0.947 0.848 0.867 0.873 1.013 0.856 0.860 0.868 1.000 7.627 7.752 7.467 8.469 8.470 7.410 7.726 7.745 7.778 9.265 7.779 7.727 7.551 8.458 8.450 7.567 7.734 7.782 9.039 7.636 7.672 7.745 8.919 0.006 0.013 0.018 0.018 0.014 0.019 0.008 0.012 0.016 0.025 0.062 0.065 0.065 0.072 0.072 0.061 0.066 0.067 0.071 0.062 0.059 0.062 0.066
10.284 1.109 12.700 103561.808 0.996 8.928 0.855 0.869 0.837 0.950 0.950 0.831 0.866 0.868 0.872 1.039 0.872 0.866 0.847 0.948 0.947 0.848 0.867 0.873 1.013 0.856 0.860 0.868 1.000 8.466 8.604 8.288 9.400 9.401 8.224 8.576 8.597 8.633 10.284 8.634 8.577 8.381 9.388 9.379 8.399 8.584 8.637 10.032 8.476 8.515 8.597 9.899 0.006 0.013 0.018 0.018 0.014 0.019 0.008 0.012 0.016 0.025 0.062 0.065 0.065 0.072 0.072 0.061 0.066 0.067 0.071 0.062 0.059 0.062 0.066
11.302 1.109 12.700 113824.771 0.996 9.812 0.855 0.869 0.837 0.950 0.950 0.831 0.866 0.868 0.872 1.039 0.872 0.867 0.847 0.948 0.947 0.848 0.867 0.873 1.013 0.856 0.860 0.868 1.000 9.305 9.457 9.109 10.332 10.333 9.039 9.425 9.448 9.488 11.302 9.490 9.427 9.212 10.318 10.308 9.231 9.435 9.493 11.026 9.316 9.359 9.448 10.879 0.006 0.013 0.018 0.018 0.014 0.019 0.008 0.012 0.016 0.025 0.062 0.065 0.065 0.072 0.072 0.061 0.066 0.067 0.071 0.062 0.059 0.062 0.066
12.320 1.106 12.701 124223.682 0.996 10.715 0.858 0.872 0.840 0.952 0.952 0.833 0.869 0.871 0.874 1.039 0.875 0.869 0.849 0.951 0.950 0.851 0.869 0.875 1.014 0.859 0.862 0.871 1.000 10.169 10.334 9.953 11.288 11.288 9.875 10.297 10.321 10.365 12.320 10.370 10.302 10.066 11.273 11.262 10.084 10.307 10.370 12.017 10.180 10.224 10.321 11.856 0.006 0.013 0.018 0.018 0.014 0.019 0.009 0.012 0.016 0.025 0.062 0.065 0.065 0.072 0.072 0.061 0.066 0.067 0.071 0.062 0.059 0.062 0.065
13.339 1.110 12.701 132970.290 0.996 11.606 0.855 0.869 0.837 0.947 0.947 0.831 0.866 0.868 0.872 1.035 0.871 0.866 0.847 0.946 0.945 0.848 0.867 0.872 1.012 0.856 0.860 0.868 1.000 11.012 11.191 10.788 12.200 12.202 10.703 11.153 11.181 11.233 13.339 11.225 11.156 10.906 12.184 12.173 10.926 11.164 11.238 13.040 11.025 11.075 11.181 12.881 0.006 0.013 0.018 0.018 0.014 0.019 0.009 0.012 0.016 0.025 0.062 0.065 0.065 0.072 0.072 0.061 0.066 0.067 0.071 0.062 0.059 0.062 0.066
14.357 1.114 12.699 140434.660 0.996 12.484 0.848 0.862 0.832 0.943 0.944 0.829 0.863 0.866 0.870 1.032 0.865 0.859 0.841 0.942 0.942 0.846 0.864 0.870 1.011 0.849 0.857 0.866 1.000 11.801 11.992 11.572 13.120 13.126 11.534 12.008 12.041 12.101 14.357 12.024 11.954 11.694 13.106 13.096 11.768 12.021 12.106 14.064 11.814 11.925 12.041 13.908 0.006 0.013 0.018 0.018 0.014 0.019 0.009 0.012 0.016 0.025 0.062 0.064 0.065 0.072 0.072 0.061 0.066 0.067 0.072 0.062 0.059 0.062 0.066
15.376 1.115 12.698 145147.020 0.996 13.388 0.847 0.860 0.830 0.942 0.943 0.830 0.863 0.866 0.870 1.030 0.862 0.857 0.839 0.941 0.940 0.846 0.864 0.870 1.010 0.848 0.858 0.866 1.000 12.641 12.839 12.397 14.065 14.074 12.390 12.891 12.925 12.984 15.376 12.877 12.800 12.524 14.051 14.043 12.638 12.904 12.989 15.086 12.655 12.804 12.925 14.931 0.006 0.013 0.018 0.018 0.014 0.019 0.009 0.012 0.016 0.025 0.062 0.064 0.064 0.072 0.072 0.061 0.066 0.067 0.072 0.062 0.059 0.062 0.066
16.394 1.115 12.699 149486.262 0.996 14.303 0.846 0.859 0.830 0.942 0.942 0.831 0.864 0.866 0.869 1.028 0.862 0.857 0.839 0.941 0.940 0.847 0.865 0.870 1.010 0.847 0.858 0.866 1.000 13.504 13.707 13.245 15.024 15.033 13.256 13.780 13.812 13.868 16.394 13.752 13.667 13.379 15.010 15.000 13.516 13.793 13.874 16.106 13.518 13.690 13.812 15.953 0.006 0.013 0.018 0.018 0.014 0.019 0.009 0.012 0.016 0.025 0.062 0.064 0.064 0.072 0.072 0.061 0.066 0.067 0.072 0.062 0.060 0.062 0.066
17.412 1.116 12.699 153761.004 0.996 15.207 0.845 0.857 0.829 0.940 0.941 0.831 0.864 0.866 0.869 1.026 0.860 0.855 0.837 0.940 0.939 0.847 0.864 0.869 1.009 0.846 0.858 0.866 1.000 14.345 14.555 14.076 15.966 15.978 14.112 14.662 14.695 14.751 17.412 14.606 14.514 14.216 15.952 15.943 14.386 14.675 14.757 17.128 14.360 14.568 14.695 16.976 0.006 0.013 0.018 0.018 0.014 0.019 0.009 0.012 0.016 0.025 0.061 0.064 0.064 0.072 0.072 0.061 0.066 0.067 0.072 0.062 0.060 0.062 0.066
18.431 1.117 12.699 158039.335 0.996 16.112 0.844 0.856 0.828 0.939 0.940 0.832 0.864 0.865 0.869 1.024 0.859 0.854 0.836 0.939 0.938 0.848 0.864 0.869 1.008 0.845 0.858 0.865 1.000 15.188 15.404 14.907 16.908 16.924 14.968 15.545 15.578 15.634 18.431 15.461 15.362 15.053 16.895 16.887 15.256 15.558 15.640 18.150 15.204 15.447 15.578 17.999 0.006 0.013 0.018 0.018 0.014 0.019 0.009 0.012 0.016 0.025 0.061 0.064 0.064 0.072 0.072 0.061 0.066 0.067 0.072 0.062 0.060 0.062 0.066
19.449 1.118 12.699 162321.126 0.996 17.017 0.843 0.854 0.827 0.938 0.939 0.832 0.864 0.865 0.868 1.022 0.858 0.852 0.835 0.938 0.937 0.848 0.864 0.869 1.008 0.844 0.858 0.865 1.000 16.032 16.254 15.740 17.852 17.870 15.825 16.428 16.462 16.516 19.449 16.317 16.212 15.892 17.839 17.831 16.127 16.442 16.524 19.171 16.048 16.326 16.462 19.022 0.006 0.013 0.018 0.018 0.014 0.019 0.009 0.012 0.016 0.025 0.061 0.064 0.064 0.072 0.072 0.061 0.066 0.067 0.072 0.062 0.060 0.062 0.066
20.467 1.115 12.701 166653.664 0.996 17.970 0.845 0.856 0.830 0.941 0.943 0.836 0.868 0.870 0.872 1.022 0.860 0.854 0.838 0.941 0.941 0.852 0.868 0.873 1.008 0.846 0.862 0.870 1.000 16.923 17.154 16.623 18.856 18.882 16.745 17.380 17.418 17.476 20.467 17.221 17.110 16.781 18.844 18.841 17.064 17.395 17.483 20.182 16.940 17.274 17.418 20.030 0.006 0.013 0.018 0.018 0.014 0.019 0.009 0.012 0.016 0.025 0.061 0.064 0.064 0.072 0.072 0.061 0.066 0.067 0.071 0.061 0.060 0.062 0.066
21.486 1.105 12.708 170244.447 0.997 19.016 0.856 0.868 0.842 0.948 0.949 0.846 0.877 0.879 0.882 1.022 0.871 0.865 0.849 0.947 0.947 0.862 0.878 0.882 1.008 0.857 0.872 0.879 1.000 17.999 18.231 17.685 19.923 19.943 17.789 18.432 18.470 18.530 21.486 18.297 18.187 17.847 19.909 19.903 18.112 18.447 18.537 21.179 18.016 18.324 18.470 21.016 0.006 0.013 0.018 0.018 0.014 0.019 0.009 0.012 0.017 0.025 0.062 0.064 0.065 0.072 0.072 0.062 0.066 0.067 0.071 0.062 0.060 0.062 0.065
22.504 1.097 12.714 173558.911 0.997 20.062 0.868 0.878 0.853 0.953 0.953 0.856 0.885 0.887 0.890 1.023 0.881 0.876 0.861 0.952 0.951 0.871 0.886 0.890 1.008 0.868 0.880 0.887 1.000 19.088 19.325 18.772 20.958 20.975 18.835 19.479 19.518 19.581 22.504 19.387 19.279 18.935 20.943 20.935 19.157 19.494 19.588 22.177 19.106 19.370 19.518 22.003 0.006 0.013 0.018 0.018 0.014 0.019 0.009 0.012 0.017 0.024 0.062 0.064 0.065 0.072 0.072 0.062 0.067 0.067 0.070 0.062 0.060 0.062 0.065
23.522 1.089 12.720 176873.392 0.997 21.108 0.878 0.888 0.864 0.957 0.957 0.865 0.893 0.895 0.897 1.023 0.891 0.886 0.871 0.956 0.956 0.879 0.893 0.898 1.008 0.878 0.888 0.895 1.000 20.178 20.418 19.858 21.995 22.008 19.880 20.525 20.565 20.631 23.522 20.476 20.372 20.023 21.979 21.968 20.202 20.541 20.638 23.175 20.195 20.415 20.565 22.990 0.006 0.013 0.018 0.018 0.014 0.019 0.009 0.012 0.017 0.024 0.062 0.065 0.065 0.072 0.072 0.062 0.067 0.067 0.070 0.062 0.060 0.062 0.064
24.541 1.083 12.724 180143.660 0.998 22.152 0.887 0.897 0.873 0.960 0.961 0.872 0.899 0.901 0.904 1.023 0.899 0.895 0.880 0.960 0.959 0.886 0.900 0.904 1.008 0.887 0.895 0.901 1.000 21.263 21.507 20.940 23.029 23.038 20.920 21.566 21.606 21.675 24.541 21.561 21.460 21.106 23.011 22.998 21.241 21.582 21.682 24.176 21.281 21.455 21.606 23.983 0.006 0.013 0.018 0.018 0.014 0.019 0.009 0.012 0.017 0.024 0.062 0.065 0.066 0.071 0.071 0.062 0.067 0.067 0.069 0.063 0.060 0.062 0.064
25.559 1.080 12.726 182900.060 0.998 23.158 0.891 0.901 0.878 0.961 0.961 0.877 0.903 0.905 0.908 1.022 0.903 0.899 0.885 0.960 0.959 0.890 0.904 0.908 1.008 0.892 0.898 0.905 1.000 22.280 22.531 21.960 24.014 24.025 21.922 22.573 22.618 22.693 25.559 22.578 22.482 22.127 23.996 23.986 22.245 22.590 22.700 25.195 22.298 22.461 22.618 25.002 0.006 0.013 0.018 0.018 0.014 0.019 0.009 0.012 0.017 0.024 0.062 0.065 0.066 0.071 0.071 0.062 0.067 0.067 0.069 0.063 0.060 0.063 0.064
26.578 1.076 12.729 185096.480 0.998 24.183 0.896 0.906 0.883 0.963 0.963 0.882 0.907 0.908 0.911 1.022 0.907 0.904 0.890 0.962 0.961 0.894 0.907 0.912 1.007 0.897 0.902 0.908 1.000 23.308 23.560 22.987 25.045 25.052 22.945 23.594 23.637 23.714 26.578 23.605 23.511 23.153 25.026 25.013 23.266 23.611 23.721 26.212 23.326 23.481 23.637 26.018 0.006 0.013 0.018 0.018 0.014 0.019 0.009 0.012 0.017 0.024 0.062 0.065 0.066 0.071 0.071 0.062 0.067 0.067 0.069 0.063 0.060 0.063 0.064
27.596 1.073 12.730 186282.671 0.998 25.194 0.899 0.909 0.887 0.964 0.964 0.886 0.910 0.912 0.915 1.021 0.910 0.907 0.894 0.963 0.963 0.898 0.911 0.915 1.007 0.900 0.906 0.912 1.000 24.314 24.569 23.991 26.056 26.065 23.961 24.612 24.658 24.738 27.596 24.611 24.518 24.157 26.037 26.025 24.282 24.630 24.745 27.230 24.332 24.498 24.658 27.035 0.006 0.013 0.018 0.018 0.014 0.019 0.009 0.012 0.017 0.024 0.062 0.065 0.066 0.071 0.071 0.062 0.067 0.067 0.069 0.063 0.060 0.063 0.063
28.614 1.070 12.732 186402.315 0.998 26.209 0.903 0.912 0.891 0.965 0.965 0.890 0.914 0.916 0.918 1.020 0.913 0.910 0.897 0.964 0.964 0.902 0.914 0.919 1.007 0.903 0.910 0.916 1.000 25.327 25.583 25.007 27.064 27.076 24.979 25.634 25.682 25.764 28.614 25.624 25.533 25.173 27.046 27.036 25.302 25.652 25.771 28.248 25.345 25.520 25.682 28.053 0.006 0.013 0.018 0.018 0.014 0.019 0.009 0.012 0.017 0.024 0.062 0.065 0.066 0.071 0.071 0.062 0.067 0.067 0.068 0.063 0.060 0.063 0.063
29.633 1.067 12.734 186524.902 0.999 27.246 0.908 0.916 0.896 0.967 0.967 0.895 0.917 0.919 0.922 1.019 0.918 0.915 0.902 0.966 0.966 0.906 0.918 0.922 1.007 0.908 0.913 0.919 1.000 26.380 26.635 26.056 28.102 28.110 26.015 26.667 26.713 26.792 29.633 26.678 26.585 26.223 28.083 28.070 26.336 26.685 26.799 29.264 26.398 26.553 26.713 29.068 0.006 0.013 0.019 0.018 0.014 0.019 0.009 0.012 0.017 0.024 0.062 0.065 0.066 0.071 0.071 0.062 0.067 0.067 0.068 0.063 0.060 0.063 0.063
30.651 1.065 12.735 186644.468 0.999 28.261 0.911 0.919 0.900 0.968 0.968 0.899 0.920 0.922 0.925 1.019 0.920 0.917 0.905 0.967 0.967 0.909 0.921 0.925 1.007 0.911 0.917 0.922 1.000 27.393 27.649 27.070 29.111 29.121 27.032 27.687 27.736 27.816 30.651 27.690 27.599 27.237 29.092 29.082 27.355 27.706 27.823 30.282 27.411 27.573 27.736 30.085 0.006 0.013 0.019 0.018 0.014 0.019 0.009 0.013 0.017 0.024 0.063 0.065 0.066 0.071 0.071 0.062 0.067 0.068 0.068 0.063 0.061 0.063 0.063
31.669 1.062 12.736 186764.041 0.999 29.275 0.913 0.922 0.903 0.968 0.969 0.902 0.923 0.925 0.927 1.018 0.923 0.920 0.908 0.968 0.968 0.912 0.924 0.927 1.006 0.914 0.919 0.925 1.000 28.405 28.663 28.085 30.121 30.133 28.049 28.708 28.758 28.840 31.669 28.703 28.612 28.252 30.102 30.094 28.374 28.727 28.847 31.299 28.423 28.593 28.758 31.102 0.006 0.013 0.019 0.018 0.014 0.019 0.009 0.013 0.017 0.024 0.063 0.065 0.066 0.071 0.071 0.062 0.067 0.068 0.068 0.063 0.061 0.063 0.063
32.688 1.059 12.738 186886.836 0.999 30.314 0.917 0.925 0.907 0.970 0.970 0.906 0.926 0.927 0.930 1.018 0.927 0.924 0.912 0.970 0.969 0.916 0.927 0.930 1.006 0.918 0.922 0.927 1.000 29.461 29.717 29.136 31.161 31.170 29.085 29.740 29.787 29.866 32.688 29.759 29.667 29.304 31.142 31.130 29.408 29.759 29.873 32.315 29.479 29.626 29.787 32.118 0.006 0.013 0.019 0.018 0.014 0.019 0.009 0.013 0.017 0.024 0.063 0.066 0.066 0.071 0.070 0.063 0.067 0.068 0.068 0.063 0.061 0.063 0.063
33.706 1.058 12.739 187006.343 0.999 31.328 0.920 0.927 0.910 0.971 0.971 0.908 0.928 0.930 0.932 1.017 0.929 0.926 0.915 0.970 0.970 0.918 0.929 0.932 1.006 0.920 0.925 0.930 1.000 30.473 30.730 30.149 32.171 32.182 30.101 30.760 30.809 30.889 33.706 30.771 30.680 30.317 32.152 32.142 30.426 30.778 30.896 33.333 30.491 30.645 30.809 33.135 0.006 0.013 0.019 0.018 0.014 0.019 0.009 0.013 0.017 0.023 0.063 0.066 0.066 0.070 0.070 0.063 0.067 0.068 0.067 0.063 0.061 0.063 0.062
34.724 1.056 12.739 187125.861 0.999 32.343 0.922 0.929 0.912 0.972 0.972 0.911 0.931 0.932 0.934 1.017 0.931 0.928 0.917 0.971 0.971 0.921 0.931 0.935 1.006 0.922 0.927 0.932 1.000 31.485 31.743 31.163 33.182 33.194 31.118 31.779 31.830 31.911 34.724 31.783 31.693 31.331 33.163 33.155 31.444 31.798 31.918 34.351 31.503 31.664 31.830 34.153 0.006 0.013 0.019 0.018 0.014 0.019 0.009 0.013 0.017 0.023 0.063 0.066 0.067 0.070 0.070 0.063 0.067 0.068 0.067 0.063 0.061 0.063 0.062
35.743 1.053 12.740 187249.009 0.999 33.385 0.925 0.933 0.916 0.973 0.973 0.914 0.933 0.934 0.937 1.016 0.934 0.931 0.921 0.973 0.972 0.924 0.934 0.937 1.006 0.926 0.930 0.934 1.000 32.545 32.801 32.217 34.226 34.233 32.155 32.812 32.859 32.937 35.743 32.843 32.751 32.386 34.207 34.194 32.480 32.830 32.944 35.367 32.563 32.698 32.859 35.168 0.006 0.013 0.019 0.018 0.014 0.019 0.009 0.013 0.017 0.023 0.063 0.066 0.067 0.070 0.070 0.063 0.067 0.068 0.067 0.063 0.061 0.063 0.062
36.761 1.052 12.741 187368.466 0.999 34.399 0.927 0.934 0.918 0.974 0.974 0.917 0.935 0.936 0.938 1.016 0.936 0.933 0.923 0.973 0.973 0.926 0.935 0.939 1.006 0.928 0.932 0.936 1.000 33.557 33.814 33.230 35.237 35.246 33.171 33.831 33.879 33.958 36.761 33.855 33.763 33.399 35.217 35.206 33.497 33.849 33.965 36.385 33.575 33.716 33.879 36.185 0.006 0.013 0.019 0.018 0.014 0.019 0.009 0.013 0.017 0.023 0.063 0.066 0.067 0.070 0.070 0.063 0.067 0.068 0.067 0.063 0.061 0.063 0.062
37.780 1.051 12.742 187487.935 0.999 35.413 0.929 0.936 0.920 0.974 0.975 0.919 0.937 0.938 0.940 1.015 0.937 0.935 0.925 0.974 0.974 0.928 0.937 0.940 1.005 0.930 0.934 0.938 1.000 34.568 34.826 34.243 36.247 36.258 34.187 34.849 34.899 34.979 37.780 34.867 34.776 34.413 36.228 36.219 34.514 34.868 34.986 37.403 34.586 34.734 34.899 37.203 0.006 0.014 0.019 0.018 0.014 0.019 0.009 0.013 0.017 0.023 0.063 0.066 0.067 0.070 0.070 0.063 0.067 0.068 0.067 0.063 0.061 0.063 0.062
38.798 1.049 12.742 187607.414 0.999 36.427 0.931 0.938 0.922 0.975 0.975 0.921 0.938 0.940 0.942 1.015 0.939 0.936 0.927 0.974 0.974 0.930 0.939 0.942 1.005 0.931 0.935 0.940 1.000 35.580 35.839 35.257 37.259 37.271 35.203 35.868 35.919 36.000 38.798 35.879 35.788 35.426 37.240 37.232 35.531 35.887 36.007 38.421 35.598 35.752 35.919 38.221 0.006 0.014 0.019 0.018 0.014 0.019 0.009 0.013 0.017 0.023 0.063 0.066 0.067 0.070 0.070 0.063 0.067 0.068 0.067 0.063 0.061 0.063 0.062
39.816 1.048 12.743 187726.904 0.999 37.442 0.933 0.939 0.924 0.975 0.976 0.923 0.940 0.941 0.943 1.015 0.940 0.938 0.929 0.975 0.975 0.931 0.941 0.944 1.005 0.933 0.937 0.941 1.000 36.593 36.853 36.270 38.270 38.284 36.218 36.886 36.938 37.021 39.816 36.891 36.801 36.439 38.251 38.245 36.548 36.905 37.028 39.439 36.611 36.770 36.938 39.239 0.006 0.014 0.019 0.018 0.014 0.019 0.009 0.013 0.017 0.023 0.063 0.066 0.067 0.070 0.070 0.063 0.067 0.068 0.067 0.064 0.061 0.063 0.062
40.835 1.046 12.743 187850.464 0.999 38.488 0.935 0.942 0.927 0.977 0.977 0.926 0.942 0.943 0.945 1.014 0.943 0.941 0.932 0.976 0.976 0.934 0.942 0.945 1.005 0.936 0.939 0.943 1.000 37.656 37.914 37.328 39.319 39.327 37.257 37.920 37.967 38.045 40.835 37.955 37.863 37.498 39.299 39.288 37.584 37.938 38.052 40.455 37.674 37.805 37.967 40.254 0.006 0.014 0.019 0.018 0.014 0.019 0.009 0.013 0.017 0.023 0.063 0.066 0.067 0.070 0.070 0.063 0.067 0.068 0.067 0.064 0.061 0.063 0.062
41.853 1.045 12.744 187969.899 0.999 39.502 0.937 0.943 0.929 0.977 0.977 0.927 0.943 0.945 0.947 1.014 0.944 0.942 0.933 0.977 0.976 0.935 0.944 0.947 1.005 0.937 0.941 0.945 1.000 38.668 38.927 38.340 40.330 40.340 38.272 38.937 38.986 39.065 41.853 38.967 38.876 38.511 40.311 40.301 38.601 38.956 39.072 41.473 38.686 38.822 38.986 41.271 0.006 0.014 0.019 0.018 0.014 0.019 0.009 0.013 0.017 0.023 0.063 0.066 0.067 0.070 0.070 0.063 0.067 0.068 0.067 0.064 0.061 0.063 0.062
42.871 1.044 12.744 188089.345 0.999 40.516 0.938 0.944 0.931 0.978 0.978 0.929 0.945 0.946 0.948 1.014 0.945 0.943 0.935 0.977 0.977 0.937 0.945 0.948 1.005 0.939 0.942 0.946 1.000 39.680 39.939 39.353 41.342 41.353 39.288 39.955 40.005 40.085 42.871 39.979 39.888 39.524 41.323 41.314 39.617 39.974 40.092 42.491 39.698 39.839 40.005 42.289 0.006 0.014 0.019 0.018 0.014 0.019 0.009 0.013 0.017 0.023 0.063 0.066 0.067 0.070 0.070 0.063 0.067 0.068 0.066 0.064 0.061 0.063 0.062
43.890 1.043 12.745 188208.801 0.999 41.530 0.940 0.946 0.932 0.978 0.978 0.931 0.946 0.947 0.949 1.013 0.947 0.944 0.936 0.978 0.977 0.938 0.947 0.949 1.005 0.940 0.943 0.947 1.000 40.692 40.952 40.367 42.354 42.366 40.303 40.972 41.024 41.105 43.890 40.991 40.901 40.537 42.335 42.327 40.634 40.992 41.112 43.509 40.710 40.856 41.024 43.307 0.006 0.014 0.019 0.018 0.013 0.019 0.009 0.013 0.017 0.023 0.063 0.066 0.067 0.070 0.070 0.063 0.067 0.068 0.066 0.064 0.061 0.063 0.062
44.908 1.042 12.745 188328.268 0.999 42.545 0.941 0.947 0.934 0.978 0.979 0.932 0.947 0.949 0.950 1.013 0.948 0.946 0.937 0.978 0.978 0.940 0.948 0.951 1.005 0.941 0.945 0.949 1.000 41.704 41.965 41.380 43.366 43.380 41.319 41.990 42.043 42.124 44.908 42.004 41.914 41.550 43.347 43.341 41.650 42.010 42.131 44.527 41.722 41.873 42.043 44.325 0.006 0.014 0.019 0.018 0.013 0.020 0.009 0.013 0.017 0.023 0.063 0.066 0.067 0.070 0.070 0.063 0.067 0.068 0.066 0.064 0.061 0.063 0.061
45.927 1.041 12.745 188447.744 0.999 43.559 0.942 0.948 0.935 0.979 0.979 0.934 0.948 0.950 0.951 1.013 0.949 0.947 0.939 0.978 0.978 0.941 0.949 0.952 1.004 0.942 0.946 0.950 1.000 42.717 42.978 42.393 44.379 44.394 42.334 43.007 43.061 43.144 45.927 43.016 42.927 42.564 44.360 44.355 42.667 43.027 43.151 45.545 42.735 42.891 43.061 45.343 0.006 0.014 0.019 0.018 0.013 0.020 0.009 0.013 0.017 0.023 0.063 0.066 0.067 0.070 0.070 0.063 0.067 0.068 0.066 0.064 0.061 0.063 0.061
46.945 1.039 12.746 188571.938 1.000 44.611 0.945 0.950 0.937 0.980 0.980 0.936 0.950 0.951 0.953 1.013 0.951 0.949 0.941 0.980 0.979 0.943 0.950 0.953 1.004 0.945 0.948 0.951 1.000 43.786 44.045 43.456 45.433 45.441 43.375 44.042 44.090 44.168 46.945 44.086 43.994 43.627 45.413 45.401 43.705 44.061 44.175 46.561 43.804 43.927 44.090 46.358 0.006 0.014 0.019 0.018 0.013 0.020 0.009 0.013 0.017 0.023 0.063 0.066 0.067 0.070 0.070 0.063 0.067 0.068 0.066 0.064 0.061 0.063 0.061
47.963 1.038 12.746 188691.361 1.000 45.625 0.946 0.951 0.939 0.980 0.981 0.937 0.951 0.952 0.954 1.012 0.952 0.950 0.942 0.980 0.980 0.944 0.952 0.954 1.004 0.946 0.949 0.952 1.000 44.798 45.058 44.468 46.445 46.454 44.390 45.059 45.109 45.187 47.963 45.098 45.007 44.640 46.425 46.415 44.721 45.078 45.194 47.579 44.816 44.943 45.109 47.376 0.006 0.014 0.019 0.018 0.013 0.020 0.009 0.013 0.017 0.023 0.063 0.066 0.067 0.070 0.070 0.063 0.068 0.068 0.066 0.064 0.061 0.063 0.061
48.982 1.038 12.746 188810.794 1.000 46.639 0.947 0.952 0.940 0.981 0.981 0.938 0.952 0.953 0.955 1.012 0.953 0.951 0.943 0.980 0.980 0.945 0.953 0.955 1.004 0.947 0.950 0.953 1.000 45.810 46.070 45.481 47.457 47.468 45.406 46.076 46.127 46.206 48.982 46.110 46.019 45.653 47.438 47.429 45.737 46.095 46.213 48.598 45.828 45.960 46.127 48.394 0.006 0.014 0.019 0.018 0.013 0.020 0.009 0.013 0.017 0.023 0.063 0.066 0.067 0.070 0.070 0.063 0.068 0.068 0.066 0.064 0.061 0.063 0.061
50.000 1.037 12.747 188930.237 1.000 47.653 0.948 0.953 0.941 0.981 0.981 0.939 0.953 0.954 0.956 1.012 0.954 0.952 0.944 0.981 0.980 0.946 0.953 0.956 1.004 0.948 0.951 0.954 1.000 46.822 47.083 46.494 48.470 48.481 46.421 47.093 47.145 47.225 50.000 47.122 47.032 46.666 48.450 48.442 46.753 47.113 47.232 49.616 46.840 46.977 47.145 49.412 0.006 0.014 0.019 0.018 0.013 0.020 0.009 0.013 0.017 0.023 0.063 0.066 0.067 0.070 0.070 0.063 0.068 0.068 0.066 0.064 0.061 0.063 0.061
