0.100 0.791 6.475 257.948 0.970 0.083 0.954 1.303 1.482 1.466 1.258 1.455 1.461 1.277 1.501 1.530 1.357 1.007 1.000 0.062 0.085 0.097 0.096 0.082 0.095 0.095 0.083 0.098 0.100 0.089 0.066 0.065 0.029 0.059 0.068 0.067 0.057 0.066 0.067 0.058 0.069 0.070 0.062 0.038 0.290
1.118 0.791 6.475 2884.812 0.970 0.924 0.954 1.303 1.482 1.466 1.258 1.455 1.461 1.277 1.501 1.530 1.357 1.007 1.000 0.697 0.952 1.083 1.071 0.920 1.063 1.068 0.933 1.097 1.118 0.992 0.736 0.731 0.029 0.059 0.068 0.067 0.057 0.066 0.067 0.058 0.069 0.070 0.062 0.038 0.290
2.137 0.791 6.475 5511.675 0.970 1.765 0.954 1.303 1.482 1.466 1.258 1.455 1.461 1.277 1.501 1.530 1.357 1.007 1.000 1.332 1.819 2.069 2.047 1.757 2.031 2.040 1.783 2.097 2.137 1.895 1.406 1.396 0.029 0.059 0.068 0.067 0.057 0.066 0.067 0.058 0.069 0.070 0.062 0.038 0.290
3.155 0.791 6.475 8138.538 0.970 2.606 0.954 1.303 1.482 1.466 1.258 1.455 1.461 1.277 1.501 1.530 1.357 1.007 1.000 1.967 2.686 3.055 3.022 2.595 2.999 3.012 2.632 3.096 3.155 2.799 2.076 2.062 0.029 0.059 0.068 0.067 0.057 0.066 0.067 0.058 0.069 0.070 0.062 0.038 0.290
4.173 0.791 6.475 10765.401 0.970 3.447 0.954 1.303 1.482 1.466 1.258 1.455 1.461 1.277 1.501 1.530 1.357 1.007 1.000 2.602 3.554 4.041 3.998 3.432 3.967 3.985 3.482 4.095 4.173 3.702 2.746 2.727 0.029 0.059 0.068 0.067 0.057 0.066 0.067 0.058 0.069 0.070 0.062 0.038 0.290
5.192 0.791 6.475 13392.265 0.970 4.289 0.954 1.303 1.482 1.466 1.258 1.455 1.461 1.277 1.501 1.530 1.357 1.007 1.000 3.237 4.421 5.028 4.973 4.270 4.935 4.957 4.332 5.094 5.192 4.605 3.416 3.393 0.029 0.059 0.068 0.067 0.057 0.066 0.067 0.058 0.069 0.070 0.062 0.038 0.290
6.210 0.791 6.475 16019.128 0.970 5.130 0.954 1.303 1.482 1.466 1.258 1.455 1.461 1.277 1.501 1.530 1.357 1.007 1.000 3.872 5.288 6.014 5.948 5.107 5.903 5.929 5.181 6.094 6.210 5.508 4.086 4.059 0.029 0.059 0.068 0.067 0.057 0.066 0.067 0.058 0.069 0.070 0.062 0.038 0.290
7.229 0.791 6.475 18645.991 0.970 5.971 0.954 1.303 1.482 1.466 1.258 1.455 1.461 1.277 1.501 1.530 1.357 1.007 1.000 4.507 6.155 7.000 6.924 5.945 6.871 6.902 6.031 7.093 7.229 6.412 4.756 4.724 0.029 0.059 0.068 0.067 0.057 0.066 0.067 0.058 0.069 0.070 0.062 0.038 0.290
8.247 0.791 6.475 21272.854 0.970 6.812 0.954 1.303 1.482 1.466 1.258 1.455 1.461 1.277 1.501 1.530 1.357 1.007 1.000 5.142 7.022 7.986 7.899 6.782 7.840 7.874 6.881 8.092 8.247 7.315 5.426 5.390 0.029 0.059 0.068 0.067 0.057 0.066 0.067 0.058 0.069 0.070 0.062 0.038 0.290
9.265 0.791 6.475 23899.717 0.970 7.654 0.954 1.303 1.482 1.466 1.258 1.455 1.461 1.277 1.501 1.530 1.357 1.007 1.000 5.777 7.889 8.972 8.875 7.620 8.808 8.846 7.730 9.092 9.265 8.218 6.096 6.055 0.029 0.059 0.068 0.067 0.057 0.066 0.067 0.058 0.069 0.070 0.062 0.038 0.290
10.284 0.791 6.475 26526.619 0.970 8.495 0.954 1.303 1.482 1.466 1.258 1.455 1.461 1.277 1.501 1.530 1.357 1.007 1.000 6.412 8.756 9.958 9.850 8.458 9.776 9.818 8.580 10.091 10.284 9.121 6.766 6.721 0.029 0.059 0.068 0.067 0.057 0.066 0.067 0.058 0.069 0.070 0.062 0.038 0.290
11.302 0.791 6.475 29153.625 0.970 9.336 0.954 1.303 1.482 1.466 1.259 1.455 1.461 1.277 1.502 1.530 1.357 1.007 1.000 7.047 9.624 10.945 10.826 9.295 10.744 10.791 9.430 11.090 11.302 10.025 7.436 7.386 0.029 0.059 0.068 0.067 0.057 0.066 0.067 0.058 0.069 0.070 0.062 0.038 0.290
12.320 0.790 6.473 31694.673 0.970 10.180 0.954 1.303 1.482 1.468 1.262 1.459 1.466 1.283 1.506 1.533 1.359 1.007 1.000 7.667 10.473 11.915 11.795 10.141 11.724 11.783 10.309 12.102 12.320 10.920 8.096 8.037 0.029 0.059 0.068 0.067 0.057 0.066 0.067 0.058 0.069 0.070 0.062 0.038 0.289
13.339 0.784 6.466 34063.605 0.969 11.050 0.957 1.308 1.491 1.481 1.281 1.478 1.485 1.301 1.518 1.539 1.361 1.008 1.000 8.293 11.337 12.924 12.837 11.102 12.807 12.866 11.273 13.152 13.339 11.795 8.734 8.666 0.029 0.059 0.068 0.067 0.058 0.067 0.067 0.059 0.069 0.070 0.062 0.038 0.288
14.357 0.779 6.458 36435.023 0.967 11.930 0.961 1.315 1.502 1.496 1.300 1.496 1.503 1.318 1.529 1.546 1.364 1.009 1.000 8.929 12.215 13.948 13.893 12.074 13.899 13.958 12.243 14.203 14.357 12.669 9.367 9.288 0.029 0.059 0.068 0.067 0.059 0.067 0.068 0.059 0.069 0.070 0.062 0.038 0.286
15.376 0.775 6.452 38800.802 0.966 12.802 0.963 1.318 1.508 1.506 1.314 1.510 1.516 1.331 1.538 1.550 1.366 1.009 1.000 9.554 13.077 14.953 14.932 13.031 14.977 15.038 13.205 15.251 15.376 13.545 10.007 9.918 0.029 0.059 0.068 0.068 0.059 0.068 0.068 0.060 0.069 0.070 0.061 0.038 0.285
16.394 0.783 6.463 41023.473 0.968 13.603 0.940 1.288 1.475 1.477 1.295 1.489 1.498 1.321 1.525 1.538 1.359 1.009 1.000 10.022 13.725 15.718 15.737 13.796 15.870 15.966 14.072 16.246 16.394 14.479 10.756 10.656 0.028 0.058 0.067 0.067 0.059 0.067 0.068 0.060 0.069 0.070 0.062 0.038 0.287
17.412 0.785 6.467 43331.499 0.969 14.490 0.946 1.288 1.472 1.474 1.294 1.485 1.493 1.318 1.518 1.531 1.354 1.010 1.000 10.762 14.655 16.746 16.760 14.713 16.886 16.980 14.985 17.262 17.412 15.400 11.489 11.374 0.029 0.058 0.067 0.067 0.059 0.067 0.068 0.060 0.069 0.070 0.061 0.038 0.288
18.431 0.788 6.472 45550.300 0.970 15.366 0.948 1.285 1.466 1.467 1.289 1.477 1.485 1.312 1.509 1.522 1.348 1.010 1.000 11.484 15.562 17.749 17.760 15.611 17.883 17.980 15.889 18.272 18.431 16.325 12.231 12.108 0.029 0.058 0.067 0.067 0.059 0.067 0.068 0.060 0.069 0.069 0.061 0.038 0.289
19.449 0.794 6.480 47242.548 0.971 16.237 0.944 1.274 1.451 1.452 1.278 1.462 1.470 1.302 1.495 1.509 1.340 1.009 1.000 12.165 16.419 18.697 18.708 16.468 18.842 18.948 16.774 19.272 19.449 17.263 12.997 12.887 0.029 0.058 0.066 0.066 0.058 0.067 0.067 0.060 0.068 0.069 0.061 0.039 0.290
20.467 0.802 6.488 48370.167 0.972 17.002 0.920 1.240 1.414 1.419 1.257 1.444 1.460 1.304 1.491 1.502 1.333 1.007 1.000 12.537 16.900 19.267 19.341 17.133 19.679 19.902 17.776 20.322 20.467 18.172 13.728 13.629 0.028 0.057 0.065 0.065 0.058 0.067 0.067 0.060 0.069 0.069 0.062 0.039 0.293
21.486 0.789 6.471 49179.887 0.969 17.993 0.934 1.256 1.437 1.454 1.306 1.488 1.501 1.345 1.514 1.511 1.335 1.008 1.000 13.254 17.835 20.399 20.634 18.535 21.120 21.313 19.093 21.486 21.443 18.949 14.306 14.195 0.028 0.057 0.065 0.066 0.059 0.068 0.068 0.061 0.069 0.069 0.061 0.038 0.289
22.504 0.781 6.460 49898.449 0.968 18.841 0.940 1.264 1.449 1.474 1.338 1.516 1.529 1.373 1.528 1.515 1.335 1.008 1.000 13.841 18.602 21.328 21.700 19.696 22.323 22.504 20.219 22.497 22.308 19.651 14.838 14.722 0.028 0.057 0.065 0.067 0.060 0.068 0.069 0.062 0.069 0.069 0.060 0.038 0.287
23.522 0.775 6.450 50514.623 0.966 19.570 0.945 1.269 1.458 1.490 1.364 1.539 1.550 1.396 1.540 1.519 1.335 1.008 1.000 14.340 19.255 22.120 22.609 20.689 23.351 23.522 21.184 23.364 23.049 20.252 15.293 15.171 0.028 0.057 0.065 0.067 0.061 0.069 0.070 0.063 0.069 0.068 0.060 0.038 0.285
24.541 0.769 6.440 51125.558 0.965 20.308 0.951 1.276 1.469 1.507 1.389 1.562 1.572 1.418 1.552 1.523 1.335 1.008 1.000 14.857 19.928 22.932 23.534 21.690 24.383 24.541 22.145 24.228 23.788 20.851 15.744 15.615 0.028 0.057 0.065 0.067 0.062 0.070 0.070 0.063 0.069 0.068 0.060 0.038 0.283
25.559 0.763 6.430 51741.853 0.963 21.051 0.957 1.282 1.478 1.522 1.412 1.582 1.591 1.438 1.562 1.527 1.336 1.009 1.000 15.374 20.602 23.743 24.457 22.689 25.415 25.559 23.108 25.096 24.534 21.458 16.202 16.065 0.028 0.057 0.065 0.067 0.063 0.070 0.071 0.064 0.069 0.068 0.059 0.037 0.281
26.578 0.759 6.422 52374.111 0.962 21.795 0.960 1.286 1.484 1.534 1.432 1.599 1.607 1.456 1.571 1.530 1.335 1.009 1.000 15.880 21.263 24.541 25.367 23.677 26.439 26.578 24.077 25.978 25.298 22.085 16.680 16.538 0.028 0.057 0.065 0.068 0.063 0.071 0.071 0.064 0.069 0.068 0.059 0.037 0.280
27.596 0.810 6.485 53289.996 0.971 22.913 0.847 1.137 1.318 1.372 1.294 1.460 1.485 1.368 1.487 1.462 1.297 1.007 1.000 15.723 21.102 24.464 25.465 24.028 27.096 27.568 25.397 27.596 27.147 24.072 18.690 18.563 0.026 0.053 0.061 0.064 0.060 0.068 0.069 0.064 0.069 0.068 0.061 0.039 0.296
28.614 0.831 6.505 53857.161 0.974 23.759 0.801 1.076 1.250 1.306 1.241 1.403 1.434 1.332 1.449 1.432 1.279 1.008 1.000 15.816 21.237 24.677 25.793 24.499 27.703 28.320 26.292 28.614 28.266 25.258 19.896 19.744 0.026 0.051 0.060 0.063 0.059 0.067 0.069 0.064 0.069 0.068 0.061 0.040 0.303
29.633 0.854 6.521 54360.053 0.977 24.584 0.752 1.011 1.177 1.236 1.181 1.342 1.381 1.293 1.411 1.401 1.262 1.008 1.000 15.784 21.219 24.721 25.946 24.802 28.181 28.987 27.145 29.633 29.416 26.496 21.162 20.996 0.025 0.050 0.058 0.061 0.058 0.066 0.068 0.063 0.069 0.069 0.062 0.041 0.310
30.651 0.882 6.535 54908.019 0.979 25.406 0.700 0.942 1.100 1.160 1.115 1.275 1.320 1.248 1.369 1.367 1.242 1.007 1.000 15.668 21.095 24.642 25.971 24.982 28.552 29.573 27.954 30.651 30.613 27.824 22.558 22.396 0.024 0.048 0.056 0.059 0.056 0.065 0.067 0.063 0.069 0.069 0.063 0.042 0.320
31.669 0.903 6.541 55410.619 0.980 26.166 0.660 0.890 1.042 1.102 1.066 1.224 1.275 1.214 1.335 1.340 1.227 1.007 1.000 15.597 21.025 24.618 26.039 25.184 28.916 30.118 28.686 31.557 31.669 28.993 23.786 23.631 0.023 0.046 0.054 0.057 0.055 0.063 0.066 0.063 0.069 0.069 0.063 0.043 0.327
32.688 0.922 6.541 55580.850 0.980 26.940 0.627 0.846 0.992 1.053 1.024 1.180 1.235 1.184 1.306 1.316 1.213 1.006 1.000 15.564 21.000 24.640 26.150 25.419 29.299 30.666 29.404 32.436 32.688 30.118 24.970 24.832 0.022 0.045 0.052 0.056 0.054 0.062 0.065 0.063 0.069 0.069 0.064 0.044 0.334
33.706 0.939 6.539 55601.577 0.980 27.740 0.597 0.806 0.948 1.009 0.986 1.140 1.199 1.157 1.279 1.294 1.200 1.004 1.000 15.547 20.996 24.686 26.283 25.673 29.696 31.224 30.127 33.316 33.706 31.244 26.160 26.045 0.021 0.043 0.051 0.054 0.053 0.061 0.065 0.062 0.069 0.070 0.065 0.045 0.340
34.724 0.953 6.534 55649.391 0.979 28.571 0.573 0.774 0.911 0.973 0.955 1.108 1.169 1.134 1.256 1.275 1.188 1.003 1.000 15.590 21.069 24.817 26.504 26.010 30.166 31.837 30.887 34.215 34.724 32.355 27.326 27.230 0.021 0.042 0.050 0.053 0.052 0.061 0.064 0.062 0.069 0.070 0.065 0.046 0.346
35.743 0.965 6.528 55713.270 0.978 29.423 0.552 0.746 0.880 0.943 0.929 1.080 1.144 1.115 1.237 1.258 1.178 1.003 1.000 15.670 21.188 25.001 26.778 26.397 30.678 32.485 31.669 35.123 35.743 33.459 28.479 28.402 0.020 0.041 0.049 0.052 0.052 0.060 0.063 0.062 0.069 0.070 0.065 0.046 0.351
36.761 0.976 6.521 55784.880 0.977 30.287 0.533 0.721 0.853 0.916 0.907 1.056 1.121 1.098 1.219 1.243 1.169 1.002 1.000 15.770 21.332 25.212 27.080 26.809 31.213 33.148 32.462 36.037 36.761 34.559 29.627 29.568 0.020 0.041 0.048 0.051 0.051 0.059 0.063 0.062 0.068 0.070 0.066 0.047 0.355
37.780 0.964 6.541 56331.510 0.980 31.412 0.559 0.750 0.884 0.948 0.940 1.083 1.143 1.116 1.229 1.248 1.171 1.005 1.000 16.932 22.720 26.760 28.721 28.475 32.807 34.625 33.795 37.207 37.780 35.451 30.423 30.282 0.021 0.042 0.049 0.053 0.052 0.060 0.063 0.062 0.068 0.069 0.065 0.046 0.349
38.798 0.945 6.581 56394.035 0.986 32.919 0.664 0.849 0.973 1.027 1.007 1.133 1.178 1.138 1.237 1.247 1.167 1.004 1.000 20.643 26.404 30.268 31.937 31.311 35.240 36.640 35.412 38.484 38.798 36.313 31.230 31.104 0.024 0.046 0.053 0.055 0.054 0.061 0.063 0.061 0.067 0.067 0.063 0.045 0.340
39.816 0.933 6.598 56447.865 0.988 34.294 0.733 0.912 1.029 1.075 1.048 1.162 1.197 1.151 1.240 1.245 1.164 1.004 1.000 23.441 29.168 32.906 34.379 33.504 37.169 38.298 36.814 39.668 39.816 37.230 32.107 31.985 0.026 0.048 0.055 0.057 0.056 0.062 0.063 0.061 0.066 0.066 0.062 0.044 0.335
40.835 0.909 6.608 56505.716 0.990 35.823 0.832 1.006 1.115 1.151 1.113 1.213 1.235 1.177 1.254 1.250 1.165 1.005 1.000 27.102 32.755 36.296 37.474 36.233 39.496 40.210 38.330 40.835 40.706 37.932 32.715 32.564 0.029 0.052 0.058 0.059 0.057 0.063 0.064 0.061 0.065 0.064 0.060 0.043 0.326
41.853 0.904 6.611 56548.313 0.990 36.975 0.865 1.034 1.137 1.170 1.129 1.223 1.240 1.180 1.252 1.246 1.162 1.005 1.000 28.921 34.545 38.017 39.095 37.734 40.868 41.452 39.451 41.853 41.646 38.822 33.581 33.423 0.030 0.053 0.058 0.060 0.058 0.063 0.064 0.060 0.064 0.064 0.059 0.043 0.324
42.871 0.903 6.614 56588.783 0.991 38.068 0.884 1.047 1.146 1.176 1.135 1.224 1.239 1.179 1.247 1.240 1.157 1.005 1.000 30.375 35.981 39.411 40.432 39.003 42.067 42.583 40.520 42.871 42.628 39.785 34.537 34.378 0.030 0.054 0.059 0.060 0.058 0.063 0.063 0.060 0.064 0.063 0.059 0.043 0.324
43.890 0.904 6.617 56628.282 0.991 39.130 0.895 1.053 1.149 1.177 1.135 1.220 1.234 1.175 1.240 1.233 1.153 1.004 1.000 31.649 37.244 40.645 41.629 40.158 43.180 43.657 41.561 43.890 43.633 40.785 35.539 35.382 0.031 0.054 0.059 0.060 0.058 0.062 0.063 0.060 0.063 0.063 0.059 0.043 0.324
44.908 0.906 6.620 56667.198 0.992 40.175 0.902 1.055 1.148 1.174 1.133 1.215 1.228 1.170 1.233 1.226 1.148 1.004 1.000 32.831 38.417 41.798 42.755 41.256 44.251 44.705 42.590 44.908 44.647 41.803 36.561 36.408 0.031 0.054 0.059 0.060 0.058 0.062 0.063 0.060 0.063 0.063 0.059 0.043 0.325
45.927 0.909 6.623 56705.292 0.992 41.206 0.906 1.055 1.145 1.170 1.130 1.209 1.221 1.165 1.226 1.220 1.144 1.004 1.000 33.926 39.509 42.878 43.820 42.305 45.288 45.731 43.610 45.927 45.669 42.831 37.595 37.446 0.031 0.054 0.059 0.060 0.058 0.062 0.063 0.060 0.063 0.063 0.059 0.043 0.325
46.945 0.911 6.626 56744.134 0.993 42.246 0.912 1.057 1.144 1.168 1.128 1.205 1.216 1.160 1.220 1.213 1.140 1.004 1.000 35.084 40.659 44.009 44.928 43.388 46.348 46.772 44.636 46.945 46.686 43.852 38.621 38.476 0.031 0.054 0.059 0.060 0.058 0.062 0.063 0.060 0.063 0.062 0.059 0.043 0.326
47.963 0.913 6.628 56782.033 0.993 43.274 0.915 1.056 1.141 1.164 1.124 1.199 1.210 1.155 1.214 1.207 1.136 1.004 1.000 36.164 41.735 45.076 45.983 44.429 47.380 47.795 45.654 47.963 47.707 44.879 39.653 39.512 0.032 0.055 0.059 0.060 0.058 0.062 0.062 0.060 0.063 0.062 0.059 0.043 0.327
48.982 0.915 6.631 56821.022 0.993 44.310 0.920 1.057 1.139 1.161 1.122 1.194 1.204 1.151 1.208 1.202 1.132 1.003 1.000 37.309 42.871 46.194 47.079 45.502 48.433 48.831 46.677 48.982 48.726 45.904 40.685 40.548 0.032 0.055 0.059 0.060 0.058 0.062 0.062 0.059 0.062 0.062 0.058 0.043 0.327
50.000 0.917 6.633 56858.746 0.994 45.336 0.923 1.057 1.136 1.157 1.119 1.189 1.199 1.147 1.202 1.196 1.129 1.003 1.000 38.375 43.936 47.250 48.126 46.538 49.461 49.853 47.695 50.000 49.748 46.931 41.715 41.582 0.032 0.055 0.059 0.060 0.058 0.062 0.062 0.059 0.062 0.062 0.058 0.043 0.328
