0.100 0.905 6.537 293.093 0.979 0.070 1.569 1.337 1.411 1.174 1.206 0.972 1.000 0.100 0.085 0.090 0.075 0.077 0.062 0.064 0.054 0.069 0.073 0.061 0.062 0.042 0.639
1.118 0.905 6.537 3277.858 0.979 0.788 1.569 1.337 1.411 1.174 1.206 0.972 1.000 1.118 0.953 1.006 0.837 0.860 0.693 0.713 0.054 0.069 0.073 0.061 0.062 0.042 0.639
2.137 0.905 6.537 6262.623 0.979 1.506 1.569 1.337 1.411 1.174 1.206 0.972 1.000 2.137 1.821 1.923 1.600 1.643 1.324 1.362 0.054 0.069 0.073 0.061 0.062 0.042 0.639
3.155 0.905 6.537 9247.388 0.979 2.223 1.569 1.337 1.411 1.174 1.206 0.972 1.000 3.155 2.689 2.839 2.362 2.426 1.954 2.011 0.054 0.069 0.073 0.061 0.062 0.042 0.639
4.173 0.905 6.537 12232.153 0.979 2.941 1.569 1.337 1.411 1.174 1.206 0.972 1.000 4.173 3.557 3.755 3.125 3.209 2.585 2.661 0.054 0.069 0.073 0.061 0.062 0.042 0.639
5.192 0.905 6.537 15216.918 0.979 3.659 1.569 1.337 1.411 1.174 1.206 0.972 1.000 5.192 4.425 4.671 3.887 3.992 3.216 3.310 0.054 0.069 0.073 0.061 0.062 0.042 0.639
6.210 0.905 6.537 18201.683 0.979 4.376 1.569 1.337 1.411 1.174 1.206 0.972 1.000 6.210 5.293 5.588 4.650 4.775 3.847 3.959 0.054 0.069 0.073 0.061 0.062 0.042 0.639
7.229 0.905 6.537 21186.448 0.979 5.094 1.569 1.337 1.411 1.174 1.206 0.972 1.000 7.229 6.160 6.504 5.412 5.559 4.478 4.608 0.054 0.069 0.073 0.061 0.062 0.042 0.639
8.247 0.905 6.537 24171.213 0.979 5.812 1.569 1.337 1.411 1.174 1.206 0.972 1.000 8.247 7.028 7.420 6.175 6.342 5.108 5.258 0.054 0.069 0.073 0.061 0.062 0.042 0.639
9.265 0.905 6.537 27155.978 0.979 6.529 1.569 1.337 1.411 1.174 1.206 0.972 1.000 9.265 7.896 8.337 6.937 7.125 5.739 5.907 0.054 0.069 0.073 0.061 0.062 0.042 0.639
10.284 0.905 6.537 30140.635 0.979 7.247 1.569 1.337 1.411 1.174 1.206 0.972 1.000 10.284 8.764 9.253 7.700 7.908 6.370 6.556 0.054 0.069 0.073 0.061 0.062 0.042 0.639
11.302 0.905 6.537 33125.009 0.979 7.964 1.569 1.337 1.411 1.174 1.206 0.972 1.000 11.302 9.632 10.169 8.462 8.691 7.001 7.205 0.054 0.069 0.073 0.061 0.062 0.042 0.639
12.320 0.902 6.530 35768.458 0.978 8.627 1.584 1.351 1.421 1.179 1.208 0.972 1.000 12.320 10.510 11.054 9.172 9.399 7.563 7.780 0.054 0.070 0.073 0.061 0.062 0.042 0.638
13.339 0.898 6.520 38178.653 0.977 9.251 1.606 1.372 1.435 1.186 1.211 0.973 1.000 13.339 11.395 11.917 9.845 10.056 8.077 8.304 0.055 0.071 0.074 0.061 0.062 0.042 0.636
14.357 0.894 6.512 40622.116 0.975 9.904 1.621 1.388 1.447 1.195 1.215 0.974 1.000 14.357 12.290 12.815 10.585 10.761 8.622 8.855 0.055 0.071 0.074 0.061 0.062 0.042 0.634
15.376 0.890 6.502 42991.600 0.974 10.556 1.636 1.403 1.460 1.207 1.221 0.975 1.000 15.376 13.188 13.720 11.337 11.469 9.163 9.396 0.056 0.072 0.075 0.062 0.062 0.042 0.632
16.394 0.888 6.497 45474.345 0.973 11.222 1.645 1.414 1.468 1.214 1.224 0.976 1.000 16.394 14.087 14.630 12.098 12.192 9.722 9.963 0.056 0.072 0.075 0.062 0.063 0.042 0.631
17.412 0.888 6.498 48130.065 0.973 11.942 1.642 1.414 1.467 1.216 1.223 0.977 1.000 17.412 14.991 15.558 12.894 12.975 10.360 10.605 0.056 0.072 0.075 0.062 0.063 0.042 0.631
18.431 0.891 6.505 50976.519 0.974 12.714 1.628 1.404 1.457 1.212 1.220 0.978 1.000 18.431 15.900 16.503 13.721 13.813 11.073 11.323 0.055 0.072 0.075 0.062 0.062 0.042 0.632
19.449 0.893 6.512 53737.357 0.976 13.498 1.613 1.394 1.447 1.207 1.216 0.978 1.000 19.449 16.810 17.450 14.553 14.663 11.800 12.061 0.055 0.071 0.074 0.062 0.062 0.042 0.633
20.467 0.888 6.499 54614.455 0.974 14.055 1.639 1.422 1.463 1.214 1.217 0.979 1.000 20.467 17.750 18.264 15.157 15.197 12.224 12.486 0.056 0.073 0.075 0.062 0.062 0.042 0.631
21.486 0.882 6.481 55304.338 0.971 14.560 1.674 1.457 1.484 1.224 1.220 0.980 1.000 21.486 18.700 19.049 15.710 15.659 12.579 12.838 0.057 0.074 0.075 0.062 0.062 0.042 0.628
22.504 0.876 6.464 56016.288 0.968 15.076 1.704 1.488 1.502 1.232 1.222 0.980 1.000 22.504 19.652 19.838 16.271 16.134 12.947 13.205 0.057 0.075 0.076 0.062 0.062 0.041 0.626
23.522 0.871 6.449 56743.477 0.966 15.601 1.732 1.517 1.519 1.240 1.224 0.981 1.000 23.522 20.604 20.631 16.837 16.618 13.324 13.581 0.058 0.076 0.077 0.063 0.062 0.041 0.623
24.541 0.866 6.435 57373.940 0.964 16.201 1.750 1.539 1.535 1.254 1.228 0.983 1.000 24.541 21.587 21.518 17.581 17.226 13.779 14.022 0.059 0.077 0.077 0.063 0.062 0.041 0.621
25.559 0.862 6.427 58022.366 0.963 16.844 1.760 1.555 1.545 1.267 1.232 0.984 1.000 25.559 22.580 22.442 18.398 17.898 14.288 14.524 0.059 0.078 0.077 0.064 0.062 0.041 0.619
26.578 0.859 6.420 58682.396 0.962 17.493 1.768 1.568 1.554 1.278 1.236 0.985 1.000 26.578 23.574 23.368 19.219 18.576 14.804 15.033 0.059 0.078 0.078 0.064 0.062 0.041 0.618
27.596 0.857 6.414 59359.117 0.961 18.148 1.774 1.580 1.562 1.289 1.238 0.985 1.000 27.596 24.569 24.297 20.045 19.261 15.328 15.554 0.059 0.079 0.078 0.064 0.062 0.041 0.617
28.614 0.854 6.406 60002.887 0.960 18.794 1.782 1.592 1.571 1.299 1.242 0.986 1.000 28.614 25.562 25.220 20.861 19.935 15.838 16.055 0.059 0.079 0.078 0.065 0.062 0.041 0.616
29.633 0.853 6.402 60697.289 0.959 19.455 1.786 1.601 1.577 1.308 1.244 0.987 1.000 29.633 26.557 26.151 21.692 20.628 16.372 16.588 0.059 0.080 0.078 0.065 0.062 0.041 0.615
30.651 0.850 6.396 61361.426 0.958 20.109 1.792 1.611 1.583 1.317 1.246 0.988 1.000 30.651 27.550 27.078 22.514 21.311 16.893 17.102 0.059 0.080 0.079 0.065 0.062 0.041 0.614
31.669 0.866 6.443 62571.963 0.965 21.352 1.712 1.547 1.526 1.285 1.225 0.989 1.000 31.669 28.612 28.228 23.773 22.661 18.287 18.496 0.057 0.078 0.077 0.065 0.062 0.041 0.621
32.688 0.881 6.482 63783.796 0.971 22.625 1.641 1.490 1.475 1.257 1.206 0.989 1.000 32.688 29.675 29.379 25.038 24.026 19.711 19.921 0.055 0.076 0.075 0.064 0.061 0.042 0.627
33.706 0.891 6.510 64899.428 0.975 23.833 1.587 1.447 1.436 1.236 1.192 0.990 1.000 33.706 30.727 30.498 26.243 25.305 21.030 21.237 0.054 0.074 0.073 0.063 0.061 0.042 0.632
34.724 0.900 6.531 65979.728 0.978 25.014 1.543 1.412 1.404 1.218 1.179 0.991 1.000 34.724 31.774 31.603 27.421 26.546 22.306 22.507 0.053 0.073 0.072 0.063 0.061 0.043 0.636
35.743 0.907 6.549 67046.814 0.981 26.181 1.505 1.381 1.376 1.203 1.169 0.992 1.000 35.743 32.818 32.700 28.585 27.767 23.560 23.756 0.052 0.071 0.071 0.062 0.061 0.043 0.640
36.761 0.915 6.566 67253.252 0.984 27.388 1.467 1.351 1.349 1.188 1.158 0.992 1.000 36.761 33.864 33.801 29.759 29.009 24.847 25.059 0.051 0.070 0.070 0.062 0.060 0.043 0.643
37.780 0.921 6.580 67306.079 0.986 28.582 1.434 1.325 1.325 1.174 1.148 0.991 1.000 37.780 34.906 34.893 30.917 30.228 26.109 26.337 0.050 0.069 0.069 0.061 0.060 0.043 0.647
38.798 0.926 6.590 67355.906 0.987 29.729 1.409 1.305 1.306 1.163 1.140 0.991 1.000 38.798 35.942 35.967 32.037 31.394 27.303 27.539 0.049 0.069 0.069 0.061 0.060 0.043 0.649
39.816 0.931 6.600 67407.185 0.989 30.892 1.384 1.285 1.288 1.153 1.132 0.991 1.000 39.816 36.980 37.045 33.169 32.575 28.519 28.770 0.049 0.068 0.068 0.061 0.060 0.044 0.651
40.835 0.936 6.608 67458.046 0.990 32.046 1.362 1.268 1.271 1.144 1.125 0.991 1.000 40.835 38.016 38.119 34.291 33.745 29.722 29.986 0.048 0.067 0.067 0.061 0.060 0.044 0.654
41.853 0.939 6.614 67506.042 0.991 33.157 1.344 1.254 1.258 1.136 1.120 0.991 1.000 41.853 39.047 39.176 35.382 34.867 30.864 31.134 0.048 0.067 0.067 0.060 0.059 0.044 0.655
42.871 0.943 6.620 67556.109 0.992 34.293 1.326 1.240 1.245 1.129 1.114 0.991 1.000 42.871 40.080 40.242 36.490 36.015 32.041 32.324 0.047 0.066 0.066 0.060 0.059 0.044 0.657
43.890 0.945 6.624 67603.298 0.992 35.388 1.312 1.229 1.235 1.123 1.110 0.991 1.000 43.890 41.109 41.292 37.567 37.118 33.160 33.448 0.047 0.066 0.066 0.060 0.059 0.044 0.659
44.908 0.948 6.628 67650.283 0.993 36.478 1.299 1.219 1.225 1.118 1.106 0.992 1.000 44.908 42.136 42.340 38.640 38.216 34.272 34.566 0.046 0.065 0.065 0.060 0.059 0.044 0.660
45.927 0.950 6.632 67699.467 0.994 37.593 1.286 1.208 1.215 1.112 1.101 0.991 1.000 45.927 43.167 43.397 39.731 39.341 35.422 35.726 0.046 0.065 0.065 0.060 0.059 0.044 0.662
46.945 0.952 6.635 67745.849 0.994 38.672 1.275 1.200 1.207 1.108 1.098 0.992 1.000 46.945 44.193 44.440 40.795 40.425 36.518 36.826 0.046 0.064 0.065 0.059 0.059 0.044 0.663
47.963 0.954 6.638 67792.092 0.994 39.746 1.265 1.192 1.199 1.104 1.094 0.992 1.000 47.963 45.218 45.481 41.856 41.505 37.609 37.922 0.045 0.064 0.064 0.059 0.059 0.044 0.664
48.982 0.956 6.641 67840.877 0.995 40.850 1.254 1.184 1.191 1.099 1.091 0.992 1.000 48.982 46.247 46.533 42.937 42.616 38.742 39.066 0.045 0.064 0.064 0.059 0.059 0.045 0.665
50.000 0.958 6.643 67886.642 0.995 41.915 1.245 1.177 1.185 1.096 1.088 0.992 1.000 50.000 47.271 47.570 43.991 43.686 39.821 40.148 0.045 0.063 0.064 0.059 0.059 0.045 0.666
