0.100 1.003 13.814 1049.804 1.000 0.098 0.951 0.997 0.999 1.019 1.000 0.093 0.098 0.098 0.100 0.098 0.116 0.122 0.183 0.187 0.392
1.118 1.003 13.814 11740.669 1.000 1.095 0.951 0.997 0.999 1.019 1.000 1.045 1.095 1.096 1.118 1.098 0.116 0.122 0.183 0.187 0.392
2.137 1.003 13.814 22431.534 1.000 2.092 0.951 0.997 0.999 1.019 1.000 1.996 2.092 2.095 2.137 2.098 0.116 0.122 0.183 0.187 0.392
3.155 1.003 13.814 33122.398 1.000 3.089 0.951 0.997 0.999 1.019 1.000 2.947 3.090 3.093 3.155 3.097 0.116 0.122 0.183 0.187 0.392
4.173 1.003 13.814 43813.263 1.000 4.086 0.951 0.997 0.999 1.019 1.000 3.898 4.087 4.092 4.173 4.097 0.116 0.122 0.183 0.187 0.392
5.192 1.003 13.814 54504.128 1.000 5.083 0.951 0.997 0.999 1.019 1.000 4.849 5.084 5.090 5.192 5.097 0.116 0.122 0.183 0.187 0.392
6.210 1.003 13.814 65194.993 1.000 6.080 0.951 0.997 0.999 1.019 1.000 5.800 6.081 6.089 6.210 6.097 0.116 0.122 0.183 0.187 0.392
7.229 1.003 13.814 75885.857 1.000 7.077 0.951 0.997 0.999 1.019 1.000 6.751 7.079 7.087 7.229 7.096 0.116 0.122 0.183 0.187 0.392
8.247 1.003 13.814 86576.722 1.000 8.074 0.951 0.997 0.999 1.019 1.000 7.702 8.076 8.085 8.247 8.096 0.116 0.122 0.183 0.187 0.392
9.265 1.003 13.814 97267.587 1.000 9.071 0.951 0.997 0.999 1.019 1.000 8.653 9.073 9.084 9.265 9.096 0.116 0.122 0.183 0.187 0.392
10.284 1.003 13.814 107836.138 1.000 10.068 0.951 0.997 0.999 1.019 1.000 9.605 10.071 10.083 10.284 10.096 0.116 0.122 0.183 0.187 0.392
11.302 1.003 13.814 116478.673 1.000 11.070 0.952 0.998 0.999 1.018 1.000 10.569 11.073 11.087 11.302 11.101 0.116 0.122 0.183 0.187 0.392
12.320 1.003 13.814 124597.292 1.000 12.073 0.953 0.998 0.999 1.018 1.000 11.539 12.076 12.091 12.320 12.106 0.117 0.122 0.183 0.187 0.392
13.339 1.003 13.815 131591.049 1.000 13.076 0.954 0.998 0.999 1.017 1.000 12.508 13.079 13.095 13.339 13.111 0.117 0.122 0.183 0.187 0.392
14.357 1.003 13.815 138584.806 1.000 14.079 0.955 0.998 0.999 1.017 1.000 13.477 14.082 14.099 14.357 14.116 0.117 0.122 0.183 0.186 0.392
15.376 1.003 13.815 145578.562 1.000 15.082 0.955 0.998 0.999 1.017 1.000 14.447 15.085 15.103 15.376 15.121 0.117 0.122 0.183 0.186 0.392
16.394 1.003 13.815 152572.318 1.000 16.085 0.956 0.998 0.999 1.017 1.000 15.416 16.088 16.107 16.394 16.126 0.117 0.122 0.183 0.186 0.392
17.412 1.003 13.815 159146.477 1.000 17.089 0.956 0.998 0.999 1.016 1.000 16.386 17.092 17.113 17.412 17.132 0.117 0.122 0.183 0.186 0.392
18.431 1.003 13.815 161419.421 1.000 18.104 0.958 0.998 0.999 1.016 1.000 17.380 18.107 18.131 18.431 18.149 0.117 0.122 0.183 0.186 0.392
19.449 1.002 13.816 162147.447 1.000 19.122 0.960 0.998 0.999 1.015 1.000 18.399 19.126 19.150 19.449 19.168 0.117 0.122 0.183 0.186 0.392
20.467 1.002 13.816 162875.477 1.000 20.140 0.962 0.998 0.999 1.014 1.000 19.418 20.144 20.168 20.467 20.186 0.118 0.122 0.183 0.186 0.391
21.486 1.002 13.816 163603.508 1.000 21.158 0.964 0.998 0.999 1.013 1.000 20.437 21.163 21.186 21.486 21.204 0.118 0.122 0.183 0.186 0.391
22.504 1.002 13.817 164331.540 1.000 22.176 0.965 0.998 0.999 1.013 1.000 21.456 22.181 22.204 22.504 22.223 0.118 0.122 0.183 0.186 0.391
23.522 1.002 13.817 165059.573 1.000 23.194 0.967 0.998 0.999 1.012 1.000 22.474 23.200 23.223 23.522 23.241 0.118 0.122 0.183 0.185 0.391
24.541 1.002 13.817 165629.826 1.000 24.213 0.968 0.998 0.999 1.012 1.000 23.493 24.218 24.241 24.541 24.259 0.118 0.122 0.183 0.185 0.391
25.559 1.002 13.817 165740.543 1.000 25.231 0.970 0.998 0.999 1.011 1.000 24.511 25.237 25.259 25.559 25.277 0.118 0.122 0.183 0.185 0.391
26.578 1.002 13.817 165851.259 1.000 26.249 0.971 0.998 0.999 1.011 1.000 25.529 26.255 26.277 26.578 26.296 0.119 0.122 0.183 0.185 0.391
27.596 1.002 13.817 165961.976 1.000 27.267 0.972 0.999 0.999 1.010 1.000 26.547 27.273 27.295 27.596 27.314 0.119 0.122 0.183 0.185 0.391
28.614 1.002 13.818 166075.420 1.000 28.289 0.973 0.999 0.999 1.010 1.000 27.569 28.293 28.314 28.614 28.333 0.119 0.122 0.183 0.185 0.391
29.633 1.002 13.818 166186.053 1.000 29.307 0.974 0.999 0.999 1.010 1.000 28.587 29.311 29.332 29.633 29.351 0.119 0.122 0.183 0.185 0.391
30.651 1.001 13.818 166296.692 1.000 30.325 0.975 0.999 0.999 1.009 1.000 29.605 30.329 30.350 30.651 30.370 0.119 0.122 0.183 0.185 0.391
31.669 1.001 13.818 166407.335 1.000 31.343 0.976 0.999 0.999 1.009 1.000 30.622 31.348 31.369 31.669 31.388 0.119 0.122 0.183 0.185 0.391
32.688 1.001 13.818 166517.981 1.000 32.361 0.976 0.999 0.999 1.009 1.000 31.640 32.366 32.387 32.688 32.406 0.119 0.122 0.183 0.185 0.391
33.706 1.001 13.818 166628.631 1.000 33.379 0.977 0.999 0.999 1.008 1.000 32.658 33.384 33.405 33.706 33.424 0.119 0.122 0.183 0.185 0.391
34.724 1.001 13.818 166739.285 1.000 34.397 0.978 0.999 0.999 1.008 1.000 33.676 34.402 34.423 34.724 34.442 0.119 0.122 0.183 0.185 0.391
35.743 1.001 13.818 166849.941 1.000 35.415 0.978 0.999 0.999 1.008 1.000 34.694 35.420 35.441 35.743 35.461 0.120 0.122 0.183 0.184 0.391
36.761 1.001 13.818 166960.600 1.000 36.433 0.979 0.999 0.999 1.008 1.000 35.711 36.438 36.460 36.761 36.479 0.120 0.122 0.183 0.184 0.391
37.780 1.001 13.818 167071.262 1.000 37.451 0.980 0.999 0.999 1.008 1.000 36.729 37.457 37.478 37.780 37.497 0.120 0.122 0.183 0.184 0.391
38.798 1.001 13.818 167181.926 1.000 38.469 0.980 0.999 1.000 1.007 1.000 37.747 38.475 38.496 38.798 38.515 0.120 0.122 0.183 0.184 0.391
39.816 1.001 13.818 167292.592 1.000 39.487 0.981 0.999 1.000 1.007 1.000 38.765 39.493 39.514 39.816 39.533 0.120 0.122 0.183 0.184 0.391
40.835 1.001 13.818 167403.260 1.000 40.505 0.981 0.999 1.000 1.007 1.000 39.783 40.511 40.532 40.835 40.552 0.120 0.122 0.183 0.184 0.391
41.853 1.001 13.818 167513.930 1.000 41.523 0.981 0.999 1.000 1.007 1.000 40.800 41.529 41.551 41.853 41.570 0.120 0.122 0.183 0.184 0.391
42.871 1.001 13.818 167624.602 1.000 42.542 0.982 0.999 1.000 1.007 1.000 41.818 42.548 42.569 42.871 42.588 0.120 0.122 0.183 0.184 0.391
43.890 1.001 13.818 167735.275 1.000 43.560 0.982 0.999 1.000 1.007 1.000 42.836 43.566 43.587 43.890 43.606 0.120 0.122 0.183 0.184 0.391
44.908 1.001 13.818 167845.950 1.000 44.578 0.983 0.999 1.000 1.006 1.000 43.854 44.584 44.605 44.908 44.624 0.120 0.122 0.183 0.184 0.391
45.927 1.001 13.818 167956.627 1.000 45.596 0.983 0.999 1.000 1.006 1.000 44.871 45.602 45.623 45.927 45.643 0.120 0.122 0.183 0.184 0.391
46.945 1.001 13.818 168067.304 1.000 46.614 0.983 0.999 1.000 1.006 1.000 45.889 46.620 46.642 46.945 46.661 0.120 0.122 0.183 0.184 0.391
47.963 1.001 13.818 168177.983 1.000 47.632 0.984 0.999 1.000 1.006 1.000 46.907 47.638 47.660 47.963 47.679 0.120 0.122 0.183 0.184 0.391
48.982 1.001 13.818 168288.663 1.000 48.650 0.984 0.999 1.000 1.006 1.000 47.925 48.657 48.678 48.982 48.697 0.120 0.122 0.183 0.184 0.391
50.000 1.001 13.818 168399.345 1.000 49.668 0.984 0.999 1.000 1.006 1.000 48.942 49.675 49.696 50.000 49.716 0.120 0.122 0.183 0.184 0.391
