0.100 0.934 22.941 1038.265 0.994 0.088 1.130 1.074 1.179 1.195 1.121 1.215 1.217 1.128 1.208 1.196 1.094 1.157 1.132 1.021 1.064 1.027 0.912 1.000 0.093 0.088 0.097 0.098 0.092 0.100 0.100 0.093 0.099 0.098 0.090 0.095 0.093 0.084 0.087 0.084 0.075 0.082 0.023 0.033 0.036 0.036 0.034 0.037 0.037 0.034 0.037 0.036 0.033 0.035 0.034 0.031 0.032 0.031 0.028 0.432
1.118 0.934 22.941 11611.613 0.994 0.984 1.130 1.074 1.179 1.195 1.121 1.215 1.217 1.128 1.208 1.196 1.094 1.157 1.132 1.021 1.064 1.027 0.912 1.000 1.039 0.987 1.083 1.098 1.030 1.116 1.118 1.036 1.109 1.099 1.005 1.063 1.040 0.939 0.978 0.944 0.838 0.919 0.023 0.033 0.036 0.036 0.034 0.037 0.037 0.034 0.037 0.036 0.033 0.035 0.034 0.031 0.032 0.031 0.028 0.432
2.137 0.934 22.941 22184.961 0.994 1.880 1.130 1.074 1.179 1.195 1.121 1.215 1.217 1.128 1.208 1.196 1.094 1.157 1.132 1.021 1.064 1.027 0.912 1.000 1.984 1.885 2.070 2.098 1.967 2.133 2.137 1.979 2.120 2.100 1.921 2.031 1.987 1.793 1.869 1.803 1.600 1.755 0.023 0.033 0.036 0.036 0.034 0.037 0.037 0.034 0.037 0.036 0.033 0.035 0.034 0.031 0.032 0.031 0.028 0.432
3.155 0.934 22.941 32758.309 0.994 2.775 1.130 1.074 1.179 1.195 1.121 1.215 1.217 1.128 1.208 1.196 1.094 1.157 1.132 1.021 1.064 1.027 0.912 1.000 2.930 2.783 3.056 3.097 2.905 3.149 3.155 2.923 3.130 3.100 2.836 2.999 2.934 2.648 2.759 2.662 2.363 2.592 0.023 0.033 0.036 0.036 0.034 0.037 0.037 0.034 0.037 0.036 0.033 0.035 0.034 0.031 0.032 0.031 0.028 0.432
4.173 0.934 22.941 43331.657 0.994 3.671 1.130 1.074 1.179 1.195 1.121 1.215 1.217 1.128 1.208 1.196 1.094 1.157 1.132 1.021 1.064 1.027 0.912 1.000 3.876 3.682 4.042 4.097 3.842 4.165 4.173 3.866 4.140 4.101 3.752 3.967 3.882 3.502 3.650 3.521 3.126 3.429 0.023 0.033 0.036 0.036 0.034 0.037 0.037 0.034 0.037 0.036 0.033 0.035 0.034 0.031 0.032 0.031 0.028 0.432
5.192 0.934 22.941 53905.005 0.994 4.567 1.130 1.074 1.179 1.195 1.121 1.215 1.217 1.128 1.208 1.196 1.094 1.157 1.132 1.021 1.064 1.027 0.912 1.000 4.822 4.580 5.029 5.097 4.780 5.182 5.192 4.809 5.150 5.102 4.667 4.935 4.829 4.357 4.540 4.380 3.888 4.265 0.023 0.033 0.036 0.036 0.034 0.037 0.037 0.034 0.037 0.036 0.033 0.035 0.034 0.031 0.032 0.031 0.028 0.432
6.210 0.934 22.941 64478.353 0.994 5.463 1.130 1.074 1.179 1.195 1.121 1.215 1.217 1.128 1.208 1.196 1.094 1.157 1.132 1.021 1.064 1.027 0.912 1.000 5.768 5.479 6.015 6.096 5.717 6.198 6.210 5.753 6.161 6.103 5.583 5.903 5.776 5.211 5.431 5.239 4.651 5.102 0.023 0.033 0.036 0.036 0.034 0.037 0.037 0.034 0.037 0.036 0.033 0.035 0.034 0.031 0.032 0.031 0.028 0.432
7.229 0.934 22.941 75051.702 0.994 6.359 1.130 1.074 1.179 1.195 1.121 1.215 1.217 1.128 1.208 1.196 1.094 1.157 1.132 1.021 1.064 1.027 0.912 1.000 6.713 6.377 7.001 7.096 6.655 7.214 7.229 6.696 7.171 7.103 6.498 6.871 6.723 6.066 6.322 6.098 5.414 5.939 0.023 0.033 0.036 0.036 0.034 0.037 0.037 0.034 0.037 0.036 0.033 0.035 0.034 0.031 0.032 0.031 0.028 0.432
8.247 0.934 22.941 85625.050 0.994 7.254 1.130 1.074 1.179 1.195 1.121 1.215 1.217 1.128 1.208 1.196 1.094 1.157 1.132 1.021 1.064 1.027 0.912 1.000 7.659 7.275 7.988 8.096 7.592 8.231 8.247 7.639 8.181 8.104 7.414 7.838 7.670 6.921 7.212 6.958 6.176 6.775 0.023 0.033 0.036 0.036 0.034 0.037 0.037 0.034 0.037 0.036 0.033 0.035 0.034 0.031 0.032 0.031 0.028 0.432
9.265 0.934 22.941 96198.398 0.994 8.150 1.130 1.074 1.179 1.195 1.121 1.215 1.217 1.128 1.208 1.196 1.094 1.157 1.132 1.021 1.064 1.027 0.912 1.000 8.605 8.174 8.974 9.096 8.530 9.247 9.265 8.583 9.191 9.105 8.329 8.806 8.617 7.775 8.103 7.817 6.939 7.612 0.023 0.033 0.036 0.036 0.034 0.037 0.037 0.034 0.037 0.036 0.033 0.035 0.034 0.031 0.032 0.031 0.028 0.432
10.284 0.934 22.941 106769.337 0.994 9.046 1.131 1.074 1.179 1.195 1.121 1.215 1.217 1.128 1.208 1.196 1.094 1.157 1.132 1.021 1.065 1.027 0.912 1.000 9.551 9.072 9.960 10.095 9.467 10.264 10.284 9.526 10.202 10.105 9.244 9.774 9.564 8.630 8.993 8.676 7.701 8.448 0.023 0.033 0.036 0.036 0.034 0.037 0.037 0.034 0.037 0.036 0.033 0.035 0.034 0.031 0.032 0.031 0.028 0.432
11.302 0.928 22.920 115966.615 0.993 9.861 1.145 1.088 1.195 1.213 1.139 1.233 1.235 1.144 1.223 1.209 1.104 1.165 1.138 1.025 1.067 1.029 0.913 1.000 10.476 9.954 10.935 11.093 10.416 11.284 11.302 10.469 11.185 11.059 10.099 10.656 10.410 9.379 9.762 9.409 8.348 9.148 0.023 0.033 0.036 0.037 0.034 0.037 0.037 0.035 0.037 0.037 0.033 0.035 0.034 0.031 0.032 0.031 0.028 0.429
12.320 0.906 22.834 121983.271 0.989 10.508 1.215 1.155 1.264 1.280 1.201 1.295 1.293 1.195 1.269 1.249 1.136 1.191 1.157 1.038 1.076 1.034 0.916 1.000 11.558 10.990 12.032 12.181 11.428 12.320 12.299 11.366 12.072 11.882 10.812 11.331 11.010 9.872 10.234 9.838 8.711 9.515 0.024 0.034 0.037 0.038 0.036 0.038 0.038 0.035 0.038 0.037 0.034 0.035 0.034 0.031 0.032 0.031 0.027 0.421
13.339 0.892 22.773 128844.214 0.987 11.234 1.256 1.196 1.305 1.320 1.239 1.331 1.327 1.225 1.297 1.274 1.158 1.209 1.172 1.049 1.083 1.039 0.918 1.000 12.588 11.980 13.081 13.228 12.411 13.339 13.294 12.279 12.997 12.767 11.604 12.115 11.741 10.510 10.854 10.406 9.199 10.020 0.024 0.035 0.038 0.039 0.036 0.039 0.039 0.036 0.038 0.037 0.034 0.035 0.034 0.031 0.032 0.030 0.027 0.415
14.357 0.882 22.727 136065.800 0.985 11.992 1.286 1.225 1.334 1.348 1.265 1.357 1.351 1.248 1.318 1.293 1.175 1.223 1.183 1.059 1.090 1.042 0.920 1.000 13.604 12.956 14.118 14.266 13.388 14.357 14.294 13.203 13.941 13.677 12.429 12.940 12.521 11.200 11.528 11.027 9.734 10.580 0.025 0.035 0.039 0.039 0.037 0.039 0.039 0.036 0.038 0.037 0.034 0.035 0.034 0.031 0.032 0.030 0.027 0.412
15.376 0.882 22.729 144549.383 0.985 12.856 1.286 1.226 1.334 1.347 1.266 1.356 1.350 1.248 1.317 1.293 1.176 1.224 1.184 1.061 1.091 1.044 0.922 1.000 14.584 13.900 15.125 15.280 14.354 15.376 15.309 14.158 14.937 14.658 13.340 13.878 13.433 12.035 12.373 11.834 10.458 11.340 0.025 0.035 0.039 0.039 0.037 0.039 0.039 0.036 0.038 0.037 0.034 0.035 0.034 0.031 0.032 0.030 0.027 0.412
16.394 0.889 22.764 153039.169 0.986 13.807 1.266 1.207 1.313 1.326 1.247 1.336 1.331 1.233 1.301 1.278 1.166 1.214 1.176 1.057 1.087 1.042 0.923 1.000 15.539 14.821 16.111 16.279 15.311 16.394 16.334 15.134 15.968 15.689 14.314 14.897 14.441 12.977 13.347 12.786 11.333 12.275 0.025 0.035 0.038 0.039 0.036 0.039 0.039 0.036 0.038 0.037 0.034 0.035 0.034 0.031 0.032 0.030 0.027 0.414
17.412 0.899 22.811 159736.826 0.988 14.809 1.238 1.182 1.283 1.297 1.221 1.308 1.304 1.211 1.278 1.257 1.150 1.198 1.164 1.049 1.080 1.037 0.922 1.000 16.483 15.732 17.088 17.270 16.264 17.412 17.363 16.119 17.015 16.741 15.314 15.952 15.493 13.966 14.378 13.801 12.274 13.315 0.024 0.035 0.038 0.038 0.036 0.038 0.038 0.036 0.038 0.037 0.034 0.035 0.034 0.031 0.032 0.031 0.027 0.418
18.431 0.899 22.807 165129.508 0.988 15.646 1.241 1.186 1.287 1.301 1.227 1.311 1.306 1.212 1.277 1.255 1.149 1.195 1.161 1.047 1.078 1.035 0.922 1.000 17.456 16.672 18.097 18.295 17.252 18.431 18.358 17.040 17.955 17.652 16.149 16.804 16.318 14.723 15.152 14.551 12.963 14.061 0.024 0.035 0.038 0.038 0.036 0.039 0.038 0.036 0.038 0.037 0.034 0.035 0.034 0.031 0.032 0.031 0.027 0.418
19.449 0.837 22.441 161462.742 0.972 15.374 1.464 1.399 1.506 1.511 1.416 1.491 1.466 1.343 1.395 1.353 1.221 1.255 1.206 1.076 1.099 1.048 0.928 1.000 18.841 18.009 19.374 19.449 18.227 19.185 18.864 17.286 17.946 17.411 15.715 16.157 15.522 13.852 14.142 13.489 11.939 12.869 0.027 0.039 0.042 0.042 0.039 0.042 0.041 0.037 0.039 0.038 0.034 0.035 0.034 0.030 0.031 0.029 0.026 0.396
20.467 0.777 21.959 157126.434 0.951 15.167 1.703 1.629 1.737 1.730 1.610 1.673 1.625 1.471 1.509 1.447 1.291 1.313 1.249 1.104 1.119 1.060 0.932 1.000 20.074 19.201 20.467 20.391 18.977 19.713 19.156 17.342 17.782 17.057 15.214 15.476 14.724 13.007 13.183 12.496 10.990 11.786 0.030 0.043 0.046 0.046 0.043 0.044 0.043 0.039 0.040 0.038 0.034 0.035 0.033 0.029 0.030 0.028 0.025 0.375
21.486 0.728 21.481 152244.367 0.931 15.200 1.916 1.834 1.942 1.924 1.782 1.832 1.765 1.583 1.606 1.526 1.348 1.358 1.282 1.123 1.131 1.067 0.934 1.000 21.206 20.299 21.486 21.288 19.718 20.275 19.525 17.518 17.774 16.887 14.912 15.032 14.185 12.426 12.518 11.806 10.335 11.066 0.032 0.046 0.049 0.049 0.045 0.046 0.045 0.040 0.041 0.039 0.034 0.034 0.032 0.028 0.029 0.027 0.024 0.359
22.504 0.686 21.016 148812.179 0.910 15.388 2.115 2.026 2.132 2.104 1.942 1.980 1.893 1.686 1.695 1.597 1.398 1.397 1.309 1.138 1.141 1.072 0.935 1.000 22.321 21.386 22.504 22.201 20.496 20.896 19.977 17.797 17.886 16.848 14.748 14.746 13.816 12.014 12.041 11.310 9.867 10.553 0.034 0.049 0.052 0.051 0.047 0.048 0.046 0.041 0.041 0.039 0.034 0.034 0.032 0.028 0.028 0.026 0.023 0.346
23.522 0.652 20.604 146677.314 0.893 15.704 2.289 2.195 2.299 2.260 2.082 2.108 2.004 1.776 1.770 1.655 1.438 1.428 1.330 1.150 1.148 1.075 0.937 1.000 23.423 22.463 23.522 23.129 21.308 21.571 20.503 18.171 18.110 16.934 14.714 14.610 13.608 11.766 11.746 11.003 9.584 10.232 0.036 0.052 0.054 0.053 0.049 0.050 0.047 0.042 0.042 0.039 0.034 0.034 0.031 0.027 0.027 0.025 0.022 0.335
24.541 0.620 20.199 144960.500 0.875 16.081 2.460 2.362 2.463 2.415 2.221 2.235 2.114 1.865 1.845 1.714 1.479 1.459 1.351 1.162 1.155 1.079 0.939 1.000 24.518 23.535 24.541 24.064 22.135 22.272 21.066 18.589 18.385 17.075 14.736 14.536 13.463 11.579 11.514 10.757 9.353 9.965 0.037 0.054 0.056 0.055 0.051 0.051 0.048 0.043 0.042 0.039 0.034 0.033 0.031 0.027 0.026 0.025 0.022 0.325
25.559 0.592 19.830 143717.962 0.859 16.488 2.619 2.516 2.614 2.558 2.350 2.353 2.216 1.949 1.915 1.768 1.517 1.487 1.371 1.173 1.162 1.083 0.940 1.000 25.559 24.556 25.514 24.964 22.939 22.963 21.632 19.025 18.690 17.255 14.803 14.517 13.378 11.451 11.344 10.572 9.177 9.760 0.039 0.056 0.058 0.057 0.052 0.052 0.049 0.043 0.043 0.039 0.034 0.033 0.031 0.026 0.026 0.024 0.021 0.317
26.578 0.568 19.498 142925.112 0.845 16.925 2.764 2.658 2.753 2.689 2.470 2.462 2.311 2.027 1.980 1.818 1.552 1.513 1.388 1.183 1.168 1.086 0.942 1.000 26.578 25.556 26.471 25.855 23.743 23.665 22.220 19.491 19.033 17.478 14.916 14.550 13.348 11.376 11.232 10.443 9.053 9.614 0.040 0.058 0.060 0.058 0.054 0.053 0.050 0.044 0.043 0.039 0.034 0.033 0.030 0.026 0.025 0.024 0.020 0.309
27.596 0.544 19.156 142064.364 0.830 17.397 2.918 2.808 2.900 2.828 2.596 2.577 2.412 2.111 2.050 1.873 1.591 1.544 1.410 1.196 1.177 1.091 0.944 1.000 27.596 26.557 27.431 26.750 24.554 24.376 22.818 19.971 19.391 17.718 15.045 14.600 13.334 11.316 11.133 10.324 8.933 9.459 0.041 0.059 0.061 0.060 0.055 0.054 0.051 0.045 0.043 0.040 0.034 0.033 0.030 0.025 0.025 0.023 0.020 0.301
28.614 0.525 18.877 141884.063 0.818 17.890 3.047 2.935 3.024 2.945 2.703 2.674 2.497 2.182 2.108 1.918 1.621 1.566 1.425 1.205 1.182 1.094 0.945 1.000 28.614 27.560 28.396 27.656 25.384 25.114 23.452 20.493 19.798 18.009 15.226 14.708 13.381 11.315 11.098 10.270 8.876 9.391 0.042 0.061 0.063 0.061 0.056 0.055 0.052 0.045 0.044 0.040 0.034 0.032 0.030 0.025 0.025 0.023 0.020 0.295
29.633 0.505 18.582 141511.840 0.805 18.411 3.187 3.072 3.158 3.072 2.819 2.781 2.591 2.261 2.174 1.969 1.658 1.594 1.445 1.217 1.190 1.098 0.948 1.000 29.633 28.563 29.361 28.564 26.215 25.854 24.090 21.020 20.209 18.305 15.412 14.821 13.431 11.316 11.063 10.213 8.813 9.298 0.043 0.062 0.064 0.062 0.057 0.056 0.052 0.046 0.044 0.040 0.034 0.032 0.029 0.025 0.024 0.022 0.019 0.288
30.651 0.490 18.354 141781.187 0.795 18.938 3.300 3.183 3.266 3.174 2.914 2.866 2.666 2.324 2.225 2.007 1.684 1.613 1.457 1.224 1.193 1.100 0.948 1.000 30.651 29.567 30.332 29.482 27.063 26.618 24.758 21.583 20.661 18.645 15.642 14.984 13.535 11.370 11.085 10.215 8.805 9.288 0.044 0.063 0.065 0.063 0.058 0.057 0.053 0.046 0.044 0.040 0.034 0.032 0.029 0.024 0.024 0.022 0.019 0.283
31.669 0.474 18.104 141786.268 0.784 19.491 3.426 3.307 3.386 3.289 3.020 2.962 2.751 2.396 2.284 2.054 1.717 1.638 1.475 1.235 1.201 1.104 0.950 1.000 31.669 30.571 31.302 30.399 27.911 27.381 25.425 22.144 21.113 18.984 15.870 15.144 13.634 11.417 11.098 10.205 8.784 9.243 0.044 0.064 0.066 0.064 0.059 0.058 0.054 0.047 0.045 0.040 0.033 0.032 0.029 0.024 0.023 0.022 0.019 0.278
32.688 0.460 17.877 141974.997 0.774 20.057 3.545 3.424 3.500 3.396 3.119 3.053 2.831 2.464 2.340 2.097 1.748 1.662 1.492 1.245 1.207 1.108 0.952 1.000 32.688 31.576 32.275 31.321 28.765 28.154 26.105 22.721 21.581 19.342 16.118 15.324 13.755 11.486 11.133 10.217 8.782 9.222 0.045 0.065 0.067 0.065 0.060 0.058 0.054 0.047 0.045 0.040 0.033 0.032 0.029 0.024 0.023 0.021 0.018 0.273
33.706 0.447 17.674 142349.095 0.766 20.630 3.654 3.532 3.605 3.496 3.212 3.137 2.905 2.527 2.392 2.138 1.776 1.683 1.507 1.255 1.213 1.111 0.954 1.000 33.706 32.581 33.249 32.247 29.626 28.937 26.797 23.314 22.067 19.717 16.383 15.525 13.896 11.574 11.190 10.250 8.799 9.224 0.046 0.066 0.068 0.066 0.060 0.059 0.055 0.048 0.045 0.040 0.033 0.032 0.028 0.024 0.023 0.021 0.018 0.268
34.724 0.436 17.499 142960.873 0.758 21.209 3.753 3.630 3.699 3.586 3.296 3.213 2.972 2.586 2.439 2.174 1.802 1.702 1.520 1.263 1.218 1.114 0.955 1.000 34.724 33.587 34.226 33.179 30.496 29.733 27.505 23.925 22.574 20.115 16.671 15.750 14.062 11.686 11.271 10.306 8.838 9.254 0.046 0.067 0.069 0.066 0.061 0.060 0.055 0.048 0.045 0.040 0.033 0.032 0.028 0.023 0.023 0.021 0.018 0.264
35.743 0.419 17.238 142688.726 0.747 21.854 3.901 3.776 3.842 3.722 3.423 3.331 3.078 2.676 2.517 2.236 1.848 1.740 1.549 1.283 1.233 1.125 0.962 1.000 35.743 34.592 35.201 34.106 31.359 30.517 28.199 24.519 23.060 20.489 16.933 15.943 14.191 11.757 11.302 10.306 8.816 9.162 0.047 0.068 0.070 0.067 0.062 0.060 0.056 0.049 0.046 0.041 0.034 0.032 0.028 0.023 0.022 0.020 0.017 0.258
36.761 0.414 17.172 144038.775 0.744 22.522 3.944 3.820 3.884 3.764 3.466 3.372 3.119 2.718 2.554 2.271 1.880 1.765 1.567 1.295 1.241 1.129 0.965 1.000 36.761 35.605 36.202 35.086 32.311 31.433 29.071 25.335 23.812 21.167 17.528 16.451 14.605 12.073 11.571 10.528 8.992 9.322 0.047 0.069 0.070 0.068 0.062 0.061 0.056 0.049 0.046 0.041 0.034 0.032 0.028 0.023 0.022 0.020 0.017 0.256
37.780 0.409 17.117 145458.096 0.742 23.192 3.979 3.856 3.918 3.798 3.503 3.407 3.154 2.755 2.588 2.302 1.910 1.787 1.583 1.306 1.248 1.133 0.967 1.000 37.780 36.618 37.203 36.068 33.266 32.354 29.947 26.159 24.574 21.858 18.138 16.973 15.032 12.401 11.851 10.761 9.178 9.496 0.047 0.069 0.070 0.068 0.062 0.061 0.056 0.049 0.046 0.041 0.034 0.032 0.028 0.023 0.022 0.020 0.017 0.254
38.798 0.406 17.075 146981.378 0.740 23.857 4.007 3.886 3.946 3.826 3.534 3.437 3.184 2.787 2.617 2.329 1.937 1.807 1.597 1.315 1.254 1.136 0.968 1.000 38.798 37.632 38.205 37.052 34.223 33.277 30.828 26.988 25.342 22.555 18.755 17.502 15.467 12.738 12.141 11.004 9.374 9.683 0.047 0.069 0.070 0.068 0.063 0.061 0.056 0.049 0.046 0.041 0.034 0.032 0.028 0.023 0.022 0.020 0.017 0.252
39.816 0.404 17.052 148672.170 0.739 24.513 4.025 3.906 3.963 3.845 3.556 3.457 3.206 2.813 2.640 2.352 1.960 1.824 1.609 1.323 1.258 1.138 0.969 1.000 39.816 38.645 39.208 38.037 35.183 34.205 31.716 27.826 26.120 23.265 19.386 18.045 15.915 13.087 12.445 11.261 9.583 9.893 0.047 0.069 0.070 0.068 0.063 0.061 0.056 0.050 0.047 0.041 0.035 0.032 0.028 0.023 0.022 0.020 0.017 0.251
40.835 0.400 17.006 150112.910 0.737 25.180 4.055 3.938 3.993 3.875 3.588 3.488 3.236 2.844 2.669 2.378 1.985 1.843 1.623 1.332 1.264 1.142 0.970 1.000 40.835 39.658 40.209 39.017 36.135 35.121 32.587 28.643 26.876 23.949 19.990 18.562 16.339 13.414 12.726 11.495 9.772 10.070 0.047 0.069 0.070 0.068 0.063 0.061 0.057 0.050 0.047 0.042 0.035 0.032 0.028 0.023 0.022 0.020 0.017 0.249
41.853 0.395 16.946 151378.913 0.734 25.856 4.094 3.979 4.031 3.912 3.627 3.524 3.272 2.881 2.701 2.408 2.013 1.865 1.638 1.343 1.271 1.146 0.973 1.000 41.853 40.670 41.208 39.994 37.081 36.029 33.447 29.447 27.616 24.616 20.576 19.062 16.747 13.727 12.993 11.715 9.946 10.222 0.047 0.069 0.070 0.068 0.063 0.061 0.057 0.050 0.047 0.042 0.035 0.032 0.029 0.023 0.022 0.020 0.017 0.247
42.871 0.395 16.959 153346.669 0.735 26.522 4.088 3.974 4.025 3.908 3.628 3.525 3.275 2.889 2.709 2.417 2.025 1.873 1.643 1.346 1.273 1.147 0.974 1.000 42.871 41.684 42.212 40.982 38.046 36.965 34.346 30.300 28.414 25.350 21.236 19.640 17.235 14.119 13.348 12.030 10.217 10.488 0.047 0.069 0.070 0.068 0.063 0.061 0.057 0.050 0.047 0.042 0.035 0.033 0.029 0.023 0.022 0.020 0.017 0.247
43.890 0.397 16.998 155614.468 0.736 27.171 4.065 3.955 4.003 3.888 3.614 3.512 3.266 2.887 2.707 2.418 2.030 1.875 1.644 1.346 1.272 1.146 0.974 1.000 43.890 42.699 43.219 41.975 39.018 37.910 35.257 31.168 29.230 26.104 21.919 20.242 17.747 14.535 13.729 12.372 10.517 10.796 0.047 0.069 0.070 0.068 0.063 0.061 0.057 0.050 0.047 0.042 0.035 0.033 0.029 0.023 0.022 0.020 0.017 0.248
44.908 0.413 17.241 160283.148 0.747 27.711 3.927 3.823 3.869 3.760 3.502 3.405 3.173 2.814 2.642 2.365 1.995 1.841 1.615 1.325 1.253 1.132 0.966 1.000 44.908 43.718 44.242 43.001 40.048 38.940 36.281 32.178 30.214 27.048 22.809 21.056 18.470 15.154 14.331 12.945 11.047 11.435 0.046 0.068 0.068 0.067 0.062 0.060 0.056 0.050 0.047 0.042 0.035 0.033 0.029 0.024 0.022 0.020 0.017 0.254
45.927 0.455 17.903 166695.026 0.776 28.150 3.584 3.493 3.536 3.444 3.219 3.139 2.937 2.622 2.472 2.227 1.896 1.753 1.543 1.274 1.210 1.100 0.947 1.000 45.927 44.752 45.313 44.130 41.248 40.216 37.635 33.602 31.680 28.535 24.288 22.465 19.774 16.319 15.505 14.093 12.136 12.813 0.044 0.065 0.065 0.064 0.060 0.058 0.055 0.049 0.046 0.042 0.036 0.033 0.029 0.024 0.023 0.021 0.018 0.270
46.945 0.555 19.415 176518.560 0.841 29.401 2.875 2.807 2.849 2.790 2.630 2.586 2.450 2.225 2.128 1.954 1.709 1.607 1.447 1.233 1.176 1.076 0.936 1.000 46.945 45.826 46.523 45.550 42.942 42.229 39.996 36.322 34.738 31.898 27.901 26.237 23.617 20.135 19.203 17.567 15.290 16.327 0.039 0.058 0.059 0.057 0.054 0.053 0.051 0.046 0.044 0.041 0.036 0.034 0.031 0.026 0.025 0.023 0.020 0.303
47.963 0.687 21.072 187759.331 0.913 32.732 2.133 2.086 2.125 2.095 1.995 1.984 1.907 1.768 1.723 1.621 1.465 1.412 1.313 1.170 1.137 1.066 0.960 1.000 47.963 46.919 47.799 47.111 44.877 44.619 42.896 39.762 38.745 36.452 32.958 31.764 29.522 26.303 25.561 23.972 21.590 22.490 0.034 0.050 0.051 0.050 0.048 0.047 0.046 0.042 0.041 0.039 0.035 0.034 0.032 0.028 0.028 0.026 0.023 0.346
48.982 0.767 21.878 189761.740 0.948 35.956 1.775 1.739 1.776 1.758 1.686 1.688 1.639 1.539 1.517 1.448 1.335 1.306 1.236 1.128 1.109 1.056 0.970 1.000 48.971 47.977 48.982 48.488 46.512 46.569 45.201 42.449 41.840 39.949 36.834 36.010 34.083 31.112 30.582 29.115 26.757 27.583 0.031 0.045 0.046 0.046 0.044 0.044 0.043 0.040 0.039 0.038 0.035 0.034 0.032 0.030 0.029 0.028 0.025 0.372
50.000 0.816 22.288 190119.702 0.966 38.556 1.585 1.555 1.589 1.578 1.520 1.529 1.493 1.414 1.404 1.353 1.262 1.244 1.191 1.102 1.090 1.047 0.973 1.000 49.871 48.911 50.000 49.638 47.837 48.108 46.984 44.497 44.169 42.560 39.716 39.154 37.458 34.676 34.306 32.942 30.626 31.463 0.029 0.042 0.043 0.043 0.041 0.042 0.041 0.039 0.038 0.037 0.034 0.034 0.033 0.030 0.030 0.029 0.027 0.388
