0.100 1.024 21.730 533.343 0.939 0.067 0.359 0.495 0.576 0.593 0.544 0.681 0.742 0.721 0.619 0.729 0.758 0.778 0.746 0.974 1.099 1.108 1.001 1.240 1.350 1.317 1.146 1.372 1.454 1.383 1.167 1.355 1.402 0.760 1.000 0.025 0.034 0.040 0.041 0.037 0.047 0.051 0.050 0.043 0.050 0.052 0.053 0.051 0.067 0.076 0.076 0.069 0.085 0.093 0.091 0.079 0.094 0.100 0.095 0.080 0.093 0.096 0.052 0.069 0.004 0.009 0.010 0.011 0.010 0.012 0.013 0.013 0.011 0.013 0.009 0.011 0.013 0.017 0.019 0.020 0.018 0.022 0.024 0.023 0.020 0.024 0.026 0.024 0.021 0.024 0.025 0.240 0.314
1.118 1.024 21.730 5964.731 0.939 0.751 0.359 0.495 0.576 0.593 0.544 0.681 0.742 0.721 0.619 0.729 0.758 0.778 0.746 0.974 1.099 1.108 1.001 1.240 1.350 1.317 1.146 1.372 1.454 1.383 1.167 1.355 1.402 0.760 1.000 0.276 0.381 0.443 0.456 0.419 0.524 0.571 0.554 0.476 0.560 0.583 0.598 0.574 0.749 0.845 0.852 0.770 0.954 1.038 1.013 0.881 1.055 1.118 1.064 0.897 1.042 1.078 0.585 0.769 0.004 0.009 0.010 0.011 0.010 0.012 0.013 0.013 0.011 0.013 0.009 0.011 0.013 0.017 0.019 0.020 0.018 0.022 0.024 0.023 0.020 0.024 0.026 0.024 0.021 0.024 0.025 0.240 0.314
2.137 1.024 21.730 11396.119 0.939 1.435 0.359 0.495 0.576 0.593 0.544 0.681 0.742 0.721 0.619 0.729 0.758 0.778 0.746 0.974 1.099 1.108 1.001 1.240 1.350 1.317 1.146 1.372 1.454 1.383 1.167 1.355 1.402 0.760 1.000 0.528 0.727 0.847 0.871 0.800 1.001 1.091 1.059 0.910 1.071 1.114 1.143 1.097 1.431 1.615 1.628 1.470 1.822 1.983 1.935 1.684 2.016 2.137 2.032 1.715 1.992 2.060 1.117 1.469 0.004 0.009 0.010 0.011 0.010 0.012 0.013 0.013 0.011 0.013 0.009 0.011 0.013 0.017 0.019 0.020 0.018 0.022 0.024 0.023 0.020 0.024 0.026 0.024 0.021 0.024 0.025 0.240 0.314
3.155 1.024 21.730 16827.507 0.939 2.119 0.359 0.495 0.576 0.593 0.544 0.681 0.742 0.721 0.619 0.729 0.758 0.778 0.746 0.974 1.099 1.108 1.001 1.240 1.350 1.317 1.146 1.372 1.454 1.383 1.167 1.355 1.402 0.760 1.000 0.779 1.074 1.250 1.287 1.181 1.478 1.610 1.563 1.344 1.581 1.644 1.687 1.620 2.113 2.384 2.404 2.171 2.691 2.929 2.857 2.486 2.976 3.155 3.000 2.532 2.941 3.042 1.649 2.170 0.004 0.009 0.010 0.011 0.010 0.012 0.013 0.013 0.011 0.013 0.009 0.011 0.013 0.017 0.019 0.020 0.018 0.022 0.024 0.023 0.020 0.024 0.026 0.024 0.021 0.024 0.025 0.240 0.314
4.173 1.024 21.730 22258.895 0.939 2.804 0.359 0.495 0.576 0.593 0.544 0.681 0.742 0.721 0.619 0.729 0.758 0.778 0.746 0.974 1.099 1.108 1.001 1.240 1.350 1.317 1.146 1.372 1.454 1.383 1.167 1.355 1.402 0.760 1.000 1.030 1.421 1.654 1.702 1.562 1.954 2.130 2.068 1.777 2.091 2.175 2.232 2.142 2.795 3.154 3.179 2.872 3.559 3.874 3.779 3.288 3.937 4.173 3.969 3.349 3.890 4.023 2.182 2.870 0.004 0.009 0.010 0.011 0.010 0.012 0.013 0.013 0.011 0.013 0.009 0.011 0.013 0.017 0.019 0.020 0.018 0.022 0.024 0.023 0.020 0.024 0.026 0.024 0.021 0.024 0.025 0.240 0.314
5.192 1.024 21.730 27690.283 0.939 3.488 0.359 0.495 0.576 0.593 0.544 0.681 0.742 0.721 0.619 0.729 0.758 0.778 0.746 0.974 1.099 1.108 1.001 1.240 1.350 1.317 1.146 1.372 1.454 1.383 1.167 1.355 1.402 0.760 1.000 1.282 1.767 2.057 2.118 1.944 2.431 2.650 2.573 2.211 2.602 2.706 2.776 2.665 3.477 3.924 3.955 3.573 4.428 4.819 4.701 4.091 4.897 5.192 4.937 4.166 4.839 5.005 2.714 3.570 0.004 0.009 0.010 0.011 0.010 0.012 0.013 0.013 0.011 0.013 0.009 0.011 0.013 0.017 0.019 0.020 0.018 0.022 0.024 0.023 0.020 0.024 0.026 0.024 0.021 0.024 0.025 0.240 0.314
6.210 1.024 21.730 33121.672 0.939 4.172 0.359 0.495 0.576 0.593 0.544 0.681 0.742 0.721 0.619 0.729 0.758 0.778 0.746 0.974 1.099 1.108 1.001 1.240 1.350 1.317 1.146 1.372 1.454 1.383 1.167 1.355 1.402 0.760 1.000 1.533 2.114 2.461 2.533 2.325 2.908 3.170 3.077 2.645 3.112 3.236 3.321 3.188 4.158 4.693 4.731 4.274 5.296 5.765 5.623 4.893 5.858 6.210 5.906 4.984 5.788 5.987 3.247 4.271 0.004 0.009 0.010 0.011 0.010 0.012 0.013 0.013 0.011 0.013 0.009 0.011 0.013 0.017 0.019 0.020 0.018 0.022 0.024 0.023 0.020 0.024 0.026 0.024 0.021 0.024 0.025 0.240 0.314
7.229 1.024 21.730 38553.060 0.939 4.856 0.359 0.495 0.576 0.593 0.544 0.681 0.742 0.721 0.619 0.729 0.758 0.778 0.746 0.974 1.099 1.108 1.001 1.240 1.350 1.317 1.146 1.372 1.454 1.383 1.167 1.355 1.402 0.760 1.000 1.785 2.461 2.865 2.948 2.706 3.385 3.690 3.582 3.078 3.622 3.767 3.866 3.710 4.840 5.463 5.507 4.974 6.165 6.710 6.545 5.695 6.819 7.229 6.874 5.801 6.737 6.968 3.779 4.971 0.004 0.009 0.010 0.011 0.010 0.012 0.013 0.013 0.011 0.013 0.009 0.011 0.013 0.017 0.019 0.020 0.018 0.022 0.024 0.023 0.020 0.024 0.026 0.024 0.021 0.024 0.025 0.240 0.314
8.247 1.024 21.730 43984.448 0.939 5.540 0.359 0.495 0.576 0.593 0.544 0.681 0.742 0.721 0.619 0.729 0.758 0.778 0.746 0.974 1.099 1.108 1.001 1.240 1.350 1.317 1.146 1.372 1.454 1.383 1.167 1.355 1.402 0.760 1.000 2.036 2.807 3.268 3.364 3.087 3.862 4.209 4.087 3.512 4.133 4.298 4.410 4.233 5.522 6.232 6.282 5.675 7.034 7.655 7.467 6.498 7.779 8.247 7.843 6.618 7.687 7.950 4.311 5.671 0.004 0.009 0.010 0.011 0.010 0.012 0.013 0.013 0.011 0.013 0.009 0.011 0.013 0.017 0.019 0.020 0.018 0.022 0.024 0.023 0.020 0.024 0.026 0.024 0.021 0.024 0.025 0.240 0.314
9.265 1.024 21.730 49415.836 0.939 6.224 0.359 0.495 0.576 0.593 0.544 0.681 0.742 0.721 0.619 0.729 0.758 0.778 0.746 0.974 1.099 1.108 1.001 1.240 1.350 1.317 1.146 1.372 1.454 1.383 1.167 1.355 1.402 0.760 1.000 2.287 3.154 3.672 3.779 3.469 4.339 4.729 4.591 3.946 4.643 4.829 4.955 4.756 6.204 7.002 7.058 6.376 7.902 8.601 8.389 7.300 8.740 9.265 8.811 7.435 8.636 8.932 4.844 6.372 0.004 0.009 0.010 0.011 0.010 0.012 0.013 0.013 0.011 0.013 0.009 0.011 0.013 0.017 0.019 0.020 0.018 0.022 0.024 0.023 0.020 0.024 0.026 0.024 0.021 0.024 0.025 0.240 0.314
10.284 1.024 21.730 54847.253 0.939 6.908 0.359 0.495 0.576 0.593 0.544 0.681 0.742 0.721 0.619 0.729 0.758 0.778 0.746 0.974 1.099 1.108 1.001 1.240 1.350 1.317 1.146 1.372 1.454 1.383 1.167 1.355 1.402 0.760 1.000 2.539 3.501 4.075 4.194 3.850 4.816 5.249 5.096 4.379 5.153 5.359 5.499 5.279 6.886 7.771 7.834 7.077 8.771 9.546 9.311 8.103 9.701 10.284 9.780 8.253 9.585 9.913 5.376 7.072 0.004 0.009 0.010 0.011 0.010 0.012 0.013 0.013 0.011 0.013 0.009 0.011 0.013 0.017 0.019 0.020 0.018 0.022 0.024 0.023 0.020 0.024 0.026 0.024 0.021 0.024 0.025 0.240 0.314
11.302 1.024 21.730 60278.753 0.939 7.592 0.359 0.495 0.576 0.593 0.544 0.681 0.742 0.721 0.619 0.729 0.758 0.778 0.746 0.974 1.099 1.108 1.001 1.240 1.350 1.317 1.146 1.372 1.454 1.383 1.167 1.355 1.402 0.760 1.000 2.790 3.848 4.479 4.610 4.231 5.293 5.769 5.600 4.813 5.664 5.890 6.044 5.801 7.568 8.541 8.610 7.778 9.639 10.491 10.233 8.905 10.661 11.302 10.748 9.070 10.534 10.895 5.909 7.772 0.004 0.009 0.010 0.011 0.010 0.012 0.013 0.013 0.011 0.013 0.009 0.011 0.013 0.017 0.019 0.020 0.018 0.022 0.024 0.023 0.020 0.024 0.026 0.024 0.021 0.024 0.025 0.240 0.314
12.320 1.024 21.730 65709.702 0.939 8.276 0.359 0.495 0.576 0.593 0.544 0.681 0.742 0.721 0.619 0.729 0.758 0.778 0.746 0.974 1.099 1.108 1.001 1.240 1.350 1.317 1.146 1.372 1.454 1.383 1.167 1.355 1.402 0.760 1.000 3.042 4.194 4.882 5.025 4.612 5.770 6.288 6.105 5.246 6.174 6.421 6.588 6.324 8.250 9.311 9.386 8.478 10.508 11.436 11.155 9.707 11.622 12.320 11.716 9.887 11.483 11.877 6.441 8.473 0.004 0.009 0.010 0.011 0.010 0.012 0.013 0.013 0.011 0.013 0.009 0.011 0.013 0.017 0.019 0.020 0.018 0.022 0.024 0.023 0.020 0.024 0.026 0.024 0.021 0.024 0.025 0.240 0.314
13.339 1.035 21.606 69954.465 0.933 8.890 0.347 0.478 0.557 0.573 0.526 0.658 0.717 0.696 0.598 0.704 0.732 0.751 0.722 0.943 1.066 1.077 0.977 1.215 1.327 1.300 1.138 1.365 1.450 1.383 1.173 1.359 1.404 0.734 1.000 3.191 4.400 5.121 5.271 4.838 6.051 6.595 6.403 5.502 6.474 6.732 6.909 6.638 8.672 9.804 9.906 8.981 11.174 12.207 11.958 10.470 12.556 13.339 12.723 10.789 12.500 12.912 6.753 9.197 0.004 0.009 0.010 0.010 0.009 0.012 0.013 0.013 0.011 0.013 0.009 0.011 0.013 0.017 0.019 0.019 0.018 0.022 0.024 0.023 0.020 0.025 0.026 0.025 0.021 0.024 0.025 0.236 0.320
14.357 1.045 21.459 73866.291 0.927 9.487 0.335 0.461 0.537 0.553 0.507 0.635 0.692 0.671 0.577 0.679 0.706 0.724 0.697 0.912 1.033 1.047 0.953 1.192 1.307 1.287 1.135 1.362 1.449 1.385 1.180 1.363 1.406 0.708 1.000 3.316 4.572 5.322 5.477 5.027 6.287 6.852 6.652 5.715 6.725 6.992 7.177 6.905 9.036 10.237 10.375 9.446 11.808 12.955 12.757 11.248 13.496 14.357 13.728 11.690 13.506 13.933 7.015 9.909 0.004 0.008 0.010 0.010 0.009 0.012 0.013 0.012 0.011 0.012 0.009 0.011 0.013 0.017 0.019 0.019 0.017 0.022 0.024 0.024 0.021 0.025 0.026 0.025 0.022 0.025 0.026 0.231 0.325
15.376 1.052 21.326 77809.558 0.921 10.089 0.324 0.447 0.521 0.536 0.492 0.615 0.670 0.651 0.559 0.658 0.684 0.702 0.676 0.887 1.006 1.022 0.934 1.173 1.292 1.277 1.133 1.360 1.448 1.388 1.186 1.366 1.408 0.686 1.000 3.444 4.749 5.527 5.689 5.221 6.530 7.117 6.909 5.936 6.984 7.262 7.456 7.181 9.412 10.684 10.854 9.920 12.450 13.711 13.561 12.030 14.438 15.376 14.731 12.588 14.507 14.948 7.286 10.616 0.004 0.008 0.010 0.010 0.009 0.011 0.012 0.012 0.010 0.012 0.008 0.011 0.013 0.016 0.019 0.019 0.017 0.022 0.024 0.024 0.021 0.025 0.027 0.026 0.022 0.025 0.026 0.227 0.329
16.394 1.053 21.253 82058.118 0.918 10.717 0.320 0.441 0.514 0.529 0.485 0.607 0.662 0.642 0.552 0.649 0.675 0.694 0.669 0.879 1.000 1.020 0.936 1.174 1.293 1.281 1.140 1.365 1.453 1.393 1.192 1.370 1.410 0.678 1.000 3.612 4.981 5.798 5.967 5.477 6.851 7.467 7.248 6.228 7.329 7.621 7.829 7.553 9.922 11.290 11.507 10.565 13.249 14.597 14.458 12.863 15.404 16.394 15.715 13.454 15.461 15.909 7.647 11.285 0.004 0.008 0.010 0.010 0.009 0.011 0.012 0.012 0.010 0.012 0.008 0.011 0.012 0.016 0.019 0.019 0.017 0.022 0.024 0.024 0.021 0.025 0.027 0.026 0.022 0.025 0.026 0.225 0.331
17.412 1.051 21.220 86462.043 0.917 11.351 0.319 0.440 0.513 0.528 0.484 0.606 0.660 0.641 0.550 0.648 0.673 0.692 0.668 0.879 1.002 1.024 0.944 1.182 1.301 1.290 1.150 1.373 1.460 1.400 1.200 1.375 1.413 0.676 1.000 3.809 5.252 6.114 6.292 5.774 7.222 7.871 7.640 6.564 7.723 8.029 8.249 7.966 10.481 11.949 12.211 11.256 14.090 15.518 15.382 13.711 16.378 17.412 16.692 14.307 16.395 16.846 8.056 11.925 0.004 0.008 0.010 0.010 0.009 0.011 0.012 0.012 0.010 0.012 0.008 0.011 0.012 0.016 0.019 0.019 0.018 0.022 0.024 0.024 0.021 0.025 0.027 0.026 0.022 0.025 0.026 0.224 0.330
18.431 1.073 21.071 89592.540 0.910 12.104 0.303 0.418 0.486 0.500 0.459 0.574 0.626 0.608 0.522 0.614 0.638 0.656 0.634 0.836 0.955 0.979 0.907 1.136 1.253 1.245 1.115 1.333 1.419 1.364 1.175 1.348 1.388 0.641 1.000 3.934 5.425 6.315 6.499 5.964 7.460 8.130 7.891 6.780 7.977 8.293 8.521 8.238 10.859 12.408 12.719 11.776 14.753 16.274 16.172 14.477 17.307 18.431 17.719 15.262 17.507 18.026 8.321 12.988 0.004 0.008 0.009 0.010 0.009 0.011 0.012 0.012 0.010 0.012 0.008 0.010 0.012 0.016 0.018 0.019 0.017 0.022 0.024 0.024 0.021 0.025 0.027 0.026 0.022 0.026 0.026 0.219 0.340
19.449 1.101 20.868 92447.589 0.902 12.914 0.283 0.391 0.455 0.468 0.430 0.537 0.586 0.568 0.488 0.574 0.597 0.614 0.594 0.785 0.899 0.924 0.860 1.079 1.192 1.189 1.069 1.281 1.367 1.319 1.143 1.314 1.357 0.599 1.000 4.032 5.560 6.471 6.660 6.112 7.645 8.331 8.086 6.947 8.172 8.495 8.731 8.454 11.165 12.787 13.148 12.229 15.344 16.962 16.910 15.210 18.217 19.449 18.767 16.258 18.692 19.305 8.525 14.224 0.004 0.008 0.009 0.009 0.009 0.011 0.012 0.011 0.010 0.011 0.008 0.010 0.012 0.016 0.018 0.018 0.017 0.021 0.024 0.024 0.021 0.025 0.027 0.026 0.023 0.026 0.027 0.212 0.352
20.467 1.127 20.614 94353.236 0.891 13.615 0.265 0.365 0.425 0.437 0.401 0.502 0.547 0.531 0.456 0.536 0.557 0.573 0.555 0.735 0.843 0.870 0.812 1.022 1.134 1.135 1.026 1.234 1.322 1.282 1.119 1.288 1.334 0.559 1.000 4.064 5.603 6.522 6.711 6.159 7.702 8.392 8.144 6.995 8.227 8.551 8.790 8.521 11.275 12.941 13.346 12.467 15.688 17.398 17.413 15.753 18.937 20.297 19.682 17.174 19.774 20.467 8.581 15.348 0.004 0.008 0.009 0.009 0.008 0.010 0.011 0.011 0.009 0.011 0.008 0.010 0.011 0.015 0.017 0.018 0.017 0.021 0.023 0.023 0.021 0.025 0.027 0.026 0.023 0.026 0.027 0.205 0.365
21.486 1.161 20.071 92989.143 0.867 14.086 0.235 0.324 0.377 0.388 0.356 0.445 0.485 0.471 0.405 0.476 0.495 0.509 0.495 0.656 0.756 0.783 0.736 0.934 1.044 1.054 0.964 1.172 1.269 1.244 1.101 1.268 1.314 0.496 1.000 3.840 5.295 6.164 6.343 5.821 7.279 7.932 7.698 6.613 7.778 8.085 8.318 8.084 10.729 12.355 12.796 12.024 15.273 17.071 17.233 15.762 19.162 20.744 20.338 18.004 20.729 21.486 8.115 16.347 0.003 0.007 0.008 0.008 0.008 0.010 0.011 0.010 0.009 0.010 0.007 0.009 0.011 0.014 0.016 0.017 0.016 0.020 0.023 0.023 0.021 0.025 0.028 0.027 0.024 0.027 0.028 0.192 0.386
22.504 1.183 19.551 92118.012 0.845 14.633 0.212 0.292 0.340 0.350 0.321 0.401 0.437 0.424 0.365 0.429 0.446 0.459 0.447 0.595 0.687 0.714 0.675 0.865 0.974 0.991 0.915 1.124 1.227 1.215 1.089 1.253 1.300 0.447 1.000 3.667 5.056 5.885 6.056 5.557 6.950 7.573 7.350 6.313 7.426 7.719 7.946 7.737 10.296 11.894 12.368 11.689 14.972 16.856 17.150 15.845 19.454 21.246 21.036 18.862 21.697 22.504 7.748 17.314 0.003 0.007 0.008 0.008 0.007 0.009 0.010 0.010 0.008 0.010 0.007 0.009 0.010 0.014 0.016 0.016 0.015 0.020 0.022 0.022 0.021 0.025 0.028 0.028 0.025 0.028 0.029 0.182 0.404
23.522 1.198 19.086 91725.793 0.825 15.232 0.194 0.268 0.312 0.321 0.294 0.368 0.401 0.389 0.334 0.393 0.408 0.420 0.410 0.546 0.633 0.660 0.628 0.810 0.918 0.940 0.877 1.085 1.195 1.193 1.082 1.243 1.289 0.410 1.000 3.545 4.888 5.689 5.854 5.371 6.716 7.317 7.099 6.096 7.168 7.449 7.667 7.476 9.970 11.548 12.053 11.453 14.777 16.744 17.157 15.997 19.809 21.802 21.773 19.744 22.677 23.522 7.477 18.250 0.003 0.006 0.007 0.008 0.007 0.009 0.009 0.009 0.008 0.009 0.006 0.008 0.010 0.013 0.015 0.016 0.015 0.019 0.022 0.022 0.021 0.026 0.028 0.028 0.025 0.029 0.030 0.172 0.419
24.541 1.209 18.633 91475.891 0.805 15.874 0.179 0.247 0.287 0.295 0.271 0.339 0.369 0.358 0.307 0.361 0.376 0.387 0.378 0.505 0.586 0.614 0.587 0.762 0.869 0.896 0.843 1.052 1.166 1.174 1.075 1.233 1.279 0.377 1.000 3.433 4.734 5.510 5.669 5.201 6.502 7.084 6.872 5.900 6.937 7.207 7.419 7.245 9.685 11.249 11.784 11.257 14.627 16.675 17.200 16.174 20.185 22.373 22.520 20.632 23.657 24.541 7.234 19.190 0.003 0.006 0.007 0.007 0.007 0.008 0.009 0.009 0.008 0.009 0.006 0.008 0.009 0.012 0.014 0.015 0.014 0.019 0.021 0.022 0.021 0.026 0.028 0.029 0.026 0.030 0.031 0.164 0.433
25.559 1.216 18.244 91579.739 0.788 16.540 0.167 0.230 0.268 0.276 0.253 0.316 0.344 0.334 0.287 0.337 0.350 0.360 0.352 0.471 0.549 0.577 0.554 0.724 0.830 0.861 0.816 1.025 1.143 1.159 1.071 1.226 1.271 0.351 1.000 3.360 4.633 5.391 5.547 5.088 6.359 6.926 6.718 5.766 6.775 7.036 7.241 7.078 9.478 11.035 11.600 11.136 14.556 16.682 17.310 16.402 20.609 22.985 23.297 21.538 24.647 25.559 7.062 20.107 0.003 0.006 0.007 0.007 0.006 0.008 0.009 0.008 0.007 0.008 0.006 0.008 0.009 0.012 0.014 0.014 0.014 0.018 0.021 0.022 0.020 0.026 0.029 0.029 0.027 0.031 0.032 0.157 0.445
26.578 1.220 17.869 91741.577 0.772 17.235 0.156 0.216 0.251 0.258 0.237 0.296 0.322 0.312 0.268 0.315 0.327 0.337 0.329 0.442 0.516 0.544 0.525 0.690 0.795 0.830 0.792 1.001 1.123 1.145 1.067 1.219 1.264 0.328 1.000 3.288 4.533 5.275 5.426 4.977 6.220 6.774 6.569 5.637 6.623 6.876 7.077 6.927 9.295 10.850 11.444 11.040 14.513 16.717 17.443 16.647 21.047 23.606 24.080 22.448 25.636 26.578 6.901 21.028 0.003 0.006 0.006 0.007 0.006 0.008 0.008 0.008 0.007 0.008 0.006 0.007 0.008 0.011 0.013 0.014 0.013 0.018 0.020 0.021 0.020 0.026 0.029 0.029 0.027 0.031 0.032 0.150 0.456
27.596 1.223 17.474 91777.801 0.755 17.964 0.145 0.200 0.233 0.240 0.220 0.275 0.300 0.291 0.250 0.293 0.305 0.314 0.308 0.415 0.485 0.514 0.498 0.659 0.763 0.801 0.769 0.978 1.103 1.132 1.063 1.212 1.256 0.306 1.000 3.192 4.401 5.122 5.270 4.834 6.043 6.582 6.384 5.480 6.440 6.689 6.893 6.764 9.105 10.662 11.290 10.948 14.477 16.760 17.584 16.897 21.487 24.229 24.863 23.355 26.624 27.596 6.715 21.963 0.003 0.005 0.006 0.006 0.006 0.007 0.008 0.008 0.007 0.008 0.005 0.007 0.008 0.011 0.013 0.014 0.013 0.017 0.020 0.021 0.020 0.026 0.029 0.030 0.028 0.032 0.033 0.144 0.467
28.614 1.221 17.182 92225.413 0.742 18.715 0.138 0.190 0.221 0.228 0.209 0.261 0.284 0.276 0.237 0.278 0.289 0.298 0.293 0.395 0.465 0.495 0.483 0.643 0.748 0.790 0.766 0.972 1.097 1.129 1.066 1.210 1.252 0.290 1.000 3.152 4.346 5.058 5.203 4.772 5.965 6.496 6.300 5.407 6.352 6.597 6.800 6.689 9.034 10.619 11.300 11.034 14.680 17.093 18.051 17.494 22.216 25.070 25.795 24.349 27.647 28.614 6.623 22.847 0.002 0.005 0.006 0.006 0.006 0.007 0.008 0.007 0.006 0.007 0.005 0.007 0.008 0.011 0.012 0.013 0.013 0.017 0.020 0.021 0.020 0.026 0.029 0.030 0.028 0.032 0.033 0.138 0.474
29.633 1.218 16.927 92786.232 0.731 19.479 0.132 0.182 0.211 0.217 0.199 0.249 0.271 0.263 0.226 0.265 0.275 0.284 0.280 0.379 0.447 0.478 0.470 0.629 0.737 0.783 0.765 0.969 1.093 1.127 1.068 1.208 1.249 0.276 1.000 3.127 4.311 5.017 5.161 4.733 5.915 6.441 6.246 5.359 6.295 6.535 6.739 6.644 9.001 10.619 11.356 11.164 14.938 17.487 18.585 18.160 22.999 25.950 26.750 25.354 28.673 29.633 6.562 23.734 0.002 0.005 0.006 0.006 0.005 0.007 0.007 0.007 0.006 0.007 0.005 0.006 0.008 0.010 0.012 0.013 0.013 0.017 0.020 0.021 0.021 0.026 0.030 0.030 0.029 0.033 0.034 0.134 0.480
30.651 1.218 16.685 92913.052 0.721 20.290 0.126 0.174 0.202 0.208 0.190 0.238 0.259 0.251 0.215 0.253 0.262 0.271 0.267 0.363 0.429 0.461 0.456 0.614 0.722 0.771 0.759 0.960 1.083 1.119 1.065 1.201 1.241 0.264 1.000 3.110 4.288 4.990 5.132 4.706 5.880 6.401 6.205 5.322 6.249 6.485 6.685 6.600 8.965 10.610 11.395 11.270 15.159 17.833 19.061 18.764 23.717 26.769 27.654 26.321 29.678 30.651 6.511 24.707 0.002 0.005 0.006 0.006 0.005 0.007 0.007 0.007 0.006 0.007 0.005 0.006 0.007 0.010 0.012 0.013 0.013 0.017 0.020 0.021 0.021 0.026 0.030 0.031 0.029 0.033 0.034 0.129 0.487
31.669 1.219 16.430 92725.543 0.710 21.145 0.120 0.165 0.192 0.198 0.181 0.226 0.246 0.239 0.205 0.240 0.249 0.257 0.254 0.345 0.410 0.442 0.440 0.594 0.702 0.755 0.748 0.945 1.067 1.106 1.057 1.190 1.229 0.250 1.000 3.088 4.257 4.953 5.094 4.669 5.833 6.348 6.152 5.274 6.190 6.420 6.616 6.540 8.902 10.567 11.392 11.329 15.313 18.097 19.445 19.272 24.344 27.506 28.491 27.241 30.660 31.669 6.445 25.769 0.002 0.005 0.005 0.006 0.005 0.006 0.007 0.007 0.006 0.007 0.005 0.006 0.007 0.010 0.011 0.012 0.012 0.017 0.020 0.021 0.021 0.026 0.030 0.031 0.029 0.033 0.034 0.125 0.495
32.688 1.219 16.197 92595.772 0.700 22.011 0.114 0.158 0.184 0.189 0.173 0.216 0.235 0.228 0.195 0.229 0.237 0.244 0.242 0.330 0.393 0.425 0.425 0.577 0.685 0.740 0.738 0.931 1.053 1.093 1.050 1.179 1.218 0.238 1.000 3.070 4.233 4.924 5.064 4.641 5.796 6.307 6.110 5.236 6.142 6.368 6.561 6.494 8.858 10.544 11.410 11.405 15.486 18.379 19.846 19.794 24.981 28.251 29.333 28.163 31.642 32.688 6.392 26.835 0.002 0.004 0.005 0.005 0.005 0.006 0.007 0.006 0.006 0.006 0.004 0.006 0.007 0.009 0.011 0.012 0.012 0.016 0.019 0.021 0.021 0.026 0.030 0.031 0.030 0.033 0.034 0.121 0.502
33.706 1.219 15.988 92543.317 0.691 22.883 0.110 0.151 0.176 0.181 0.166 0.207 0.225 0.218 0.187 0.219 0.227 0.234 0.232 0.317 0.378 0.410 0.412 0.562 0.670 0.727 0.729 0.919 1.040 1.082 1.043 1.169 1.208 0.228 1.000 3.060 4.219 4.908 5.046 4.623 5.773 6.280 6.083 5.210 6.109 6.332 6.522 6.463 8.835 10.544 11.452 11.504 15.684 18.688 20.273 20.338 25.636 29.010 30.183 29.090 32.625 33.706 6.355 27.899 0.002 0.004 0.005 0.005 0.005 0.006 0.006 0.006 0.005 0.006 0.004 0.006 0.007 0.009 0.011 0.012 0.012 0.016 0.019 0.021 0.021 0.026 0.030 0.031 0.030 0.033 0.035 0.117 0.509
34.724 1.219 15.802 92569.603 0.683 23.758 0.106 0.146 0.169 0.174 0.159 0.199 0.216 0.210 0.179 0.210 0.218 0.224 0.223 0.305 0.365 0.398 0.401 0.549 0.657 0.716 0.722 0.909 1.028 1.072 1.037 1.161 1.199 0.219 1.000 3.058 4.215 4.903 5.040 4.618 5.764 6.269 6.071 5.198 6.092 6.311 6.500 6.448 8.833 10.568 11.518 11.625 15.908 19.023 20.725 20.905 26.311 29.783 31.044 30.023 33.612 34.724 6.334 28.959 0.002 0.004 0.005 0.005 0.005 0.006 0.006 0.006 0.005 0.006 0.004 0.005 0.006 0.009 0.011 0.012 0.012 0.016 0.019 0.021 0.021 0.026 0.030 0.031 0.030 0.034 0.035 0.114 0.515
35.743 1.218 15.635 92657.073 0.676 24.636 0.102 0.141 0.164 0.168 0.154 0.192 0.209 0.202 0.173 0.203 0.210 0.216 0.215 0.295 0.354 0.387 0.392 0.538 0.646 0.706 0.716 0.899 1.018 1.063 1.031 1.153 1.191 0.211 1.000 3.061 4.220 4.908 5.045 4.621 5.767 6.271 6.071 5.196 6.087 6.303 6.490 6.446 8.847 10.611 11.602 11.762 16.151 19.379 21.195 21.489 27.000 30.567 31.913 30.960 34.599 35.743 6.326 30.017 0.002 0.004 0.005 0.005 0.005 0.006 0.006 0.006 0.005 0.006 0.004 0.005 0.006 0.009 0.010 0.011 0.011 0.016 0.019 0.021 0.021 0.026 0.030 0.031 0.030 0.034 0.035 0.111 0.520
36.761 1.218 15.480 92770.968 0.669 25.518 0.099 0.136 0.158 0.163 0.149 0.186 0.202 0.195 0.167 0.196 0.203 0.209 0.208 0.285 0.343 0.376 0.383 0.528 0.635 0.697 0.711 0.891 1.009 1.055 1.026 1.145 1.183 0.203 1.000 3.067 4.227 4.916 5.053 4.627 5.773 6.277 6.075 5.198 6.087 6.301 6.487 6.451 8.870 10.664 11.697 11.909 16.405 19.744 21.675 22.081 27.695 31.356 32.784 31.898 35.587 36.761 6.323 31.077 0.002 0.004 0.005 0.005 0.004 0.006 0.006 0.006 0.005 0.006 0.004 0.005 0.006 0.008 0.010 0.011 0.011 0.016 0.019 0.021 0.021 0.026 0.030 0.031 0.030 0.034 0.035 0.108 0.525
37.780 1.217 15.342 92936.439 0.663 26.401 0.096 0.132 0.153 0.158 0.144 0.180 0.196 0.190 0.162 0.190 0.196 0.202 0.201 0.277 0.334 0.367 0.376 0.519 0.626 0.690 0.706 0.884 1.001 1.048 1.022 1.138 1.176 0.197 1.000 3.077 4.241 4.932 5.069 4.641 5.790 6.293 6.090 5.208 6.097 6.310 6.495 6.465 8.907 10.733 11.807 12.070 16.674 20.126 22.171 22.686 28.402 32.154 33.661 32.840 36.577 37.780 6.332 32.134 0.002 0.004 0.005 0.005 0.004 0.005 0.006 0.006 0.005 0.006 0.004 0.005 0.006 0.008 0.010 0.011 0.011 0.015 0.019 0.021 0.021 0.026 0.030 0.031 0.030 0.034 0.035 0.105 0.530
38.798 1.216 15.221 93171.161 0.658 27.280 0.093 0.129 0.149 0.154 0.141 0.175 0.191 0.184 0.158 0.184 0.191 0.196 0.196 0.270 0.326 0.360 0.369 0.511 0.619 0.684 0.702 0.878 0.993 1.041 1.018 1.132 1.169 0.191 1.000 3.095 4.265 4.960 5.097 4.666 5.819 6.325 6.118 5.231 6.121 6.332 6.516 6.493 8.959 10.819 11.935 12.248 16.962 20.528 22.687 23.310 29.124 32.964 34.548 33.787 37.569 38.798 6.353 33.183 0.002 0.004 0.005 0.005 0.004 0.005 0.006 0.006 0.005 0.006 0.004 0.005 0.006 0.008 0.010 0.011 0.011 0.015 0.019 0.021 0.021 0.026 0.030 0.031 0.031 0.034 0.035 0.103 0.533
39.816 1.216 15.115 93464.860 0.653 28.156 0.091 0.126 0.146 0.150 0.137 0.171 0.186 0.180 0.154 0.180 0.186 0.191 0.191 0.264 0.319 0.353 0.363 0.504 0.612 0.678 0.700 0.872 0.987 1.035 1.015 1.127 1.163 0.187 1.000 3.119 4.299 4.999 5.136 4.701 5.861 6.368 6.159 5.264 6.156 6.366 6.549 6.530 9.025 10.919 12.078 12.439 17.266 20.947 23.219 23.949 29.860 33.786 35.442 34.739 38.563 39.816 6.387 34.227 0.002 0.004 0.004 0.005 0.004 0.005 0.006 0.005 0.005 0.005 0.004 0.005 0.006 0.008 0.010 0.011 0.011 0.015 0.019 0.021 0.021 0.026 0.030 0.031 0.031 0.034 0.035 0.101 0.537
40.835 1.215 15.022 93813.100 0.649 29.027 0.089 0.123 0.143 0.147 0.135 0.168 0.182 0.176 0.150 0.176 0.182 0.187 0.187 0.258 0.313 0.347 0.359 0.499 0.606 0.674 0.698 0.868 0.982 1.031 1.012 1.122 1.158 0.182 1.000 3.149 4.341 5.047 5.184 4.744 5.914 6.424 6.211 5.306 6.202 6.411 6.592 6.577 9.102 11.033 12.234 12.643 17.585 21.381 23.766 24.602 30.608 34.616 36.343 35.696 39.559 40.835 6.431 35.265 0.002 0.004 0.004 0.005 0.004 0.005 0.006 0.005 0.005 0.005 0.004 0.005 0.006 0.008 0.010 0.011 0.011 0.015 0.018 0.021 0.021 0.026 0.030 0.031 0.031 0.034 0.035 0.100 0.540
41.853 1.214 14.944 94223.979 0.646 29.891 0.088 0.121 0.141 0.145 0.132 0.165 0.179 0.173 0.148 0.173 0.178 0.183 0.183 0.253 0.308 0.342 0.354 0.494 0.602 0.670 0.696 0.864 0.977 1.026 1.010 1.117 1.153 0.179 1.000 3.187 4.392 5.107 5.245 4.798 5.980 6.494 6.276 5.359 6.261 6.468 6.647 6.635 9.192 11.161 12.405 12.859 17.918 21.831 24.329 25.269 31.369 35.458 37.252 36.657 40.557 41.853 6.487 36.295 0.002 0.004 0.004 0.004 0.004 0.005 0.006 0.005 0.005 0.005 0.004 0.005 0.006 0.008 0.009 0.010 0.011 0.015 0.018 0.020 0.021 0.026 0.030 0.031 0.031 0.034 0.035 0.098 0.542
42.871 1.214 14.878 94696.743 0.643 30.748 0.087 0.119 0.139 0.142 0.130 0.162 0.176 0.170 0.145 0.170 0.175 0.180 0.180 0.249 0.303 0.337 0.351 0.489 0.598 0.667 0.695 0.861 0.973 1.023 1.008 1.114 1.149 0.176 1.000 3.232 4.454 5.178 5.317 4.863 6.058 6.577 6.354 5.422 6.332 6.537 6.713 6.702 9.295 11.302 12.589 13.088 18.266 22.297 24.907 25.952 32.144 36.311 38.170 37.624 41.559 42.871 6.555 37.317 0.002 0.004 0.004 0.004 0.004 0.005 0.005 0.005 0.004 0.005 0.004 0.005 0.006 0.008 0.009 0.010 0.011 0.015 0.018 0.020 0.021 0.026 0.030 0.031 0.031 0.034 0.035 0.097 0.545
43.890 1.213 14.824 95230.678 0.640 31.597 0.086 0.118 0.137 0.141 0.129 0.160 0.174 0.168 0.143 0.167 0.173 0.177 0.177 0.245 0.299 0.334 0.348 0.486 0.594 0.665 0.695 0.859 0.970 1.020 1.007 1.110 1.145 0.173 1.000 3.284 4.526 5.261 5.401 4.938 6.150 6.674 6.446 5.497 6.414 6.618 6.790 6.780 9.409 11.456 12.785 13.329 18.628 22.777 25.501 26.648 32.930 37.174 39.095 38.596 42.562 43.890 6.635 38.330 0.002 0.004 0.004 0.004 0.004 0.005 0.005 0.005 0.004 0.005 0.004 0.005 0.005 0.008 0.009 0.010 0.011 0.015 0.018 0.020 0.021 0.026 0.030 0.031 0.031 0.034 0.035 0.096 0.546
44.908 1.213 14.784 95839.786 0.639 32.435 0.085 0.117 0.136 0.140 0.128 0.159 0.173 0.167 0.142 0.166 0.171 0.175 0.175 0.242 0.296 0.330 0.345 0.483 0.592 0.664 0.696 0.858 0.967 1.018 1.006 1.108 1.142 0.171 1.000 3.346 4.610 5.358 5.500 5.027 6.258 6.789 6.553 5.585 6.512 6.714 6.881 6.868 9.536 11.625 12.997 13.584 19.007 23.276 26.112 27.362 33.733 38.050 40.031 39.575 43.569 44.908 6.730 39.331 0.002 0.004 0.004 0.004 0.004 0.005 0.005 0.005 0.004 0.005 0.004 0.005 0.005 0.008 0.009 0.010 0.011 0.015 0.018 0.021 0.021 0.026 0.030 0.031 0.031 0.034 0.035 0.095 0.548
45.927 1.212 14.756 96525.457 0.638 33.260 0.085 0.117 0.136 0.139 0.127 0.158 0.172 0.166 0.141 0.164 0.169 0.173 0.173 0.240 0.293 0.328 0.344 0.481 0.590 0.663 0.697 0.857 0.966 1.016 1.006 1.106 1.139 0.170 1.000 3.416 4.707 5.470 5.614 5.129 6.382 6.921 6.677 5.686 6.624 6.824 6.985 6.968 9.677 11.808 13.223 13.852 19.401 23.792 26.742 28.094 34.551 38.940 40.977 40.561 44.579 45.927 6.838 40.320 0.002 0.004 0.004 0.004 0.004 0.005 0.005 0.005 0.004 0.005 0.004 0.005 0.005 0.007 0.009 0.010 0.011 0.015 0.018 0.021 0.022 0.026 0.030 0.031 0.031 0.034 0.035 0.094 0.548
46.945 1.212 14.741 97298.137 0.637 34.072 0.085 0.117 0.136 0.139 0.127 0.158 0.171 0.165 0.141 0.164 0.168 0.172 0.171 0.238 0.291 0.326 0.342 0.480 0.589 0.663 0.699 0.857 0.965 1.016 1.006 1.104 1.137 0.169 1.000 3.497 4.818 5.598 5.744 5.246 6.525 7.072 6.819 5.803 6.754 6.952 7.105 7.080 9.833 12.008 13.466 14.137 19.814 24.328 27.393 28.846 35.388 39.845 41.935 41.555 45.594 46.945 6.963 41.293 0.002 0.004 0.004 0.004 0.004 0.005 0.005 0.005 0.004 0.005 0.004 0.004 0.005 0.007 0.009 0.010 0.011 0.015 0.018 0.021 0.022 0.027 0.030 0.031 0.031 0.034 0.035 0.094 0.549
47.963 1.212 14.742 98177.737 0.637 34.864 0.085 0.117 0.136 0.140 0.127 0.158 0.172 0.165 0.141 0.163 0.168 0.171 0.171 0.237 0.289 0.325 0.342 0.479 0.589 0.664 0.701 0.858 0.965 1.016 1.007 1.103 1.135 0.168 1.000 3.591 4.947 5.747 5.894 5.381 6.690 7.248 6.984 5.938 6.904 7.100 7.242 7.208 10.007 12.228 13.728 14.440 20.250 24.890 28.070 29.624 36.249 40.771 42.910 42.560 46.614 47.963 7.108 42.247 0.002 0.004 0.004 0.004 0.004 0.005 0.005 0.005 0.004 0.005 0.004 0.004 0.005 0.007 0.009 0.010 0.011 0.015 0.018 0.021 0.022 0.027 0.030 0.031 0.031 0.034 0.035 0.094 0.549
48.982 1.212 14.760 99186.720 0.638 35.634 0.086 0.118 0.137 0.141 0.128 0.159 0.173 0.166 0.141 0.164 0.168 0.171 0.170 0.236 0.289 0.325 0.342 0.480 0.590 0.667 0.705 0.860 0.966 1.017 1.009 1.103 1.135 0.169 1.000 3.698 5.095 5.918 6.069 5.537 6.881 7.451 7.176 6.095 7.079 7.272 7.402 7.354 10.204 12.471 14.016 14.767 20.715 25.484 28.780 30.435 37.140 41.723 43.904 43.580 47.641 48.982 7.278 43.174 0.002 0.004 0.004 0.004 0.004 0.005 0.005 0.005 0.004 0.005 0.004 0.004 0.005 0.007 0.009 0.010 0.011 0.015 0.018 0.021 0.022 0.027 0.030 0.031 0.031 0.034 0.035 0.094 0.548
50.000 1.211 14.798 100343.893 0.639 36.376 0.087 0.119 0.139 0.142 0.130 0.161 0.174 0.168 0.142 0.165 0.170 0.172 0.171 0.237 0.289 0.325 0.343 0.481 0.593 0.670 0.710 0.864 0.969 1.019 1.012 1.105 1.135 0.170 1.000 3.821 5.264 6.113 6.267 5.716 7.100 7.685 7.397 6.277 7.283 7.474 7.589 7.522 10.426 12.743 14.333 15.122 21.215 26.117 29.532 31.287 38.068 42.708 44.925 44.616 48.677 50.000 7.475 44.067 0.002 0.004 0.004 0.004 0.004 0.005 0.005 0.005 0.004 0.005 0.004 0.004 0.005 0.007 0.009 0.010 0.011 0.015 0.018 0.021 0.022 0.027 0.030 0.031 0.031 0.034 0.035 0.095 0.547
