0.100 1.003 12.879 989.869 1.000 0.098 0.947 0.997 0.999 1.015 1.000 0.093 0.098 0.098 0.100 0.098 0.097 0.131 0.197 0.155 0.420
1.118 1.003 12.879 11070.370 1.000 1.098 0.947 0.997 0.999 1.015 1.000 1.043 1.098 1.100 1.118 1.101 0.097 0.131 0.197 0.155 0.420
2.137 1.003 12.879 21150.871 1.000 2.097 0.947 0.997 0.999 1.015 1.000 1.992 2.098 2.101 2.137 2.104 0.097 0.131 0.197 0.155 0.420
3.155 1.003 12.879 31231.371 1.000 3.097 0.947 0.997 0.999 1.015 1.000 2.941 3.099 3.103 3.155 3.107 0.097 0.131 0.197 0.155 0.420
4.173 1.003 12.879 41311.872 1.000 4.096 0.947 0.997 0.999 1.015 1.000 3.891 4.099 4.104 4.173 4.110 0.097 0.131 0.197 0.155 0.420
5.192 1.003 12.879 51392.373 1.000 5.096 0.947 0.997 0.999 1.015 1.000 4.840 5.099 5.106 5.192 5.113 0.097 0.131 0.197 0.155 0.420
6.210 1.003 12.879 61472.874 1.000 6.095 0.947 0.997 0.999 1.015 1.000 5.790 6.099 6.107 6.210 6.116 0.097 0.131 0.197 0.155 0.420
7.229 1.003 12.879 71553.375 1.000 7.095 0.947 0.997 0.999 1.015 1.000 6.739 7.099 7.109 7.229 7.119 0.097 0.131 0.197 0.155 0.420
8.247 1.003 12.879 81633.876 1.000 8.094 0.947 0.997 0.999 1.015 1.000 7.689 8.099 8.110 8.247 8.122 0.097 0.131 0.197 0.155 0.420
9.265 1.003 12.879 91714.377 1.000 9.094 0.947 0.997 0.999 1.015 1.000 8.638 9.099 9.112 9.265 9.125 0.097 0.131 0.197 0.155 0.420
10.284 1.003 12.879 101624.522 1.000 10.094 0.947 0.997 0.999 1.015 1.000 9.588 10.100 10.114 10.284 10.129 0.097 0.131 0.197 0.155 0.420
11.302 1.003 12.879 109662.461 1.000 11.098 0.947 0.997 0.999 1.015 1.000 10.549 11.104 11.120 11.302 11.136 0.097 0.131 0.197 0.155 0.420
12.320 1.003 12.879 117173.959 1.000 12.102 0.949 0.997 0.999 1.015 1.000 11.518 12.109 12.126 12.320 12.143 0.097 0.131 0.197 0.155 0.420
13.339 1.003 12.879 123964.931 1.000 13.107 0.949 0.997 0.999 1.014 1.000 12.486 13.114 13.133 13.339 13.150 0.097 0.131 0.197 0.155 0.420
14.357 1.003 12.880 130755.907 1.000 14.112 0.950 0.997 0.999 1.014 1.000 13.454 14.119 14.139 14.357 14.158 0.097 0.131 0.197 0.155 0.420
15.376 1.003 12.880 137546.886 1.000 15.117 0.951 0.997 0.999 1.014 1.000 14.423 15.125 15.145 15.376 15.165 0.097 0.131 0.197 0.155 0.420
16.394 1.003 12.880 144337.865 1.000 16.121 0.952 0.997 0.999 1.014 1.000 15.391 16.130 16.152 16.394 16.172 0.097 0.131 0.197 0.155 0.420
17.412 1.003 12.880 150532.081 1.000 17.127 0.952 0.997 0.999 1.013 1.000 16.360 17.136 17.160 17.412 17.181 0.097 0.131 0.197 0.155 0.420
18.431 1.003 12.880 152659.821 1.000 18.142 0.953 0.997 0.999 1.013 1.000 17.350 18.150 18.178 18.431 18.198 0.097 0.131 0.197 0.155 0.420
19.449 1.003 12.880 153175.709 1.000 19.160 0.956 0.998 0.999 1.012 1.000 18.369 19.168 19.196 19.449 19.216 0.098 0.131 0.197 0.155 0.420
20.467 1.003 12.881 153691.601 1.000 20.178 0.958 0.998 0.999 1.011 1.000 19.388 20.187 20.215 20.467 20.235 0.098 0.131 0.197 0.155 0.420
21.486 1.003 12.881 154207.496 1.000 21.196 0.960 0.998 0.999 1.011 1.000 20.406 21.205 21.233 21.486 21.253 0.098 0.131 0.196 0.155 0.420
22.504 1.003 12.881 154723.393 1.000 22.214 0.962 0.998 0.999 1.010 1.000 21.425 22.224 22.251 22.504 22.272 0.098 0.131 0.196 0.155 0.420
23.522 1.002 12.881 155239.291 1.000 23.233 0.964 0.998 0.999 1.010 1.000 22.443 23.242 23.269 23.522 23.290 0.098 0.131 0.196 0.154 0.420
24.541 1.002 12.881 155630.221 1.000 24.251 0.965 0.998 0.999 1.010 1.000 23.462 24.261 24.288 24.541 24.308 0.098 0.131 0.196 0.154 0.420
25.559 1.002 12.881 155734.572 1.000 25.269 0.967 0.998 0.999 1.009 1.000 24.480 25.279 25.306 25.559 25.326 0.099 0.131 0.196 0.154 0.420
26.578 1.002 12.882 155838.924 1.000 26.287 0.968 0.998 0.999 1.009 1.000 25.498 26.297 26.324 26.578 26.345 0.099 0.131 0.196 0.154 0.420
27.596 1.002 12.882 155943.276 1.000 27.305 0.969 0.998 0.999 1.009 1.000 26.516 27.316 27.342 27.596 27.363 0.099 0.131 0.196 0.154 0.420
28.614 1.002 12.882 156047.628 1.000 28.323 0.970 0.998 0.999 1.008 1.000 27.534 28.334 28.361 28.614 28.381 0.099 0.131 0.196 0.154 0.420
29.633 1.002 12.882 156154.556 1.000 29.345 0.971 0.998 0.999 1.008 1.000 28.555 29.354 29.379 29.633 29.400 0.099 0.131 0.196 0.154 0.420
30.651 1.002 12.882 156258.833 1.000 30.363 0.972 0.998 0.999 1.008 1.000 29.573 30.372 30.398 30.651 30.419 0.099 0.131 0.196 0.154 0.420
31.669 1.002 12.882 156363.114 1.000 31.381 0.973 0.999 0.999 1.007 1.000 30.591 31.390 31.416 31.669 31.437 0.099 0.131 0.196 0.154 0.420
32.688 1.002 12.882 156467.398 1.000 32.399 0.974 0.999 0.999 1.007 1.000 31.609 32.408 32.434 32.688 32.455 0.099 0.131 0.196 0.154 0.420
33.706 1.002 12.882 156571.686 1.000 33.417 0.975 0.999 0.999 1.007 1.000 32.626 33.426 33.452 33.706 33.473 0.099 0.131 0.196 0.154 0.420
34.724 1.002 12.882 156675.978 1.000 34.435 0.975 0.999 0.999 1.007 1.000 33.644 34.445 34.470 34.724 34.492 0.099 0.131 0.196 0.154 0.420
35.743 1.002 12.882 156780.272 1.000 35.453 0.976 0.999 0.999 1.007 1.000 34.662 35.463 35.489 35.743 35.510 0.100 0.131 0.196 0.154 0.420
36.761 1.002 12.882 156884.569 1.000 36.471 0.977 0.999 0.999 1.006 1.000 35.680 36.481 36.507 36.761 36.528 0.100 0.131 0.196 0.154 0.420
37.780 1.002 12.882 156988.868 1.000 37.489 0.977 0.999 0.999 1.006 1.000 36.697 37.499 37.525 37.780 37.546 0.100 0.131 0.196 0.154 0.420
38.798 1.001 12.882 157093.170 1.000 38.508 0.978 0.999 0.999 1.006 1.000 37.715 38.517 38.543 38.798 38.564 0.100 0.131 0.196 0.154 0.420
39.816 1.001 12.882 157197.474 1.000 39.526 0.979 0.999 0.999 1.006 1.000 38.733 39.536 39.561 39.816 39.583 0.100 0.131 0.196 0.154 0.420
40.835 1.001 12.882 157301.780 1.000 40.544 0.979 0.999 0.999 1.006 1.000 39.751 40.554 40.580 40.835 40.601 0.100 0.131 0.196 0.154 0.419
41.853 1.001 12.883 157406.088 1.000 41.562 0.980 0.999 0.999 1.006 1.000 40.768 41.572 41.598 41.853 41.619 0.100 0.131 0.196 0.154 0.419
42.871 1.001 12.883 157510.398 1.000 42.580 0.980 0.999 1.000 1.005 1.000 41.786 42.590 42.616 42.871 42.637 0.100 0.131 0.196 0.154 0.419
43.890 1.001 12.883 157614.709 1.000 43.598 0.980 0.999 1.000 1.005 1.000 42.804 43.608 43.634 43.890 43.656 0.100 0.131 0.196 0.154 0.419
44.908 1.001 12.883 157719.022 1.000 44.616 0.981 0.999 1.000 1.005 1.000 43.822 44.627 44.653 44.908 44.674 0.100 0.131 0.196 0.154 0.419
45.927 1.001 12.883 157823.336 1.000 45.634 0.981 0.999 1.000 1.005 1.000 44.839 45.645 45.671 45.927 45.692 0.100 0.131 0.196 0.153 0.419
46.945 1.001 12.883 157927.651 1.000 46.652 0.982 0.999 1.000 1.005 1.000 45.857 46.663 46.689 46.945 46.710 0.100 0.131 0.196 0.153 0.419
47.963 1.001 12.883 158031.968 1.000 47.671 0.982 0.999 1.000 1.005 1.000 46.875 47.681 47.707 47.963 47.729 0.100 0.131 0.196 0.153 0.419
48.982 1.001 12.883 158136.286 1.000 48.689 0.982 0.999 1.000 1.005 1.000 47.892 48.699 48.725 48.982 48.747 0.100 0.131 0.196 0.153 0.419
50.000 1.001 12.883 158240.605 1.000 49.707 0.983 0.999 1.000 1.005 1.000 48.910 49.718 49.744 50.000 49.765 0.100 0.131 0.196 0.153 0.419
