0.100 1.004 12.879 928.180 1.000 0.098 0.946 0.997 0.999 1.015 1.000 0.093 0.098 0.098 0.100 0.098 0.097 0.131 0.197 0.155 0.420
1.118 1.004 12.879 10380.457 1.000 1.098 0.946 0.997 0.999 1.015 1.000 1.042 1.098 1.100 1.118 1.101 0.097 0.131 0.197 0.155 0.420
2.137 1.004 12.879 19832.735 1.000 2.097 0.946 0.997 0.999 1.015 1.000 1.991 2.098 2.101 2.137 2.104 0.097 0.131 0.197 0.155 0.420
3.155 1.004 12.879 29285.013 1.000 3.097 0.946 0.997 0.999 1.015 1.000 2.940 3.098 3.103 3.155 3.107 0.097 0.131 0.197 0.155 0.420
4.173 1.004 12.879 38737.291 1.000 4.096 0.946 0.997 0.999 1.015 1.000 3.889 4.098 4.104 4.173 4.110 0.097 0.131 0.197 0.155 0.420
5.192 1.004 12.879 48189.568 1.000 5.095 0.946 0.997 0.999 1.015 1.000 4.838 5.098 5.106 5.192 5.113 0.097 0.131 0.197 0.155 0.420
6.210 1.004 12.879 57641.846 1.000 6.095 0.946 0.997 0.999 1.015 1.000 5.787 6.098 6.108 6.210 6.116 0.097 0.131 0.197 0.155 0.420
7.229 1.004 12.879 67094.124 1.000 7.094 0.946 0.997 0.999 1.015 1.000 6.736 7.098 7.109 7.229 7.119 0.097 0.131 0.197 0.155 0.420
8.247 1.004 12.879 76546.402 1.000 8.094 0.946 0.997 0.999 1.015 1.000 7.685 8.098 8.111 8.247 8.122 0.097 0.131 0.197 0.155 0.420
9.265 1.004 12.879 85998.679 1.000 9.093 0.946 0.997 0.999 1.015 1.000 8.634 9.098 9.112 9.265 9.125 0.097 0.131 0.197 0.155 0.420
10.284 1.004 12.879 95279.561 1.000 10.093 0.946 0.997 0.999 1.015 1.000 9.583 10.098 10.114 10.284 10.129 0.097 0.131 0.197 0.155 0.420
11.302 1.003 12.879 102691.436 1.000 11.097 0.947 0.997 0.999 1.015 1.000 10.544 11.102 11.121 11.302 11.136 0.097 0.131 0.197 0.155 0.420
12.320 1.003 12.879 109632.515 1.000 12.102 0.948 0.997 0.999 1.015 1.000 11.513 12.107 12.127 12.320 12.143 0.097 0.131 0.197 0.155 0.420
13.339 1.003 12.879 116213.292 1.000 13.106 0.949 0.997 0.999 1.014 1.000 12.481 13.112 13.133 13.339 13.150 0.097 0.131 0.197 0.155 0.420
14.357 1.003 12.880 122794.074 1.000 14.111 0.950 0.997 0.999 1.014 1.000 13.449 14.117 14.140 14.357 14.158 0.097 0.131 0.197 0.155 0.420
15.376 1.003 12.880 129374.858 1.000 15.116 0.951 0.997 0.999 1.014 1.000 14.417 15.122 15.146 15.376 15.165 0.097 0.131 0.197 0.155 0.420
16.394 1.003 12.880 135955.645 1.000 16.120 0.951 0.997 0.999 1.014 1.000 15.385 16.127 16.152 16.394 16.172 0.097 0.131 0.197 0.155 0.420
17.412 1.003 12.880 141936.769 1.000 17.126 0.952 0.997 0.999 1.013 1.000 16.354 17.134 17.161 17.412 17.181 0.097 0.131 0.197 0.155 0.420
18.431 1.003 12.880 143867.973 1.000 18.141 0.953 0.997 0.999 1.013 1.000 17.344 18.148 18.179 18.431 18.198 0.097 0.131 0.197 0.155 0.420
19.449 1.003 12.880 144171.725 1.000 19.159 0.956 0.997 0.999 1.012 1.000 18.362 19.166 19.197 19.449 19.216 0.098 0.131 0.197 0.155 0.420
20.467 1.003 12.881 144475.479 1.000 20.177 0.958 0.998 0.999 1.012 1.000 19.381 20.184 20.215 20.467 20.235 0.098 0.131 0.197 0.155 0.420
21.486 1.003 12.881 144779.236 1.000 21.195 0.960 0.998 0.999 1.011 1.000 20.399 21.203 21.234 21.486 21.253 0.098 0.131 0.197 0.155 0.420
22.504 1.003 12.881 145082.994 1.000 22.213 0.962 0.998 0.999 1.010 1.000 21.418 22.221 22.252 22.504 22.271 0.098 0.131 0.196 0.155 0.420
23.522 1.002 12.881 145386.753 1.000 23.232 0.963 0.998 0.999 1.010 1.000 22.436 23.240 23.270 23.522 23.290 0.098 0.131 0.196 0.154 0.420
24.541 1.002 12.881 145628.063 1.000 24.250 0.965 0.998 0.999 1.010 1.000 23.454 24.258 24.288 24.541 24.308 0.098 0.131 0.196 0.154 0.420
25.559 1.002 12.881 145726.051 1.000 25.268 0.966 0.998 0.999 1.009 1.000 24.472 25.276 25.307 25.559 25.326 0.099 0.131 0.196 0.154 0.420
26.578 1.002 12.882 145824.038 1.000 26.286 0.968 0.998 0.999 1.009 1.000 25.490 26.295 26.325 26.578 26.345 0.099 0.131 0.196 0.154 0.420
27.596 1.002 12.882 145922.025 1.000 27.304 0.969 0.998 0.999 1.009 1.000 26.508 27.313 27.343 27.596 27.363 0.099 0.131 0.196 0.154 0.420
28.614 1.002 12.882 146020.013 1.000 28.322 0.970 0.998 0.999 1.008 1.000 27.526 28.331 28.362 28.614 28.381 0.099 0.131 0.196 0.154 0.420
29.633 1.002 12.882 146120.529 1.000 29.344 0.971 0.998 0.999 1.008 1.000 28.548 29.351 29.380 29.633 29.400 0.099 0.131 0.196 0.154 0.420
30.651 1.002 12.882 146218.442 1.000 30.362 0.972 0.998 0.999 1.008 1.000 29.566 30.369 30.398 30.651 30.418 0.099 0.131 0.196 0.154 0.420
31.669 1.002 12.882 146316.360 1.000 31.380 0.973 0.998 0.999 1.007 1.000 30.583 31.387 31.417 31.669 31.437 0.099 0.131 0.196 0.154 0.420
32.688 1.002 12.882 146414.282 1.000 32.398 0.974 0.998 0.999 1.007 1.000 31.601 32.405 32.435 32.688 32.455 0.099 0.131 0.196 0.154 0.420
33.706 1.002 12.882 146512.207 1.000 33.416 0.974 0.999 0.999 1.007 1.000 32.619 33.424 33.453 33.706 33.473 0.099 0.131 0.196 0.154 0.420
34.724 1.002 12.882 146610.135 1.000 34.434 0.975 0.999 0.999 1.007 1.000 33.637 34.442 34.471 34.724 34.491 0.099 0.131 0.196 0.154 0.420
35.743 1.002 12.882 146708.066 1.000 35.452 0.976 0.999 0.999 1.007 1.000 34.654 35.460 35.489 35.743 35.510 0.100 0.131 0.196 0.154 0.420
36.761 1.002 12.882 146806.000 1.000 36.470 0.977 0.999 0.999 1.006 1.000 35.672 36.478 36.508 36.761 36.528 0.100 0.131 0.196 0.154 0.420
37.780 1.002 12.882 146903.936 1.000 37.488 0.977 0.999 0.999 1.006 1.000 36.690 37.497 37.526 37.780 37.546 0.100 0.131 0.196 0.154 0.420
38.798 1.002 12.882 147001.875 1.000 38.506 0.978 0.999 0.999 1.006 1.000 37.708 38.515 38.544 38.798 38.564 0.100 0.131 0.196 0.154 0.420
39.816 1.001 12.882 147099.816 1.000 39.525 0.978 0.999 0.999 1.006 1.000 38.725 39.533 39.562 39.816 39.583 0.100 0.131 0.196 0.154 0.420
40.835 1.001 12.882 147197.758 1.000 40.543 0.979 0.999 1.000 1.006 1.000 39.743 40.551 40.580 40.835 40.601 0.100 0.131 0.196 0.154 0.420
41.853 1.001 12.882 147295.703 1.000 41.561 0.979 0.999 1.000 1.006 1.000 40.761 41.569 41.599 41.853 41.619 0.100 0.131 0.196 0.154 0.419
42.871 1.001 12.883 147393.649 1.000 42.579 0.980 0.999 1.000 1.005 1.000 41.779 42.588 42.617 42.871 42.637 0.100 0.131 0.196 0.154 0.419
43.890 1.001 12.883 147491.597 1.000 43.597 0.980 0.999 1.000 1.005 1.000 42.796 43.606 43.635 43.890 43.655 0.100 0.131 0.196 0.154 0.419
44.908 1.001 12.883 147589.546 1.000 44.615 0.981 0.999 1.000 1.005 1.000 43.814 44.624 44.653 44.908 44.674 0.100 0.131 0.196 0.154 0.419
45.927 1.001 12.883 147687.497 1.000 45.633 0.981 0.999 1.000 1.005 1.000 44.832 45.642 45.672 45.927 45.692 0.100 0.131 0.196 0.154 0.419
46.945 1.001 12.883 147785.449 1.000 46.651 0.982 0.999 1.000 1.005 1.000 45.849 46.660 46.690 46.945 46.710 0.100 0.131 0.196 0.153 0.419
47.963 1.001 12.883 147883.402 1.000 47.669 0.982 0.999 1.000 1.005 1.000 46.867 47.679 47.708 47.963 47.728 0.100 0.131 0.196 0.153 0.419
48.982 1.001 12.883 147981.356 1.000 48.688 0.982 0.999 1.000 1.005 1.000 47.885 48.697 48.726 48.982 48.747 0.100 0.131 0.196 0.153 0.419
50.000 1.001 12.883 148079.312 1.000 49.706 0.983 0.999 1.000 1.005 1.000 48.903 49.715 49.744 50.000 49.765 0.100 0.131 0.196 0.153 0.419
