0.100 0.988 6.598 154.647 0.998 0.088 1.149 1.063 0.881 1.019 1.066 1.016 1.000 0.100 0.092 0.077 0.089 0.093 0.088 0.087 0.054 0.060 0.049 0.057 0.060 0.038 0.682
1.118 0.988 6.598 1729.526 0.998 0.984 1.149 1.063 0.881 1.019 1.066 1.016 1.000 1.118 1.034 0.858 0.991 1.037 0.989 0.973 0.054 0.060 0.049 0.057 0.060 0.038 0.682
2.137 0.988 6.598 3304.405 0.998 1.881 1.149 1.063 0.881 1.019 1.066 1.016 1.000 2.137 1.976 1.639 1.894 1.981 1.890 1.859 0.054 0.060 0.049 0.057 0.060 0.038 0.682
3.155 0.988 6.598 4879.284 0.998 2.777 1.149 1.063 0.881 1.019 1.066 1.016 1.000 3.155 2.917 2.420 2.797 2.925 2.790 2.745 0.054 0.060 0.049 0.057 0.060 0.038 0.682
4.173 0.988 6.598 6454.163 0.998 3.674 1.149 1.063 0.881 1.019 1.066 1.016 1.000 4.173 3.859 3.200 3.700 3.870 3.691 3.631 0.054 0.060 0.049 0.057 0.060 0.038 0.682
5.192 0.988 6.598 8029.042 0.998 4.570 1.149 1.063 0.881 1.019 1.066 1.016 1.000 5.192 4.801 3.981 4.603 4.814 4.591 4.517 0.054 0.060 0.049 0.057 0.060 0.038 0.682
6.210 0.988 6.598 9603.921 0.998 5.466 1.149 1.063 0.881 1.019 1.066 1.016 1.000 6.210 5.742 4.762 5.506 5.758 5.492 5.403 0.054 0.060 0.049 0.057 0.060 0.038 0.682
7.229 0.988 6.598 11178.800 0.998 6.363 1.149 1.063 0.881 1.019 1.066 1.016 1.000 7.229 6.684 5.543 6.408 6.702 6.392 6.289 0.054 0.060 0.049 0.057 0.060 0.038 0.682
8.247 0.988 6.598 12753.679 0.998 7.259 1.149 1.063 0.881 1.019 1.066 1.016 1.000 8.247 7.626 6.324 7.311 7.647 7.293 7.175 0.054 0.060 0.049 0.057 0.060 0.038 0.682
9.265 0.988 6.598 14328.558 0.998 8.155 1.149 1.063 0.881 1.019 1.066 1.016 1.000 9.265 8.567 7.105 8.214 8.591 8.193 8.061 0.054 0.060 0.049 0.057 0.060 0.038 0.682
10.284 0.988 6.598 15902.665 0.998 9.052 1.149 1.063 0.881 1.019 1.066 1.016 1.000 10.284 9.509 7.886 9.117 9.535 9.094 8.946 0.054 0.060 0.049 0.057 0.060 0.038 0.682
11.302 0.988 6.598 17474.739 0.998 9.948 1.150 1.063 0.882 1.019 1.066 1.016 1.000 11.302 10.450 8.667 10.019 10.478 9.993 9.832 0.054 0.060 0.049 0.057 0.060 0.038 0.682
12.320 0.988 6.598 19048.769 0.998 10.844 1.150 1.063 0.882 1.019 1.066 1.016 1.000 12.320 11.392 9.448 10.922 11.422 10.894 10.717 0.054 0.060 0.049 0.057 0.060 0.038 0.682
13.339 0.988 6.598 20578.419 0.998 11.732 1.151 1.064 0.884 1.020 1.066 1.016 1.000 13.339 12.338 10.242 11.825 12.358 11.783 11.592 0.054 0.060 0.050 0.057 0.060 0.038 0.682
14.357 0.989 6.599 21684.953 0.998 12.688 1.144 1.060 0.884 1.018 1.064 1.016 1.000 14.357 13.302 11.089 12.773 13.347 12.747 12.546 0.054 0.060 0.050 0.057 0.060 0.038 0.682
15.376 0.991 6.600 22504.140 0.998 13.739 1.129 1.048 0.878 1.011 1.058 1.015 1.000 15.376 14.273 11.959 13.773 14.418 13.827 13.621 0.053 0.059 0.049 0.057 0.060 0.038 0.684
16.394 0.994 6.601 23322.517 0.998 14.788 1.116 1.037 0.873 1.005 1.054 1.014 1.000 16.394 15.244 12.829 14.771 15.487 14.905 14.694 0.052 0.059 0.049 0.057 0.059 0.038 0.686
17.412 0.996 6.602 24152.822 0.998 15.844 1.104 1.028 0.868 1.000 1.050 1.014 1.000 17.412 16.216 13.701 15.774 16.565 15.994 15.778 0.052 0.058 0.049 0.056 0.059 0.038 0.687
18.431 0.997 6.602 24968.665 0.998 16.891 1.094 1.020 0.865 0.995 1.046 1.013 1.000 18.431 17.186 14.569 16.769 17.630 17.068 16.847 0.052 0.058 0.049 0.056 0.059 0.038 0.688
19.449 0.999 6.603 25784.090 0.998 17.936 1.086 1.013 0.862 0.992 1.044 1.013 1.000 19.449 18.156 15.436 17.764 18.695 18.141 17.915 0.051 0.057 0.049 0.056 0.059 0.038 0.689
20.467 1.000 6.603 26599.154 0.998 18.982 1.078 1.008 0.859 0.988 1.041 1.012 1.000 20.467 19.127 16.303 18.758 19.759 19.213 18.982 0.051 0.057 0.049 0.056 0.059 0.038 0.690
21.486 1.001 6.603 27331.217 0.999 20.004 1.073 1.004 0.859 0.987 1.039 1.012 1.000 21.486 20.105 17.195 19.748 20.800 20.253 20.017 0.051 0.057 0.049 0.056 0.059 0.038 0.690
22.504 1.000 6.604 27713.169 0.999 20.924 1.076 1.010 0.870 0.991 1.039 1.012 1.000 22.504 21.119 18.196 20.722 21.740 21.157 20.915 0.051 0.057 0.049 0.056 0.059 0.038 0.689
23.522 0.999 6.605 28095.502 0.999 21.847 1.078 1.015 0.880 0.995 1.040 1.011 1.000 23.522 22.133 19.197 21.697 22.681 22.062 21.815 0.051 0.057 0.050 0.056 0.059 0.038 0.689
24.541 0.997 6.606 28463.637 0.999 22.763 1.081 1.020 0.889 0.998 1.040 1.011 1.000 24.541 23.145 20.193 22.665 23.613 22.955 22.702 0.051 0.058 0.050 0.056 0.059 0.038 0.688
25.559 0.997 6.606 28849.434 0.999 23.690 1.083 1.023 0.898 1.001 1.040 1.011 1.000 25.559 24.159 21.194 23.642 24.558 23.866 23.608 0.051 0.058 0.051 0.057 0.059 0.038 0.687
26.578 0.996 6.607 29037.849 0.999 24.664 1.082 1.025 0.904 1.003 1.040 1.011 1.000 26.578 25.177 22.206 24.641 25.541 24.831 24.569 0.051 0.058 0.051 0.057 0.059 0.038 0.687
27.596 0.996 6.607 29056.897 0.999 25.689 1.078 1.024 0.908 1.003 1.038 1.010 1.000 27.596 26.199 23.232 25.668 26.567 25.858 25.597 0.051 0.058 0.051 0.057 0.059 0.038 0.687
28.614 0.997 6.608 29075.917 0.999 26.712 1.075 1.022 0.911 1.003 1.036 1.010 1.000 28.614 27.220 24.257 26.694 27.593 26.884 26.623 0.051 0.058 0.051 0.057 0.059 0.038 0.687
29.633 0.997 6.608 29094.914 0.999 27.735 1.072 1.021 0.914 1.003 1.035 1.009 1.000 29.633 28.241 25.281 27.719 28.618 27.909 27.647 0.050 0.058 0.052 0.057 0.058 0.038 0.687
30.651 0.997 6.608 29113.890 0.999 28.758 1.069 1.021 0.917 1.003 1.034 1.009 1.000 30.651 29.262 26.304 28.743 29.641 28.933 28.671 0.050 0.058 0.052 0.057 0.058 0.038 0.687
31.669 0.997 6.609 29132.164 0.999 29.768 1.067 1.020 0.921 1.003 1.033 1.009 1.000 31.669 30.281 27.321 29.757 30.650 29.936 29.674 0.050 0.058 0.052 0.057 0.058 0.038 0.687
32.688 0.997 6.609 29151.158 0.999 30.791 1.065 1.020 0.923 1.003 1.032 1.009 1.000 32.688 31.301 28.343 30.781 31.674 30.961 30.699 0.050 0.058 0.052 0.057 0.058 0.038 0.687
33.706 0.997 6.609 29170.134 0.999 31.813 1.063 1.019 0.926 1.003 1.031 1.008 1.000 33.706 32.321 29.365 31.804 32.698 31.985 31.723 0.050 0.058 0.052 0.057 0.058 0.038 0.687
34.724 0.997 6.610 29189.096 0.999 32.834 1.060 1.018 0.928 1.002 1.030 1.008 1.000 34.724 33.341 30.387 32.827 33.721 33.008 32.746 0.050 0.058 0.052 0.057 0.058 0.038 0.687
35.743 0.997 6.610 29208.044 0.999 33.855 1.058 1.018 0.930 1.002 1.029 1.008 1.000 35.743 34.361 31.408 33.850 34.743 34.031 33.768 0.050 0.058 0.053 0.057 0.058 0.038 0.687
36.761 0.998 6.610 29226.981 1.000 34.876 1.057 1.017 0.932 1.002 1.028 1.008 1.000 36.761 35.381 32.429 34.872 35.765 35.053 34.791 0.050 0.058 0.053 0.057 0.058 0.038 0.687
37.780 0.998 6.610 29245.907 1.000 35.897 1.055 1.016 0.934 1.002 1.027 1.007 1.000 37.780 36.401 33.449 35.893 36.787 36.075 35.812 0.050 0.057 0.053 0.057 0.058 0.038 0.687
38.798 0.998 6.610 29264.824 1.000 36.917 1.053 1.016 0.936 1.002 1.026 1.007 1.000 38.798 37.420 34.469 36.915 37.809 37.096 36.834 0.050 0.057 0.053 0.057 0.058 0.038 0.687
39.816 0.998 6.610 29283.733 1.000 37.937 1.052 1.015 0.938 1.002 1.026 1.007 1.000 39.816 38.439 35.489 37.936 38.830 38.117 37.855 0.050 0.057 0.053 0.057 0.058 0.038 0.687
40.835 0.998 6.611 29302.634 1.000 38.956 1.050 1.015 0.939 1.002 1.025 1.007 1.000 40.835 39.458 36.509 38.957 39.851 39.138 38.875 0.049 0.057 0.053 0.057 0.058 0.038 0.688
41.853 0.998 6.611 29320.622 1.000 39.965 1.050 1.015 0.941 1.002 1.025 1.007 1.000 41.853 40.476 37.522 39.966 40.855 40.136 39.872 0.049 0.057 0.053 0.057 0.058 0.038 0.687
42.871 0.998 6.611 29339.549 1.000 40.986 1.048 1.015 0.942 1.002 1.024 1.006 1.000 42.871 41.495 38.542 40.987 41.876 41.157 40.893 0.049 0.057 0.053 0.057 0.058 0.038 0.687
43.890 0.998 6.611 29358.468 1.000 42.006 1.047 1.014 0.944 1.002 1.023 1.006 1.000 43.890 42.514 39.561 42.008 42.897 42.179 41.915 0.049 0.057 0.053 0.057 0.058 0.038 0.687
44.908 0.998 6.611 29377.381 1.000 43.026 1.046 1.014 0.945 1.002 1.023 1.006 1.000 44.908 43.533 40.580 43.029 43.919 43.200 42.936 0.049 0.057 0.053 0.057 0.058 0.038 0.687
45.927 0.998 6.611 29396.287 1.000 44.045 1.045 1.014 0.946 1.002 1.022 1.006 1.000 45.927 44.552 41.599 44.049 44.939 44.221 43.957 0.049 0.057 0.054 0.057 0.058 0.038 0.687
46.945 0.998 6.611 29415.188 1.000 45.065 1.044 1.013 0.948 1.002 1.022 1.006 1.000 46.945 45.570 42.618 45.069 45.960 45.242 44.977 0.049 0.057 0.054 0.057 0.058 0.038 0.688
47.963 0.998 6.611 29434.083 1.000 46.084 1.043 1.013 0.949 1.002 1.021 1.006 1.000 47.963 46.589 43.636 46.089 46.981 46.262 45.998 0.049 0.057 0.054 0.057 0.058 0.038 0.688
48.982 0.998 6.611 29452.973 1.000 47.103 1.042 1.013 0.950 1.002 1.021 1.006 1.000 48.982 47.608 44.654 47.109 48.001 47.282 47.018 0.049 0.057 0.054 0.057 0.058 0.038 0.688
50.000 0.998 6.611 29471.859 1.000 48.122 1.041 1.012 0.951 1.002 1.020 1.006 1.000 50.000 48.627 45.673 48.129 49.021 48.303 48.038 0.049 0.057 0.054 0.057 0.058 0.038 0.688
