0.100 0.859 6.550 347.504 0.981 0.078 0.890 1.181 1.250 1.084 1.202 1.095 1.277 1.220 1.485 1.470 1.179 1.198 1.000 0.060 0.080 0.084 0.073 0.081 0.074 0.086 0.082 0.100 0.099 0.079 0.081 0.067 0.029 0.058 0.061 0.053 0.059 0.054 0.063 0.060 0.073 0.072 0.058 0.049 0.311
1.118 0.859 6.550 3886.370 0.981 0.877 0.890 1.181 1.250 1.084 1.202 1.095 1.277 1.220 1.485 1.470 1.179 1.198 1.000 0.671 0.890 0.942 0.816 0.905 0.825 0.962 0.919 1.118 1.107 0.888 0.902 0.753 0.029 0.058 0.061 0.053 0.059 0.054 0.063 0.060 0.073 0.072 0.058 0.049 0.311
2.137 0.859 6.550 7425.237 0.981 1.675 0.890 1.181 1.250 1.084 1.202 1.095 1.277 1.220 1.485 1.470 1.179 1.198 1.000 1.281 1.700 1.799 1.559 1.729 1.576 1.838 1.756 2.137 2.116 1.697 1.724 1.439 0.029 0.058 0.061 0.053 0.059 0.054 0.063 0.060 0.073 0.072 0.058 0.049 0.311
3.155 0.859 6.550 10964.103 0.981 2.474 0.890 1.181 1.250 1.084 1.202 1.095 1.277 1.220 1.485 1.470 1.179 1.198 1.000 1.892 2.510 2.656 2.302 2.554 2.328 2.714 2.594 3.155 3.124 2.505 2.546 2.125 0.029 0.058 0.061 0.053 0.059 0.054 0.063 0.060 0.073 0.072 0.058 0.049 0.311
4.173 0.859 6.550 14502.969 0.981 3.272 0.890 1.181 1.250 1.084 1.202 1.095 1.277 1.220 1.485 1.470 1.179 1.198 1.000 2.502 3.320 3.514 3.046 3.378 3.079 3.590 3.431 4.173 4.132 3.314 3.367 2.811 0.029 0.058 0.061 0.053 0.059 0.054 0.063 0.060 0.073 0.072 0.058 0.049 0.311
5.192 0.859 6.550 18041.835 0.981 4.070 0.890 1.181 1.250 1.084 1.202 1.095 1.277 1.220 1.485 1.470 1.179 1.198 1.000 3.113 4.131 4.371 3.789 4.202 3.831 4.466 4.268 5.192 5.140 4.123 4.189 3.497 0.029 0.058 0.061 0.053 0.059 0.054 0.063 0.060 0.073 0.072 0.058 0.049 0.311
6.210 0.859 6.550 21580.702 0.981 4.869 0.890 1.181 1.250 1.084 1.202 1.095 1.277 1.220 1.485 1.470 1.179 1.198 1.000 3.723 4.941 5.228 4.532 5.026 4.582 5.342 5.105 6.210 6.149 4.931 5.010 4.183 0.029 0.058 0.061 0.053 0.059 0.054 0.063 0.060 0.073 0.072 0.058 0.049 0.311
7.229 0.859 6.550 25119.568 0.981 5.667 0.890 1.181 1.250 1.084 1.202 1.095 1.277 1.220 1.485 1.470 1.179 1.198 1.000 4.334 5.751 6.086 5.275 5.851 5.333 6.218 5.942 7.229 7.157 5.740 5.832 4.869 0.029 0.058 0.061 0.053 0.059 0.054 0.063 0.060 0.073 0.072 0.058 0.049 0.311
8.247 0.859 6.550 28658.434 0.981 6.466 0.890 1.181 1.250 1.084 1.202 1.095 1.277 1.220 1.485 1.470 1.179 1.198 1.000 4.945 6.561 6.943 6.018 6.675 6.085 7.094 6.779 8.247 8.165 6.548 6.654 5.554 0.029 0.058 0.061 0.053 0.059 0.054 0.063 0.060 0.073 0.072 0.058 0.049 0.311
9.265 0.859 6.550 32197.301 0.981 7.264 0.890 1.181 1.250 1.084 1.202 1.095 1.277 1.220 1.485 1.470 1.179 1.198 1.000 5.555 7.371 7.800 6.761 7.499 6.836 7.970 7.616 9.265 9.173 7.357 7.475 6.240 0.029 0.058 0.061 0.053 0.059 0.054 0.063 0.060 0.073 0.072 0.058 0.049 0.311
10.284 0.859 6.550 35736.162 0.981 8.063 0.890 1.182 1.250 1.084 1.202 1.096 1.277 1.221 1.485 1.470 1.179 1.198 1.000 6.167 8.183 8.659 7.506 8.324 7.588 8.846 8.453 10.284 10.181 8.165 8.296 6.925 0.029 0.058 0.061 0.053 0.059 0.054 0.063 0.060 0.073 0.072 0.058 0.049 0.311
11.302 0.858 6.550 39275.026 0.981 8.863 0.891 1.183 1.251 1.085 1.203 1.096 1.278 1.221 1.485 1.471 1.179 1.198 1.000 6.781 8.998 9.521 8.253 9.152 8.342 9.724 9.291 11.302 11.189 8.972 9.115 7.608 0.029 0.058 0.061 0.053 0.059 0.054 0.063 0.060 0.073 0.072 0.058 0.049 0.311
12.320 0.859 6.550 42743.770 0.981 9.652 0.889 1.180 1.249 1.083 1.201 1.096 1.279 1.223 1.487 1.471 1.179 1.198 1.000 7.369 9.778 10.349 8.974 9.957 9.083 10.597 10.134 12.320 12.193 9.776 9.930 8.288 0.029 0.058 0.061 0.053 0.059 0.054 0.063 0.060 0.073 0.072 0.058 0.049 0.311
13.339 0.865 6.547 45683.888 0.981 10.383 0.861 1.144 1.213 1.055 1.176 1.080 1.268 1.222 1.485 1.472 1.184 1.200 1.000 7.734 10.270 10.889 9.474 10.563 9.695 11.390 10.976 13.339 13.215 10.628 10.772 8.980 0.028 0.057 0.060 0.052 0.058 0.053 0.063 0.060 0.073 0.073 0.059 0.049 0.313
14.357 0.873 6.543 48529.611 0.980 11.112 0.830 1.103 1.172 1.024 1.149 1.063 1.256 1.218 1.481 1.469 1.187 1.201 1.000 8.045 10.692 11.363 9.933 11.145 10.311 12.180 11.813 14.357 14.249 11.510 11.642 9.697 0.028 0.055 0.059 0.051 0.058 0.053 0.063 0.061 0.074 0.073 0.059 0.050 0.316
15.376 0.871 6.541 51467.334 0.980 11.895 0.824 1.096 1.168 1.027 1.154 1.072 1.263 1.226 1.484 1.471 1.191 1.202 1.000 8.534 11.356 12.106 10.647 11.959 11.104 13.087 12.700 15.376 15.249 12.343 12.452 10.363 0.027 0.055 0.058 0.051 0.058 0.054 0.063 0.061 0.074 0.073 0.059 0.050 0.316
16.394 0.869 6.539 54412.072 0.980 12.682 0.820 1.093 1.168 1.033 1.160 1.080 1.270 1.233 1.487 1.474 1.195 1.203 1.000 9.041 12.045 12.876 11.385 12.793 11.910 14.003 13.590 16.394 16.245 13.171 13.256 11.024 0.027 0.055 0.058 0.052 0.058 0.054 0.063 0.061 0.074 0.073 0.059 0.050 0.315
17.412 0.868 6.538 57354.856 0.979 13.466 0.815 1.087 1.165 1.035 1.164 1.086 1.275 1.238 1.489 1.475 1.198 1.203 1.000 9.536 12.716 13.627 12.107 13.612 12.705 14.911 14.476 17.412 17.245 14.005 14.069 11.694 0.027 0.054 0.058 0.052 0.058 0.054 0.063 0.062 0.074 0.073 0.060 0.050 0.315
18.431 0.881 6.541 59804.063 0.980 14.278 0.787 1.050 1.128 1.007 1.135 1.064 1.251 1.218 1.466 1.455 1.187 1.196 1.000 9.895 13.208 14.191 12.669 14.278 13.385 15.730 15.319 18.431 18.294 14.933 15.040 12.576 0.027 0.053 0.057 0.051 0.057 0.054 0.063 0.061 0.074 0.073 0.060 0.050 0.319
19.449 0.901 6.548 61922.330 0.981 15.144 0.753 1.003 1.079 0.967 1.091 1.027 1.210 1.183 1.426 1.420 1.168 1.183 1.000 10.273 13.689 14.720 13.186 14.888 14.015 16.502 16.137 19.449 19.377 15.935 16.143 13.643 0.026 0.052 0.056 0.050 0.056 0.053 0.062 0.061 0.073 0.073 0.060 0.051 0.326
20.467 0.916 6.553 64093.934 0.982 16.029 0.732 0.972 1.045 0.938 1.060 1.000 1.179 1.156 1.394 1.393 1.152 1.173 1.000 10.745 14.274 15.346 13.778 15.562 14.688 17.305 16.968 20.467 20.450 16.918 17.219 14.683 0.026 0.051 0.055 0.049 0.056 0.052 0.062 0.061 0.073 0.073 0.060 0.051 0.331
21.486 0.967 6.502 63845.522 0.974 16.567 0.604 0.809 0.878 0.798 0.920 0.888 1.072 1.076 1.321 1.342 1.136 1.162 1.000 9.675 12.963 14.058 12.778 14.737 14.223 17.171 17.237 21.148 21.486 18.195 18.604 16.014 0.022 0.045 0.049 0.045 0.051 0.050 0.060 0.060 0.074 0.075 0.063 0.054 0.352
22.504 0.999 6.437 63914.389 0.964 17.261 0.526 0.706 0.770 0.706 0.827 0.812 0.999 1.022 1.268 1.305 1.126 1.153 1.000 9.076 12.182 13.273 12.170 14.258 14.005 17.234 17.633 21.876 22.504 19.414 19.894 17.248 0.020 0.041 0.045 0.041 0.048 0.047 0.058 0.060 0.074 0.076 0.065 0.056 0.368
23.522 1.023 6.365 64136.535 0.953 18.028 0.466 0.627 0.686 0.635 0.754 0.753 0.943 0.981 1.227 1.275 1.117 1.147 1.000 8.597 11.560 12.654 11.704 13.916 13.895 17.391 18.096 22.638 23.522 20.608 21.147 18.444 0.019 0.038 0.041 0.038 0.046 0.045 0.057 0.059 0.074 0.077 0.067 0.058 0.381
24.541 1.039 6.296 64514.872 0.943 18.843 0.421 0.567 0.623 0.581 0.700 0.710 0.901 0.951 1.197 1.253 1.112 1.141 1.000 8.241 11.102 12.208 11.387 13.719 13.902 17.652 18.635 23.438 24.541 21.770 22.351 19.586 0.017 0.035 0.039 0.036 0.043 0.044 0.056 0.059 0.074 0.078 0.069 0.059 0.391
25.559 1.051 6.232 64999.067 0.934 19.686 0.385 0.520 0.574 0.540 0.658 0.676 0.869 0.929 1.172 1.235 1.107 1.137 1.000 7.968 10.753 11.878 11.170 13.619 13.984 17.980 19.221 24.262 25.559 22.913 23.525 20.698 0.016 0.033 0.036 0.034 0.042 0.043 0.055 0.059 0.074 0.078 0.070 0.060 0.400
26.578 1.060 6.176 65571.364 0.925 20.547 0.356 0.482 0.535 0.507 0.624 0.649 0.843 0.911 1.153 1.220 1.104 1.133 1.000 7.765 10.497 11.644 11.035 13.600 14.129 18.364 19.849 25.107 26.578 24.039 24.674 21.783 0.015 0.031 0.034 0.033 0.040 0.042 0.054 0.059 0.074 0.078 0.071 0.061 0.407
27.596 1.067 6.125 66211.223 0.918 21.419 0.333 0.451 0.503 0.480 0.597 0.627 0.822 0.897 1.136 1.208 1.101 1.129 1.000 7.615 10.311 11.485 10.965 13.642 14.324 18.791 20.506 25.967 27.596 25.154 25.804 22.848 0.015 0.030 0.033 0.031 0.039 0.041 0.054 0.059 0.074 0.079 0.072 0.061 0.413
28.614 1.072 6.078 66881.920 0.910 22.304 0.313 0.425 0.475 0.456 0.573 0.608 0.804 0.885 1.122 1.196 1.098 1.126 1.000 7.488 10.155 11.356 10.919 13.706 14.533 19.230 21.170 26.829 28.614 26.267 26.936 23.920 0.014 0.028 0.031 0.030 0.038 0.040 0.053 0.059 0.074 0.079 0.073 0.062 0.418
29.633 1.082 6.018 66852.065 0.901 23.308 0.289 0.393 0.441 0.427 0.542 0.581 0.776 0.862 1.096 1.175 1.088 1.119 1.000 7.294 9.909 11.126 10.777 13.664 14.644 19.562 21.743 27.636 29.633 27.451 28.213 25.220 0.013 0.027 0.030 0.029 0.037 0.039 0.052 0.058 0.074 0.079 0.073 0.063 0.426
30.651 1.090 5.965 66830.799 0.894 24.327 0.269 0.367 0.413 0.403 0.516 0.558 0.752 0.843 1.073 1.156 1.080 1.112 1.000 7.144 9.722 10.959 10.689 13.674 14.795 19.930 22.341 28.456 30.651 28.626 29.479 26.514 0.012 0.025 0.028 0.028 0.035 0.038 0.052 0.058 0.074 0.079 0.074 0.063 0.433
31.669 1.097 5.912 66806.936 0.886 25.366 0.252 0.343 0.388 0.381 0.492 0.537 0.729 0.824 1.052 1.138 1.071 1.105 1.000 7.003 9.545 10.801 10.607 13.688 14.946 20.294 22.934 29.271 31.669 29.807 30.758 27.832 0.012 0.024 0.027 0.027 0.034 0.037 0.051 0.057 0.073 0.079 0.074 0.064 0.440
32.688 1.103 5.868 66867.435 0.879 26.396 0.237 0.324 0.368 0.364 0.473 0.520 0.711 0.810 1.034 1.123 1.064 1.100 1.000 6.912 9.434 10.715 10.588 13.765 15.149 20.709 23.565 30.107 32.688 30.968 32.004 29.106 0.011 0.023 0.026 0.026 0.033 0.037 0.050 0.057 0.073 0.079 0.075 0.064 0.445
33.706 1.107 5.830 66968.117 0.873 27.426 0.225 0.308 0.351 0.349 0.457 0.506 0.696 0.797 1.019 1.110 1.058 1.095 1.000 6.847 9.359 10.665 10.601 13.873 15.378 21.146 24.213 30.952 33.706 32.121 33.236 30.366 0.011 0.022 0.025 0.025 0.033 0.036 0.050 0.057 0.073 0.079 0.075 0.065 0.450
34.724 1.111 5.796 67109.400 0.868 28.452 0.215 0.295 0.337 0.337 0.443 0.495 0.684 0.787 1.006 1.099 1.052 1.090 1.000 6.807 9.316 10.651 10.646 14.013 15.633 21.607 24.879 31.807 34.724 33.265 34.454 31.607 0.010 0.021 0.024 0.024 0.032 0.036 0.049 0.057 0.072 0.079 0.076 0.065 0.454
35.743 1.115 5.762 67237.434 0.863 29.491 0.206 0.282 0.324 0.325 0.430 0.483 0.671 0.777 0.994 1.087 1.047 1.086 1.000 6.766 9.272 10.633 10.685 14.146 15.881 22.059 25.536 32.656 35.743 34.416 35.685 32.869 0.010 0.021 0.024 0.024 0.031 0.035 0.049 0.056 0.072 0.079 0.076 0.066 0.459
36.761 1.117 5.733 67357.507 0.859 30.405 0.198 0.272 0.313 0.316 0.420 0.474 0.661 0.768 0.983 1.078 1.042 1.082 1.000 6.731 9.234 10.619 10.721 14.263 16.097 22.454 26.111 33.395 36.630 35.421 36.761 33.978 0.010 0.020 0.023 0.023 0.031 0.035 0.048 0.056 0.072 0.079 0.076 0.066 0.462
37.780 1.119 5.714 67559.664 0.856 31.277 0.193 0.265 0.305 0.309 0.413 0.467 0.654 0.763 0.976 1.071 1.039 1.079 1.000 6.743 9.260 10.673 10.818 14.442 16.365 22.897 26.720 34.151 37.508 36.390 37.780 35.009 0.009 0.019 0.022 0.023 0.030 0.034 0.048 0.056 0.072 0.079 0.076 0.066 0.464
38.798 1.121 5.692 67710.537 0.853 32.146 0.187 0.257 0.297 0.302 0.405 0.460 0.646 0.757 0.967 1.064 1.036 1.076 1.000 6.739 9.263 10.701 10.887 14.590 16.601 23.302 27.290 34.873 38.362 37.346 38.798 36.052 0.009 0.019 0.022 0.022 0.030 0.034 0.048 0.056 0.071 0.079 0.076 0.066 0.467
39.816 1.123 5.673 67893.341 0.850 33.018 0.182 0.250 0.290 0.296 0.398 0.454 0.640 0.752 0.960 1.058 1.033 1.073 1.000 6.750 9.286 10.751 10.978 14.759 16.858 23.728 27.879 35.611 39.226 38.307 39.816 37.091 0.009 0.019 0.022 0.022 0.030 0.034 0.048 0.056 0.071 0.078 0.077 0.066 0.469
40.835 1.124 5.677 68204.646 0.850 33.907 0.181 0.249 0.289 0.297 0.400 0.458 0.642 0.753 0.958 1.054 1.031 1.071 1.000 6.895 9.496 11.024 11.309 15.242 17.471 24.467 28.716 36.519 40.187 39.305 40.835 38.113 0.009 0.019 0.022 0.022 0.030 0.034 0.048 0.056 0.071 0.078 0.076 0.066 0.469
41.853 1.125 5.681 68477.018 0.851 34.799 0.180 0.248 0.289 0.298 0.402 0.463 0.645 0.755 0.956 1.051 1.030 1.069 1.000 7.045 9.715 11.309 11.655 15.749 18.119 25.229 29.566 37.433 41.149 40.302 41.853 39.140 0.009 0.018 0.021 0.022 0.030 0.034 0.048 0.056 0.071 0.078 0.076 0.066 0.469
42.871 1.125 5.685 68751.759 0.852 35.693 0.179 0.247 0.289 0.299 0.405 0.467 0.647 0.757 0.955 1.048 1.028 1.067 1.000 7.197 9.935 11.596 12.002 16.257 18.768 25.993 30.416 38.348 42.112 41.300 42.871 40.165 0.009 0.018 0.021 0.022 0.030 0.035 0.048 0.056 0.071 0.078 0.076 0.066 0.469
43.890 1.126 5.690 69029.815 0.852 36.586 0.178 0.247 0.289 0.300 0.407 0.472 0.650 0.759 0.953 1.046 1.027 1.066 1.000 7.351 10.158 11.885 12.352 16.768 19.421 26.760 31.270 39.265 43.077 42.299 43.890 41.189 0.009 0.018 0.021 0.022 0.030 0.035 0.048 0.056 0.071 0.078 0.076 0.066 0.469
44.908 1.127 5.690 69272.652 0.852 37.477 0.177 0.245 0.288 0.300 0.408 0.474 0.651 0.760 0.951 1.043 1.025 1.064 1.000 7.483 10.351 12.138 12.663 17.230 20.019 27.475 32.080 40.151 44.023 43.289 44.908 42.219 0.009 0.018 0.021 0.022 0.030 0.035 0.048 0.056 0.071 0.077 0.076 0.066 0.469
45.927 1.127 5.695 69559.780 0.853 38.371 0.177 0.245 0.288 0.301 0.410 0.478 0.653 0.762 0.950 1.041 1.024 1.062 1.000 7.642 10.580 12.435 13.020 17.750 20.681 28.250 32.942 41.076 44.993 44.291 45.927 43.240 0.009 0.018 0.021 0.022 0.031 0.036 0.049 0.057 0.070 0.077 0.076 0.066 0.469
46.945 1.127 5.696 69812.083 0.853 39.263 0.176 0.244 0.287 0.301 0.412 0.481 0.655 0.763 0.948 1.038 1.023 1.060 1.000 7.780 10.781 12.697 13.339 18.222 21.290 28.976 33.762 41.970 45.945 45.284 46.945 44.268 0.009 0.018 0.021 0.022 0.031 0.036 0.049 0.057 0.070 0.077 0.076 0.065 0.469
47.963 1.128 5.698 70073.490 0.854 40.155 0.175 0.243 0.286 0.302 0.413 0.484 0.656 0.764 0.947 1.036 1.022 1.059 1.000 7.924 10.989 12.967 13.668 18.705 21.911 29.713 34.591 42.872 46.901 46.280 47.963 45.293 0.009 0.018 0.021 0.022 0.031 0.036 0.049 0.057 0.070 0.077 0.076 0.065 0.469
48.982 1.128 5.701 70344.538 0.854 41.048 0.174 0.242 0.286 0.302 0.415 0.487 0.658 0.765 0.945 1.033 1.021 1.058 1.000 8.073 11.204 13.247 14.005 19.199 22.544 30.461 35.431 43.782 47.863 47.278 48.982 46.316 0.009 0.018 0.021 0.022 0.031 0.036 0.049 0.057 0.070 0.077 0.076 0.065 0.469
50.000 1.129 5.701 70585.575 0.854 41.938 0.173 0.241 0.285 0.302 0.415 0.489 0.658 0.765 0.943 1.031 1.020 1.056 1.000 8.204 11.395 13.497 14.311 19.653 23.132 31.168 36.235 44.665 48.809 48.269 50.000 47.345 0.009 0.018 0.021 0.022 0.031 0.036 0.049 0.057 0.070 0.076 0.076 0.065 0.469
