0.100 0.765 22.007 626.626 0.951 0.065 0.537 0.737 0.849 0.859 1.154 1.311 1.309 1.150 1.372 1.430 1.316 1.287 1.237 1.644 1.857 1.849 1.623 1.937 2.024 1.869 1.494 1.616 1.548 1.297 1.478 1.484 1.313 0.987 1.000 0.027 0.036 0.042 0.042 0.057 0.065 0.065 0.057 0.068 0.071 0.065 0.064 0.061 0.081 0.092 0.091 0.080 0.096 0.100 0.092 0.074 0.080 0.076 0.064 0.073 0.073 0.065 0.049 0.049 0.005 0.010 0.011 0.011 0.015 0.017 0.017 0.015 0.018 0.018 0.011 0.297 0.013 0.021 0.024 0.024 0.021 0.025 0.026 0.024 0.019 0.021 0.020 0.017 0.019 0.019 0.017 0.013 0.232
1.118 0.765 22.007 7007.976 0.951 0.723 0.537 0.737 0.849 0.859 1.154 1.311 1.309 1.150 1.372 1.430 1.316 1.287 1.237 1.644 1.857 1.849 1.623 1.937 2.024 1.869 1.494 1.616 1.548 1.297 1.478 1.484 1.313 0.987 1.000 0.297 0.408 0.469 0.475 0.638 0.724 0.723 0.635 0.758 0.790 0.727 0.711 0.683 0.908 1.026 1.022 0.897 1.071 1.118 1.033 0.825 0.893 0.855 0.717 0.817 0.820 0.726 0.546 0.553 0.005 0.010 0.011 0.011 0.015 0.017 0.017 0.015 0.018 0.018 0.011 0.297 0.013 0.021 0.024 0.024 0.021 0.025 0.026 0.024 0.019 0.021 0.020 0.017 0.019 0.019 0.017 0.013 0.232
2.137 0.765 22.007 13389.327 0.951 1.381 0.537 0.737 0.849 0.859 1.154 1.311 1.309 1.150 1.372 1.430 1.316 1.287 1.237 1.644 1.857 1.849 1.623 1.937 2.024 1.869 1.494 1.616 1.548 1.297 1.478 1.484 1.313 0.987 1.000 0.567 0.779 0.897 0.907 1.219 1.384 1.382 1.214 1.449 1.510 1.389 1.359 1.306 1.735 1.960 1.952 1.713 2.046 2.137 1.973 1.577 1.706 1.634 1.369 1.560 1.567 1.387 1.042 1.056 0.005 0.010 0.011 0.011 0.015 0.017 0.017 0.015 0.018 0.018 0.011 0.297 0.013 0.021 0.024 0.024 0.021 0.025 0.026 0.024 0.019 0.021 0.020 0.017 0.019 0.019 0.017 0.013 0.232
3.155 0.765 22.007 19770.678 0.951 2.039 0.537 0.737 0.849 0.859 1.154 1.311 1.309 1.150 1.372 1.430 1.316 1.287 1.237 1.644 1.857 1.849 1.623 1.937 2.024 1.869 1.494 1.616 1.548 1.297 1.478 1.484 1.313 0.987 1.000 0.838 1.150 1.324 1.340 1.800 2.043 2.040 1.793 2.139 2.230 2.052 2.006 1.928 2.563 2.895 2.882 2.530 3.021 3.155 2.914 2.329 2.519 2.413 2.022 2.304 2.314 2.048 1.539 1.559 0.005 0.010 0.011 0.011 0.015 0.017 0.017 0.015 0.018 0.018 0.011 0.297 0.013 0.021 0.024 0.024 0.021 0.025 0.026 0.024 0.019 0.021 0.020 0.017 0.019 0.019 0.017 0.013 0.232
4.173 0.765 22.007 26152.029 0.951 2.697 0.537 0.737 0.849 0.859 1.154 1.311 1.309 1.150 1.372 1.430 1.316 1.287 1.237 1.644 1.857 1.849 1.623 1.937 2.024 1.869 1.494 1.616 1.548 1.297 1.478 1.484 1.313 0.987 1.000 1.108 1.521 1.751 1.772 2.380 2.703 2.699 2.371 2.830 2.949 2.714 2.654 2.551 3.390 3.829 3.812 3.347 3.996 4.173 3.854 3.081 3.333 3.192 2.674 3.047 3.060 2.708 2.036 2.062 0.005 0.010 0.011 0.011 0.015 0.017 0.017 0.015 0.018 0.018 0.011 0.297 0.013 0.021 0.024 0.024 0.021 0.025 0.026 0.024 0.019 0.021 0.020 0.017 0.019 0.019 0.017 0.013 0.232
5.192 0.765 22.007 32533.380 0.951 3.355 0.537 0.737 0.849 0.859 1.154 1.311 1.309 1.150 1.372 1.430 1.316 1.287 1.237 1.644 1.857 1.849 1.623 1.937 2.024 1.869 1.494 1.616 1.548 1.297 1.478 1.484 1.313 0.987 1.000 1.378 1.892 2.179 2.205 2.961 3.363 3.357 2.950 3.520 3.669 3.376 3.301 3.173 4.217 4.763 4.743 4.163 4.971 5.192 4.795 3.832 4.146 3.971 3.327 3.791 3.807 3.369 2.533 2.566 0.005 0.010 0.011 0.011 0.015 0.017 0.017 0.015 0.018 0.018 0.011 0.297 0.013 0.021 0.024 0.024 0.021 0.025 0.026 0.024 0.019 0.021 0.020 0.017 0.019 0.019 0.017 0.013 0.232
6.210 0.765 22.007 38914.731 0.951 4.013 0.537 0.737 0.849 0.859 1.154 1.311 1.309 1.150 1.372 1.430 1.316 1.287 1.237 1.644 1.857 1.849 1.623 1.937 2.024 1.869 1.494 1.616 1.548 1.297 1.478 1.484 1.313 0.987 1.000 1.649 2.263 2.606 2.637 3.542 4.022 4.016 3.529 4.211 4.389 4.038 3.949 3.795 5.044 5.698 5.673 4.980 5.946 6.210 5.735 4.584 4.959 4.750 3.980 4.534 4.554 4.030 3.030 3.069 0.005 0.010 0.011 0.011 0.015 0.017 0.017 0.015 0.018 0.018 0.011 0.297 0.013 0.021 0.024 0.024 0.021 0.025 0.026 0.024 0.019 0.021 0.020 0.017 0.019 0.019 0.017 0.013 0.232
7.229 0.765 22.007 45296.081 0.951 4.671 0.537 0.737 0.849 0.859 1.154 1.311 1.309 1.150 1.372 1.430 1.316 1.287 1.237 1.644 1.857 1.849 1.623 1.937 2.024 1.869 1.494 1.616 1.548 1.297 1.478 1.484 1.313 0.987 1.000 1.919 2.634 3.033 3.070 4.123 4.682 4.674 4.107 4.901 5.108 4.700 4.596 4.418 5.871 6.632 6.603 5.797 6.921 7.229 6.676 5.336 5.772 5.528 4.632 5.278 5.301 4.691 3.526 3.572 0.005 0.010 0.011 0.011 0.015 0.017 0.017 0.015 0.018 0.018 0.011 0.297 0.013 0.021 0.024 0.024 0.021 0.025 0.026 0.024 0.019 0.021 0.020 0.017 0.019 0.019 0.017 0.013 0.232
8.247 0.765 22.007 51677.432 0.951 5.330 0.537 0.737 0.849 0.859 1.154 1.311 1.309 1.150 1.372 1.430 1.316 1.287 1.237 1.644 1.857 1.849 1.623 1.937 2.024 1.869 1.494 1.616 1.548 1.297 1.478 1.484 1.313 0.987 1.000 2.189 3.005 3.461 3.502 4.704 5.341 5.333 4.686 5.592 5.828 5.362 5.244 5.040 6.698 7.566 7.534 6.613 7.896 8.247 7.616 6.087 6.585 6.307 5.285 6.021 6.047 5.352 4.023 4.075 0.005 0.010 0.011 0.011 0.015 0.017 0.017 0.015 0.018 0.018 0.011 0.297 0.013 0.021 0.024 0.024 0.021 0.025 0.026 0.024 0.019 0.021 0.020 0.017 0.019 0.019 0.017 0.013 0.232
9.265 0.765 22.007 58058.783 0.951 5.988 0.537 0.737 0.849 0.859 1.154 1.311 1.309 1.150 1.372 1.430 1.316 1.287 1.237 1.644 1.857 1.849 1.623 1.937 2.024 1.869 1.494 1.616 1.548 1.297 1.478 1.484 1.313 0.987 1.000 2.460 3.376 3.888 3.935 5.285 6.001 5.991 5.265 6.282 6.548 6.024 5.891 5.663 7.525 8.500 8.464 7.430 8.871 9.265 8.557 6.839 7.399 7.086 5.937 6.765 6.794 6.013 4.520 4.579 0.005 0.010 0.011 0.011 0.015 0.017 0.017 0.015 0.018 0.018 0.011 0.297 0.013 0.021 0.024 0.024 0.021 0.025 0.026 0.024 0.019 0.021 0.020 0.017 0.019 0.019 0.017 0.013 0.232
10.284 0.765 22.007 64440.532 0.951 6.646 0.537 0.737 0.849 0.859 1.154 1.311 1.309 1.150 1.372 1.430 1.316 1.287 1.237 1.644 1.857 1.849 1.623 1.937 2.024 1.869 1.494 1.616 1.548 1.297 1.478 1.484 1.313 0.987 1.000 2.730 3.747 4.316 4.367 5.866 6.660 6.650 5.843 6.973 7.267 6.687 6.539 6.285 8.352 9.435 9.394 8.246 9.846 10.284 9.497 7.591 8.212 7.865 6.590 7.509 7.541 6.674 5.017 5.082 0.005 0.010 0.011 0.011 0.015 0.017 0.017 0.015 0.018 0.018 0.011 0.297 0.013 0.021 0.024 0.024 0.021 0.025 0.026 0.024 0.019 0.021 0.020 0.017 0.019 0.019 0.017 0.013 0.232
11.302 0.765 22.007 70823.323 0.951 7.304 0.537 0.738 0.849 0.860 1.154 1.311 1.309 1.150 1.372 1.430 1.316 1.287 1.237 1.644 1.857 1.849 1.623 1.937 2.024 1.869 1.494 1.616 1.548 1.297 1.478 1.484 1.313 0.987 1.000 3.001 4.119 4.743 4.800 6.447 7.321 7.309 6.422 7.664 7.987 7.349 7.187 6.907 9.180 10.369 10.325 9.063 10.821 11.302 10.438 8.342 9.025 8.644 7.242 8.252 8.288 7.334 5.513 5.585 0.005 0.010 0.011 0.011 0.015 0.017 0.017 0.015 0.018 0.018 0.011 0.297 0.013 0.021 0.024 0.024 0.021 0.025 0.026 0.024 0.019 0.021 0.020 0.017 0.019 0.019 0.017 0.013 0.232
12.320 0.765 22.007 77204.642 0.951 7.962 0.537 0.738 0.849 0.860 1.154 1.311 1.309 1.150 1.372 1.430 1.316 1.287 1.237 1.644 1.857 1.849 1.623 1.938 2.024 1.869 1.494 1.616 1.548 1.297 1.478 1.484 1.313 0.987 1.000 3.271 4.490 5.171 5.233 7.028 7.980 7.968 7.001 8.354 8.707 8.011 7.834 7.530 10.007 11.304 11.255 9.880 11.796 12.320 11.378 9.094 9.838 9.422 7.895 8.995 9.034 7.995 6.010 6.088 0.005 0.010 0.011 0.011 0.015 0.017 0.017 0.015 0.018 0.018 0.011 0.297 0.013 0.021 0.024 0.024 0.021 0.025 0.026 0.024 0.019 0.021 0.020 0.017 0.019 0.019 0.017 0.013 0.232
13.339 0.758 21.975 83080.249 0.949 8.592 0.543 0.746 0.859 0.869 1.168 1.326 1.324 1.164 1.389 1.448 1.332 1.303 1.253 1.668 1.886 1.882 1.656 1.968 2.049 1.887 1.504 1.622 1.550 1.296 1.474 1.479 1.309 0.984 1.000 3.536 4.854 5.591 5.658 7.600 8.630 8.618 7.574 9.039 9.423 8.672 8.482 8.158 10.856 12.280 12.249 10.782 12.812 13.339 12.285 9.789 10.560 10.091 8.438 9.598 9.630 8.520 6.406 6.509 0.005 0.010 0.011 0.011 0.015 0.017 0.017 0.015 0.018 0.019 0.011 0.298 0.013 0.021 0.024 0.024 0.021 0.025 0.026 0.024 0.019 0.021 0.020 0.017 0.019 0.019 0.017 0.013 0.230
14.357 0.750 21.929 88418.526 0.947 9.184 0.548 0.753 0.867 0.878 1.179 1.339 1.337 1.175 1.403 1.463 1.346 1.317 1.268 1.690 1.915 1.915 1.692 2.005 2.084 1.918 1.529 1.641 1.563 1.302 1.476 1.478 1.307 0.982 1.000 3.778 5.186 5.972 6.045 8.120 9.222 9.209 8.095 9.663 10.075 9.274 9.072 8.733 11.639 13.190 13.191 11.658 13.811 14.357 13.215 10.534 11.307 10.765 8.967 10.169 10.185 9.001 6.766 6.889 0.005 0.010 0.011 0.011 0.015 0.017 0.017 0.015 0.018 0.019 0.011 0.298 0.013 0.021 0.024 0.024 0.022 0.025 0.026 0.024 0.019 0.021 0.020 0.017 0.019 0.019 0.017 0.013 0.228
15.376 0.739 21.864 93415.970 0.945 9.764 0.556 0.763 0.879 0.890 1.195 1.358 1.356 1.193 1.424 1.485 1.367 1.338 1.289 1.720 1.952 1.957 1.736 2.053 2.132 1.963 1.567 1.673 1.586 1.316 1.486 1.485 1.311 0.984 1.000 4.008 5.503 6.338 6.416 8.620 9.791 9.780 8.599 10.268 10.710 9.861 9.649 9.294 12.402 14.078 14.114 12.520 14.803 15.376 14.155 11.299 12.065 11.437 9.487 10.719 10.711 9.452 7.096 7.211 0.005 0.010 0.011 0.011 0.015 0.017 0.017 0.015 0.018 0.019 0.011 0.299 0.013 0.022 0.025 0.025 0.022 0.026 0.027 0.025 0.020 0.021 0.020 0.017 0.019 0.019 0.017 0.012 0.225
16.394 0.729 21.806 98418.784 0.942 10.345 0.562 0.771 0.889 0.900 1.209 1.373 1.372 1.206 1.441 1.503 1.384 1.355 1.306 1.744 1.983 1.993 1.774 2.094 2.174 2.002 1.601 1.702 1.608 1.330 1.498 1.493 1.316 0.987 1.000 4.237 5.817 6.700 6.784 9.115 10.355 10.345 9.098 10.866 11.336 10.440 10.217 9.846 13.155 14.956 15.027 13.377 15.791 16.394 15.099 12.072 12.836 12.128 10.028 11.293 11.261 9.922 7.441 7.541 0.005 0.010 0.011 0.011 0.015 0.017 0.017 0.015 0.018 0.019 0.011 0.300 0.014 0.022 0.025 0.025 0.022 0.026 0.027 0.025 0.020 0.021 0.020 0.017 0.019 0.019 0.016 0.012 0.223
17.412 0.719 21.767 103955.867 0.940 10.993 0.571 0.784 0.904 0.915 1.229 1.397 1.396 1.227 1.466 1.530 1.409 1.379 1.330 1.771 2.012 2.022 1.803 2.124 2.204 2.032 1.629 1.728 1.632 1.350 1.513 1.504 1.322 0.990 1.000 4.513 6.196 7.137 7.227 9.711 11.034 11.024 9.697 11.583 12.085 11.133 10.896 10.506 13.992 15.892 15.974 14.246 16.781 17.412 16.050 12.865 13.653 12.892 10.667 11.952 11.881 10.445 7.821 7.900 0.005 0.010 0.011 0.011 0.015 0.017 0.017 0.015 0.018 0.019 0.012 0.302 0.014 0.022 0.025 0.025 0.022 0.026 0.027 0.025 0.020 0.021 0.020 0.017 0.019 0.019 0.016 0.012 0.220
18.431 0.689 21.655 109304.957 0.936 11.696 0.600 0.824 0.949 0.962 1.295 1.473 1.474 1.300 1.550 1.616 1.488 1.456 1.404 1.858 2.104 2.112 1.883 2.209 2.288 2.107 1.689 1.786 1.682 1.389 1.548 1.532 1.343 1.002 1.000 4.832 6.636 7.649 7.754 10.433 11.868 11.878 10.474 12.489 13.017 11.985 11.730 11.307 14.968 16.951 17.015 15.171 17.800 18.431 16.973 13.609 14.388 13.552 11.193 12.469 12.344 10.818 8.074 8.056 0.005 0.010 0.011 0.011 0.015 0.017 0.017 0.015 0.018 0.019 0.012 0.307 0.014 0.022 0.025 0.025 0.022 0.026 0.027 0.025 0.020 0.021 0.020 0.016 0.018 0.018 0.016 0.012 0.212
19.449 0.681 21.614 113985.745 0.934 12.372 0.595 0.817 0.943 0.959 1.293 1.476 1.482 1.315 1.569 1.639 1.514 1.482 1.430 1.884 2.130 2.136 1.906 2.230 2.307 2.125 1.707 1.801 1.695 1.401 1.554 1.535 1.343 1.002 1.000 5.013 6.889 7.952 8.081 10.903 12.440 12.498 11.085 13.228 13.814 12.763 12.497 12.056 15.887 17.954 18.010 16.066 18.802 19.449 17.914 14.387 15.182 14.291 11.809 13.105 12.942 11.325 8.446 8.431 0.005 0.010 0.011 0.011 0.015 0.017 0.017 0.015 0.018 0.019 0.012 0.310 0.014 0.022 0.025 0.025 0.022 0.026 0.027 0.025 0.020 0.021 0.020 0.016 0.018 0.018 0.016 0.012 0.210
20.467 0.670 21.542 117786.067 0.931 13.056 0.586 0.806 0.932 0.950 1.287 1.473 1.488 1.329 1.592 1.670 1.553 1.522 1.469 1.926 2.171 2.176 1.941 2.265 2.339 2.154 1.731 1.823 1.714 1.416 1.566 1.542 1.347 1.004 1.000 5.127 7.050 8.154 8.314 11.257 12.892 13.016 11.629 13.929 14.611 13.586 13.314 12.854 16.852 18.998 19.036 16.980 19.814 20.467 18.846 15.149 15.951 14.998 12.391 13.697 13.494 11.788 8.781 8.749 0.005 0.009 0.011 0.011 0.015 0.017 0.017 0.015 0.018 0.019 0.012 0.314 0.014 0.022 0.025 0.025 0.022 0.026 0.027 0.025 0.020 0.021 0.020 0.016 0.018 0.018 0.016 0.012 0.208
21.486 0.607 21.169 118735.135 0.915 13.778 0.633 0.871 1.010 1.034 1.406 1.617 1.642 1.480 1.780 1.877 1.758 1.724 1.666 2.174 2.448 2.457 2.202 2.521 2.569 2.338 1.856 1.926 1.789 1.460 1.599 1.565 1.361 1.010 1.000 5.293 7.286 8.447 8.646 11.759 13.528 13.738 12.381 14.891 15.701 14.707 14.425 13.939 18.183 20.476 20.551 18.420 21.086 21.486 19.556 15.524 16.112 14.969 12.217 13.372 13.090 11.385 8.453 8.365 0.005 0.009 0.011 0.011 0.015 0.017 0.018 0.016 0.019 0.020 0.013 0.328 0.015 0.023 0.026 0.026 0.024 0.027 0.027 0.025 0.020 0.021 0.019 0.016 0.017 0.017 0.015 0.011 0.191
22.504 0.565 20.865 120253.985 0.901 14.493 0.664 0.915 1.063 1.092 1.490 1.720 1.755 1.592 1.921 2.034 1.916 1.881 1.819 2.366 2.665 2.682 2.416 2.725 2.748 2.479 1.950 2.001 1.842 1.489 1.617 1.575 1.365 1.012 1.000 5.441 7.495 8.706 8.939 12.199 14.084 14.369 13.038 15.731 16.654 15.689 15.401 14.900 19.379 21.826 21.960 19.788 22.319 22.504 20.303 15.968 16.386 15.085 12.197 13.242 12.896 11.178 8.283 8.189 0.004 0.009 0.011 0.011 0.015 0.017 0.018 0.016 0.019 0.020 0.013 0.338 0.015 0.024 0.027 0.027 0.024 0.027 0.028 0.025 0.020 0.020 0.019 0.015 0.016 0.016 0.014 0.010 0.181
23.522 0.532 20.597 122013.057 0.890 15.207 0.690 0.951 1.107 1.140 1.560 1.806 1.850 1.688 2.043 2.170 2.054 2.017 1.954 2.535 2.857 2.881 2.610 2.908 2.907 2.604 2.033 2.067 1.888 1.515 1.633 1.583 1.368 1.012 1.000 5.583 7.696 8.954 9.219 12.617 14.611 14.966 13.658 16.522 17.550 16.612 16.319 15.805 20.509 23.107 23.307 21.109 23.522 23.514 21.064 16.445 16.719 15.275 12.257 13.212 12.807 11.068 8.188 8.089 0.004 0.009 0.011 0.011 0.015 0.017 0.018 0.016 0.020 0.021 0.013 0.345 0.016 0.024 0.027 0.028 0.025 0.028 0.028 0.025 0.020 0.020 0.018 0.015 0.016 0.015 0.013 0.010 0.172
24.541 0.506 20.373 123484.089 0.880 15.829 0.713 0.983 1.145 1.182 1.621 1.882 1.933 1.772 2.147 2.286 2.172 2.135 2.069 2.680 3.021 3.053 2.776 3.066 3.046 2.714 2.108 2.128 1.933 1.542 1.652 1.595 1.375 1.015 1.000 5.706 7.870 9.168 9.458 12.974 15.059 15.471 14.180 17.187 18.301 17.385 17.087 16.561 21.453 24.178 24.435 22.218 24.541 24.377 21.723 16.869 17.029 15.468 12.340 13.223 12.769 11.006 8.127 8.004 0.004 0.009 0.011 0.011 0.015 0.017 0.018 0.016 0.020 0.021 0.013 0.351 0.016 0.025 0.028 0.028 0.026 0.028 0.028 0.025 0.019 0.020 0.018 0.014 0.015 0.015 0.013 0.009 0.166
25.559 0.461 20.013 124138.524 0.865 16.601 0.768 1.060 1.237 1.279 1.759 2.048 2.111 1.945 2.362 2.522 2.406 2.366 2.296 2.947 3.307 3.338 3.038 3.324 3.280 2.909 2.250 2.248 2.024 1.599 1.699 1.631 1.399 1.029 1.000 5.882 8.118 9.470 9.794 13.470 15.679 16.165 14.893 18.088 19.315 18.424 18.121 17.583 22.568 25.326 25.559 23.263 25.452 25.119 22.276 17.226 17.213 15.497 12.246 13.010 12.487 10.714 7.878 7.658 0.004 0.009 0.011 0.011 0.015 0.018 0.018 0.017 0.020 0.022 0.014 0.362 0.016 0.025 0.028 0.029 0.026 0.029 0.028 0.025 0.019 0.019 0.017 0.014 0.015 0.014 0.012 0.009 0.154
26.578 0.429 19.719 125380.292 0.852 17.418 0.818 1.130 1.321 1.371 1.889 2.204 2.282 2.115 2.576 2.761 2.648 2.607 2.537 3.199 3.553 3.560 3.223 3.483 3.406 2.995 2.294 2.272 2.030 1.591 1.682 1.609 1.379 1.015 1.000 6.108 8.437 9.862 10.235 14.101 16.457 17.033 15.787 19.228 20.610 19.768 19.465 18.938 23.882 26.522 26.578 24.061 26.003 25.425 22.361 17.128 16.964 15.157 11.878 12.555 12.015 10.297 7.579 7.466 0.004 0.009 0.011 0.011 0.015 0.018 0.018 0.017 0.021 0.022 0.014 0.375 0.017 0.026 0.029 0.029 0.026 0.028 0.028 0.024 0.019 0.018 0.016 0.013 0.014 0.013 0.011 0.008 0.145
27.596 0.390 19.352 126065.772 0.836 18.254 0.897 1.240 1.453 1.513 2.082 2.432 2.523 2.348 2.864 3.078 2.965 2.922 2.845 3.526 3.872 3.847 3.457 3.690 3.572 3.111 2.354 2.311 2.048 1.591 1.674 1.597 1.367 1.007 1.000 6.394 8.839 10.354 10.781 14.838 17.331 17.981 16.737 20.413 21.938 21.133 20.824 20.280 25.129 27.596 27.422 24.641 26.302 25.460 22.173 16.776 16.470 14.599 11.338 11.929 11.386 9.745 7.175 7.127 0.004 0.009 0.011 0.011 0.016 0.018 0.019 0.018 0.021 0.023 0.015 0.389 0.018 0.026 0.029 0.029 0.026 0.028 0.027 0.023 0.018 0.017 0.015 0.012 0.013 0.012 0.010 0.008 0.135
28.614 0.350 18.924 126113.191 0.818 19.195 0.990 1.370 1.611 1.687 2.327 2.729 2.849 2.678 3.246 3.481 3.358 3.310 3.222 3.926 4.265 4.203 3.750 3.959 3.800 3.282 2.459 2.390 2.100 1.613 1.687 1.604 1.369 1.007 1.000 6.639 9.192 10.806 11.318 15.611 18.308 19.115 17.970 21.777 23.357 22.531 22.205 21.618 26.340 28.614 28.202 25.161 26.566 25.493 22.022 16.498 16.038 14.087 10.822 11.317 10.759 9.185 6.753 6.709 0.005 0.009 0.011 0.012 0.016 0.019 0.019 0.018 0.022 0.024 0.015 0.404 0.018 0.027 0.029 0.029 0.026 0.027 0.026 0.023 0.017 0.016 0.014 0.011 0.012 0.011 0.009 0.007 0.123
29.633 0.317 18.553 126420.930 0.802 20.151 1.069 1.483 1.750 1.844 2.552 3.008 3.164 3.006 3.614 3.864 3.729 3.675 3.579 4.303 4.634 4.540 4.030 4.215 4.015 3.445 2.560 2.468 2.151 1.637 1.702 1.612 1.372 1.007 1.000 6.836 9.480 11.187 11.791 16.321 19.235 20.229 19.224 23.108 24.706 23.841 23.501 22.882 27.511 29.633 29.028 25.771 26.954 25.675 22.029 16.372 15.780 13.752 10.467 10.882 10.305 8.775 6.441 6.394 0.005 0.009 0.011 0.012 0.016 0.019 0.020 0.019 0.023 0.024 0.016 0.415 0.019 0.027 0.029 0.029 0.026 0.027 0.026 0.022 0.016 0.016 0.014 0.010 0.011 0.010 0.009 0.006 0.114
30.651 0.292 18.230 126261.540 0.788 21.095 1.133 1.573 1.863 1.975 2.743 3.248 3.438 3.299 3.946 4.215 4.076 4.020 3.916 4.654 4.976 4.850 4.289 4.449 4.210 3.590 2.650 2.535 2.194 1.656 1.713 1.616 1.373 1.007 1.000 6.978 9.691 11.475 12.163 16.895 20.006 21.179 20.322 24.308 25.961 25.106 24.759 24.119 28.665 30.651 29.873 26.421 27.402 25.929 22.115 16.322 15.613 13.512 10.202 10.549 9.953 8.456 6.200 6.160 0.004 0.009 0.011 0.012 0.016 0.019 0.020 0.020 0.023 0.025 0.016 0.425 0.019 0.028 0.030 0.029 0.025 0.026 0.025 0.021 0.016 0.015 0.013 0.010 0.010 0.010 0.008 0.006 0.107
31.669 0.270 17.932 125652.003 0.775 22.039 1.186 1.649 1.959 2.088 2.911 3.463 3.689 3.572 4.262 4.555 4.421 4.362 4.252 5.002 5.313 5.155 4.545 4.677 4.398 3.731 2.736 2.599 2.235 1.675 1.723 1.620 1.373 1.006 1.000 7.070 9.832 11.679 12.444 17.350 20.640 21.989 21.291 25.406 27.152 26.350 26.002 25.346 29.813 31.669 30.728 27.090 27.877 26.218 22.239 16.310 15.493 13.322 9.983 10.268 9.655 8.184 5.994 5.961 0.004 0.009 0.011 0.012 0.016 0.019 0.021 0.020 0.024 0.025 0.016 0.434 0.020 0.028 0.030 0.029 0.025 0.026 0.025 0.021 0.015 0.015 0.013 0.009 0.010 0.009 0.008 0.006 0.101
32.688 0.252 17.672 125242.608 0.763 22.994 1.236 1.720 2.050 2.194 3.069 3.666 3.928 3.834 4.564 4.880 4.750 4.690 4.575 5.331 5.630 5.442 4.786 4.890 4.574 3.861 2.817 2.660 2.275 1.695 1.734 1.625 1.374 1.005 1.000 7.173 9.988 11.899 12.737 17.817 21.283 22.803 22.256 26.495 28.330 27.579 27.228 26.558 30.951 32.688 31.594 27.785 28.391 26.555 22.417 16.354 15.441 13.208 9.841 10.068 9.433 7.977 5.835 5.806 0.004 0.009 0.011 0.012 0.016 0.019 0.021 0.020 0.024 0.026 0.017 0.442 0.020 0.028 0.030 0.029 0.025 0.026 0.024 0.020 0.015 0.014 0.012 0.009 0.009 0.009 0.007 0.005 0.095
33.706 0.237 17.444 125013.209 0.754 23.946 1.282 1.786 2.134 2.294 3.218 3.859 4.155 4.085 4.851 5.189 5.066 5.004 4.884 5.645 5.931 5.714 5.016 5.092 4.739 3.984 2.893 2.717 2.313 1.715 1.746 1.630 1.376 1.005 1.000 7.283 10.152 12.127 13.037 18.289 21.927 23.611 23.212 27.569 29.489 28.787 28.435 27.753 32.079 33.706 32.473 28.502 28.937 26.933 22.639 16.439 15.439 13.145 9.745 9.920 9.264 7.817 5.711 5.683 0.004 0.009 0.011 0.012 0.016 0.019 0.021 0.021 0.024 0.026 0.017 0.449 0.020 0.028 0.030 0.029 0.025 0.026 0.024 0.020 0.015 0.014 0.012 0.009 0.009 0.008 0.007 0.005 0.091
34.724 0.224 17.245 124926.354 0.745 24.891 1.324 1.847 2.212 2.387 3.357 4.038 4.368 4.322 5.123 5.481 5.364 5.301 5.177 5.941 6.215 5.971 5.233 5.282 4.894 4.098 2.964 2.770 2.348 1.733 1.756 1.634 1.376 1.004 1.000 7.396 10.321 12.359 13.338 18.759 22.565 24.409 24.151 28.623 30.626 29.972 29.619 28.928 33.196 34.724 33.362 29.242 29.514 27.347 22.898 16.560 15.476 13.120 9.681 9.810 9.133 7.691 5.612 5.587 0.004 0.009 0.011 0.011 0.016 0.019 0.021 0.021 0.025 0.026 0.017 0.455 0.021 0.029 0.030 0.029 0.025 0.025 0.024 0.020 0.014 0.013 0.011 0.008 0.008 0.008 0.007 0.005 0.087
35.743 0.213 17.069 124950.695 0.737 25.826 1.363 1.904 2.284 2.474 3.488 4.208 4.570 4.548 5.380 5.758 5.648 5.584 5.457 6.223 6.484 6.216 5.443 5.465 5.043 4.208 3.032 2.821 2.382 1.750 1.766 1.639 1.378 1.004 1.000 7.512 10.493 12.592 13.638 19.224 23.193 25.192 25.070 29.654 31.738 31.130 30.778 30.082 34.301 35.743 34.264 30.005 30.124 27.798 23.196 16.715 15.550 13.131 9.647 9.735 9.036 7.595 5.536 5.512 0.004 0.009 0.011 0.011 0.016 0.019 0.021 0.021 0.025 0.027 0.017 0.460 0.021 0.029 0.030 0.029 0.025 0.025 0.023 0.020 0.014 0.013 0.011 0.008 0.008 0.008 0.006 0.005 0.083
36.761 0.204 16.924 125161.433 0.731 26.740 1.396 1.952 2.347 2.550 3.602 4.358 4.751 4.753 5.611 6.007 5.904 5.840 5.713 6.478 6.729 6.441 5.640 5.637 5.185 4.316 3.104 2.876 2.419 1.770 1.779 1.646 1.381 1.005 1.000 7.627 10.662 12.822 13.932 19.678 23.805 25.953 25.964 30.653 32.814 32.252 31.902 31.207 35.390 36.761 35.186 30.809 30.794 28.325 23.579 16.956 15.710 13.216 9.671 9.718 8.994 7.544 5.492 5.463 0.004 0.009 0.010 0.011 0.016 0.019 0.021 0.021 0.025 0.027 0.018 0.464 0.021 0.029 0.030 0.029 0.025 0.025 0.023 0.019 0.014 0.013 0.011 0.008 0.008 0.007 0.006 0.005 0.081
37.780 0.197 16.802 125397.378 0.726 27.675 1.425 1.994 2.403 2.619 3.706 4.494 4.916 4.942 5.823 6.234 6.138 6.074 5.945 6.706 6.946 6.641 5.819 5.797 5.323 4.430 3.192 2.942 2.465 1.795 1.795 1.655 1.385 1.007 1.000 7.752 10.847 13.069 14.244 20.154 24.441 26.738 26.878 31.671 33.906 33.386 33.035 32.332 36.474 37.780 36.121 31.648 31.527 28.949 24.093 17.359 16.003 13.404 9.761 9.760 9.002 7.533 5.476 5.439 0.004 0.009 0.010 0.011 0.016 0.019 0.021 0.021 0.025 0.027 0.018 0.468 0.021 0.029 0.030 0.029 0.025 0.025 0.023 0.019 0.014 0.013 0.011 0.008 0.008 0.007 0.006 0.004 0.078
38.798 0.190 16.697 125717.081 0.721 28.602 1.451 2.032 2.452 2.680 3.798 4.617 5.067 5.116 6.017 6.442 6.354 6.289 6.158 6.914 7.144 6.825 5.985 5.944 5.451 4.537 3.277 3.007 2.508 1.818 1.810 1.664 1.389 1.009 1.000 7.880 11.033 13.318 14.557 20.629 25.074 27.517 27.785 32.679 34.986 34.506 34.155 33.447 37.552 38.798 37.064 32.502 32.284 29.602 24.640 17.799 16.332 13.623 9.876 9.830 9.038 7.546 5.477 5.431 0.004 0.009 0.010 0.011 0.016 0.019 0.021 0.021 0.025 0.027 0.018 0.471 0.022 0.029 0.030 0.029 0.025 0.025 0.023 0.019 0.014 0.013 0.011 0.008 0.008 0.007 0.006 0.004 0.076
39.816 0.184 16.610 126119.009 0.718 29.525 1.472 2.063 2.494 2.733 3.879 4.724 5.200 5.272 6.190 6.627 6.546 6.481 6.350 7.098 7.317 6.985 6.132 6.076 5.565 4.635 3.359 3.069 2.552 1.843 1.827 1.674 1.395 1.011 1.000 8.010 11.224 13.571 14.873 21.108 25.709 28.297 28.690 33.684 36.062 35.621 35.270 34.555 38.626 39.816 38.013 33.370 33.062 30.283 25.222 18.277 16.703 13.886 10.031 9.940 9.110 7.589 5.500 5.442 0.004 0.008 0.010 0.011 0.016 0.019 0.021 0.022 0.025 0.027 0.018 0.473 0.022 0.029 0.030 0.029 0.025 0.025 0.023 0.019 0.014 0.013 0.011 0.008 0.008 0.007 0.006 0.004 0.074
40.835 0.180 16.534 126568.347 0.714 30.447 1.490 2.089 2.530 2.779 3.950 4.820 5.319 5.414 6.346 6.793 6.720 6.655 6.523 7.262 7.470 7.129 6.265 6.193 5.668 4.725 3.436 3.129 2.593 1.869 1.843 1.684 1.400 1.013 1.000 8.143 11.419 13.828 15.192 21.590 26.346 29.077 29.593 34.686 37.133 36.730 36.379 35.658 39.696 40.835 38.966 34.247 33.854 30.984 25.827 18.781 17.101 14.176 10.214 10.076 9.205 7.651 5.537 5.466 0.004 0.008 0.010 0.011 0.016 0.019 0.021 0.022 0.025 0.027 0.018 0.475 0.022 0.029 0.030 0.029 0.025 0.025 0.023 0.019 0.014 0.013 0.010 0.008 0.007 0.007 0.006 0.004 0.072
41.853 0.175 16.468 127066.118 0.711 31.362 1.505 2.111 2.560 2.820 4.012 4.904 5.426 5.542 6.486 6.943 6.877 6.813 6.681 7.409 7.608 7.257 6.386 6.300 5.762 4.808 3.509 3.184 2.633 1.892 1.859 1.693 1.405 1.015 1.000 8.278 11.615 14.086 15.512 22.071 26.981 29.853 30.492 35.682 38.197 37.833 37.481 36.754 40.763 41.853 39.924 35.132 34.659 31.701 26.450 19.304 17.519 14.484 10.411 10.228 9.316 7.727 5.584 5.501 0.004 0.008 0.010 0.011 0.016 0.019 0.021 0.022 0.025 0.027 0.018 0.477 0.022 0.029 0.030 0.029 0.025 0.025 0.023 0.019 0.014 0.013 0.010 0.007 0.007 0.007 0.006 0.004 0.071
42.871 0.172 16.411 127605.841 0.709 32.271 1.517 2.130 2.587 2.855 4.066 4.979 5.522 5.659 6.612 7.078 7.019 6.955 6.824 7.541 7.730 7.371 6.495 6.396 5.847 4.884 3.578 3.237 2.670 1.915 1.874 1.702 1.409 1.017 1.000 8.414 11.813 14.346 15.833 22.552 27.615 30.627 31.386 36.672 39.255 38.928 38.576 37.845 41.826 42.871 40.885 36.025 35.474 32.431 27.088 19.843 17.953 14.806 10.620 10.393 9.440 7.814 5.639 5.546 0.004 0.008 0.010 0.011 0.016 0.019 0.021 0.022 0.026 0.027 0.018 0.479 0.022 0.029 0.030 0.029 0.025 0.025 0.023 0.019 0.014 0.013 0.010 0.007 0.007 0.007 0.005 0.004 0.070
43.890 0.169 16.362 128185.040 0.707 33.173 1.527 2.145 2.608 2.885 4.113 5.044 5.606 5.763 6.724 7.197 7.146 7.083 6.952 7.658 7.837 7.473 6.593 6.482 5.923 4.953 3.642 3.286 2.704 1.936 1.887 1.710 1.413 1.018 1.000 8.551 12.011 14.607 16.154 23.032 28.247 31.398 32.275 37.657 40.307 40.017 39.666 38.931 42.886 43.890 41.849 36.923 36.299 33.172 27.739 20.396 18.400 15.141 10.841 10.569 9.574 7.910 5.701 5.600 0.004 0.008 0.010 0.011 0.016 0.019 0.021 0.022 0.026 0.027 0.018 0.481 0.022 0.029 0.030 0.028 0.025 0.025 0.023 0.019 0.014 0.013 0.010 0.007 0.007 0.007 0.005 0.004 0.069
44.908 0.166 16.320 128810.358 0.705 34.066 1.534 2.155 2.624 2.908 4.150 5.097 5.677 5.853 6.820 7.299 7.255 7.193 7.062 7.757 7.927 7.558 6.677 6.555 5.988 5.014 3.700 3.329 2.734 1.954 1.899 1.716 1.415 1.019 1.000 8.688 12.211 14.867 16.474 23.511 28.876 32.164 33.159 38.635 41.352 41.099 40.748 40.010 43.943 44.908 42.816 37.829 37.133 33.926 28.405 20.964 18.862 15.490 11.073 10.758 9.721 8.018 5.772 5.665 0.004 0.008 0.010 0.011 0.016 0.019 0.021 0.022 0.026 0.027 0.018 0.482 0.022 0.029 0.030 0.028 0.025 0.025 0.023 0.019 0.014 0.013 0.010 0.007 0.007 0.006 0.005 0.004 0.068
45.927 0.164 16.285 129471.321 0.704 34.951 1.538 2.163 2.636 2.926 4.180 5.141 5.738 5.931 6.902 7.387 7.349 7.288 7.159 7.841 8.003 7.630 6.750 6.617 6.045 5.067 3.754 3.369 2.762 1.971 1.909 1.721 1.417 1.019 1.000 8.825 12.410 15.128 16.795 23.989 29.503 32.927 34.038 39.608 42.391 42.175 41.825 41.086 44.998 45.927 43.786 38.739 37.975 34.689 29.080 21.542 19.334 15.848 11.313 10.955 9.876 8.132 5.849 5.739 0.004 0.008 0.010 0.011 0.016 0.019 0.021 0.022 0.026 0.027 0.018 0.483 0.022 0.029 0.030 0.028 0.025 0.025 0.023 0.019 0.014 0.013 0.010 0.007 0.007 0.006 0.005 0.004 0.067
46.945 0.162 16.257 130136.962 0.702 35.830 1.543 2.170 2.649 2.947 4.207 5.177 5.787 5.996 6.968 7.457 7.427 7.367 7.240 7.909 8.063 7.688 6.812 6.669 6.091 5.113 3.802 3.404 2.786 1.986 1.917 1.725 1.418 1.019 1.000 8.981 12.636 15.423 17.156 24.493 30.142 33.690 34.908 40.566 43.415 43.239 42.891 42.153 46.048 46.945 44.760 39.657 38.826 35.463 29.768 22.133 19.818 16.218 11.562 11.163 10.041 8.256 5.933 5.822 0.004 0.008 0.010 0.011 0.015 0.019 0.021 0.022 0.026 0.027 0.018 0.484 0.022 0.029 0.030 0.028 0.025 0.025 0.023 0.019 0.014 0.013 0.010 0.007 0.007 0.006 0.005 0.004 0.067
47.963 0.161 16.251 130864.576 0.702 36.694 1.565 2.203 2.693 3.003 4.258 5.225 5.836 6.051 7.014 7.500 7.475 7.417 7.293 7.949 8.096 7.721 6.851 6.701 6.121 5.146 3.841 3.432 2.804 1.997 1.923 1.726 1.417 1.018 1.000 9.270 13.052 15.957 17.792 25.225 30.956 34.572 35.845 41.550 44.435 44.285 43.939 43.205 47.091 47.963 45.742 40.589 39.698 36.263 30.484 22.753 20.331 16.612 11.832 11.391 10.226 8.397 6.031 5.924 0.004 0.008 0.010 0.011 0.016 0.019 0.021 0.022 0.026 0.027 0.018 0.484 0.022 0.029 0.030 0.028 0.025 0.025 0.022 0.019 0.014 0.013 0.010 0.007 0.007 0.006 0.005 0.004 0.066
48.982 0.161 16.253 131660.762 0.702 37.550 1.588 2.238 2.740 3.062 4.309 5.271 5.879 6.098 7.049 7.531 7.509 7.452 7.330 7.973 8.113 7.739 6.878 6.720 6.139 5.169 3.872 3.453 2.818 2.005 1.926 1.725 1.415 1.016 1.000 9.589 13.510 16.541 18.486 26.013 31.820 35.496 36.816 42.556 45.466 45.333 44.989 44.257 48.133 48.982 46.724 41.523 40.573 37.066 31.204 23.378 20.849 17.012 12.107 11.625 10.417 8.544 6.134 6.037 0.004 0.008 0.010 0.011 0.016 0.019 0.021 0.022 0.026 0.027 0.018 0.484 0.022 0.029 0.030 0.028 0.025 0.025 0.022 0.019 0.014 0.013 0.010 0.007 0.007 0.006 0.005 0.004 0.066
50.000 0.160 16.258 132491.452 0.702 38.397 1.609 2.268 2.781 3.115 4.352 5.307 5.914 6.136 7.074 7.550 7.531 7.475 7.357 7.985 8.119 7.746 6.894 6.730 6.150 5.184 3.898 3.470 2.828 2.011 1.926 1.723 1.412 1.013 1.000 9.908 13.968 17.127 19.183 26.803 32.685 36.422 37.787 43.563 46.496 46.379 46.036 45.307 49.175 50.000 47.707 42.459 41.450 37.873 31.929 24.008 21.371 17.417 12.386 11.864 10.613 8.696 6.241 6.159 0.004 0.008 0.010 0.011 0.016 0.019 0.021 0.022 0.026 0.027 0.018 0.484 0.022 0.029 0.030 0.028 0.025 0.025 0.022 0.019 0.014 0.013 0.010 0.007 0.007 0.006 0.005 0.004 0.066
