1.34 2.23 3.75 5.05 5.91 9.74 9.94 8.74 10.94 12.58
2.17 3.45 5.11 6.47 9.37 11.46 11.40 13.27 15.29 16.91
0.61 2.00 3.84 4.36 5.80 6.47 7.20 8.08 9.05 10.57
1.34 2.97 4.76 6.69 9.25 9.77 11.07 13.04 14.41 15.14
1.17 3.49 5.18 6.61 7.81 10.55 12.25 14.37 15.95 17.09
1.13 2.58 4.21 5.85 7.73 7.60 11.36 14.11 13.51 12.75
1.65 2.96 5.30 6.55 7.76 10.18 11.11 13.23 16.22 17.94
2.85 5.60 6.64 7.98 10.79 13.56 21.54 19.96 22.50 38.21
1.67 2.61 3.76 4.82 7.01 7.52 10.26 11.97 15.01 15.68
1.42 2.70 4.30 6.23 7.68 9.90 12.32 11.14 11.21 15.08
1.74 3.55 5.60 7.62 10.26 12.57 15.15 17.45 21.46 22.77
1.66 3.35 4.90 7.28 8.71 11.31 13.16 17.52 23.68 24.48
2.17 4.14 6.25 7.89 10.95 12.71 14.28 17.69 20.10 22.13
1.81 3.16 6.18 7.26 8.01 9.87 10.31 13.75 14.70 16.89
0.77 1.58 2.98 4.79 8.28 7.90 10.35 9.18 10.43 10.05
0.58 1.44 3.25 4.40 5.82 7.82 9.68 11.89 13.26 11.62
0.66 2.33 4.83 6.59 7.60 9.35 10.13 12.11 14.12 15.33
1.15 3.06 5.04 6.45 10.65 11.29 12.33 12.93 15.99 19.48
5.05 7.97 13.35 16.31 20.11 24.34 26.45 28.59 36.53 36.82
2.97 4.33 5.56 7.19 10.32 14.00 22.96 18.50 19.38 24.55
1.79 3.67 4.25 6.05 10.23 12.41 13.57 15.34 14.84 16.65
1.62 3.04 4.80 6.10 10.24 9.30 13.19 13.23 13.42 15.31
0.80 1.66 2.50 3.68 6.29 7.92 9.64 10.73 9.29 10.42
1.19 2.34 4.61 5.19 8.75 10.10 12.17 9.76 11.40 11.58
0.86 2.20 3.49 4.22 6.80 9.11 9.66 10.70 12.31 13.18
0.40 1.80 2.90 3.65 5.03 7.55 8.99 9.80 10.58 10.60
3.61 6.05 8.54 10.35 12.23 19.20 21.99 25.12 29.37 30.77
2.30 4.17 5.38 7.96 10.85 11.52 14.34 18.38 19.65 20.89
2.31 3.86 6.30 8.93 12.31 13.52 15.94 18.07 20.39 23.85
3.38 4.68 6.30 7.50 9.94 11.80 14.86 19.21 19.96 25.40
2.23 6.09 9.51 8.58 12.70 13.26 12.29 13.85 17.70 18.28
1.19 2.98 5.07 6.03 6.18 8.34 10.89 12.62 13.57 16.40
2.18 3.99 5.44 6.80 9.05 11.11 13.37 15.71 14.65 18.93
1.97 3.82 4.83 6.61 8.78 11.16 13.20 14.68 16.72 20.04
0.65 1.58 3.47 5.13 8.07 12.39 15.57 16.82 16.87 15.56
2.10 4.41 6.68 8.75 9.66 12.55 14.93 16.19 17.32 17.20
1.00 2.24 3.34 5.71 7.07 8.61 9.06 13.35 15.62 17.90
1.60 3.97 5.43 6.32 9.48 11.73 14.13 14.42 14.08 15.02
1.58 3.79 6.10 7.80 9.50 10.75 11.67 11.96 13.90 15.86
0.63 1.83 3.41 4.59 6.42 7.22 9.03 10.43 10.99 11.58
2.51 4.44 6.91 8.85 12.03 16.95 20.61 27.60 100.00 100.00
1.99 4.79 7.09 8.23 11.36 12.98 15.17 18.32 100.00 100.00
1.52 3.39 4.28 5.59 7.61 10.37 13.01 15.30 17.45 18.09
1.61 3.74 6.34 7.87 9.42 12.43 12.53 14.27 16.61 17.54
