# M01 3D pushover in Y: mass-proportional load, control node 1002
# control displacement (mm), base shear (N)
0 0
0.0500002 2433.59
0.1 4805.35
0.15 5042.37
0.2 5271.83
0.25 5501.24
0.3 5730.65
0.35 5960.06
0.4 6189.47
0.45 6418.89
0.5 6648.3
0.55 6877.71
0.6 7107.12
0.65 7336.53
0.7 7565.94
0.75 7795.35
0.8 8024.77
0.85 8254.18
0.9 8483.59
0.95 8713
1 8942.41
1.05 9171.82
1.1 9401.23
1.15 9630.65
1.2 9860.06
1.25 10089.5
1.3 10318.9
1.35 10548.3
1.4 10777.7
1.45 11007.1
1.5 11236.5
1.55 11465.9
1.6 11695.3
1.65 11924.8
1.7 12154.2
1.75 12383.6
1.8 12613
1.85 12842.4
1.9 13071.8
1.95 13301.2
2 13530.6
2.05 13760.1
2.1 13989.5
2.15 14218.9
2.2 14448.3
2.25 14677.7
2.3 14907.1
2.35 15136.5
2.4 15365.9
2.45 15595.3
2.5 15824.8
2.55 16054.2
2.6 16283.6
2.65 16513
2.7 16742.4
2.75 16971.8
2.8 17201.2
2.85 17430.6
2.9 17660
2.95 17889.5
3 18118.9
3.05 18348.3
3.1 18577.7
3.15 18807.1
3.2 19036.5
3.25 19265.9
3.3 19495.3
3.35 19724.7
3.4 19954.2
3.45 20183.6
3.5 20413
3.55 20642.4
3.6 20871.8
3.65 21101.2
3.7 21330.6
3.75 21560
3.8 21789.5
3.85 22018.9
3.9 22248.3
3.95 22477.7
4 22707.1
4.05 22936.5
4.1 23165.9
4.15 23395.3
4.2 23624.7
4.25 23854.2
4.3 24083.6
4.35 24313
4.4 24542.4
4.45 24771.8
4.5 25001.2
4.55 25230.6
4.6 25460
4.65 25689.4
4.7 25918.9
4.75 26148.3
4.8 26377.7
4.85 26607.1
4.9 26836.5
4.95 27065.9
5 27295.3
5.05 27524.7
5.1 27754.1
5.15 27983.6
5.2 28213
5.25 28442.4
5.3 28671.8
5.35 28901.2
5.4 29130.6
5.45 29360
5.5 29589.4
5.55 29818.9
5.6 30048.3
5.65 30277.7
5.7 30507.1
5.75 30736.5
5.8 30965.9
5.85 31195.3
5.9 31424.7
5.95 31654.1
6 31883.6
6.05 32113
6.1 32342.4
6.15 32571.8
6.2 32801.2
6.25 33030.6
6.3 33260
6.35 33489.4
6.4 33718.8
6.45 33948.3
6.5 34177.7
6.55 34407.1
6.6 34636.5
6.65 34865.9
6.7 35095.3
6.75 35324.7
6.8 35554.1
6.85 35783.6
6.9 36013
6.95 36242.4
7 36471.8
7.05 36701.2
7.1 36930.6
7.15 37160
7.2 37389.4
7.25 37618.8
7.3 37848.3
7.35 38077.7
7.4 38307.3
7.45 38537.3
7.5 38767.2
7.55 38997.1
7.6 39227
7.65 39456.9
7.7 39686.9
7.75 39916.8
7.8 40146.7
7.85 40376.6
7.9 40606.5
7.95 40836.5
8 41066.4
8.05 41296.3
8.1 41526.2
8.15 41756.1
8.2 41986.1
8.25 42216
8.3 42445.9
8.35 42675.8
8.4 42905.7
8.45 43135.7
8.5 43365.6
8.55 43595.5
8.6 43825.4
8.65 44055.3
8.7 44285.3
8.75 44515.2
8.8 44745.1
8.85 44975
8.9 45204.9
8.95 45434.9
9 45664.8
9.05 45894.7
9.1 46124.6
9.15 46354.5
9.2 46584.5
9.25 46813.8
9.3 47041.1
9.35 47268.3
9.4 47495.5
9.45 47722.1
9.5 47948.6
9.55 48168.7
9.6 48388
9.65 48606.9
9.7 48824.7
9.75 49042.6
9.8 49260.5
9.85 49478.3
9.9 49696.2
9.95 49914.1
10 50131.9
10.05 50349.6
10.1 50567
10.15 50784.5
10.2 51001.9
10.25 51219.3
10.3 51436.8
10.35 51654.2
10.4 51871.6
10.45 52089.1
10.5 52306.5
10.55 52523.9
10.6 52741.4
10.65 52958.8
10.7 53176.2
10.75 53393.6
10.8 53611.1
10.85 53828.5
10.9 54045.9
10.95 54263.4
11 54480.8
11.05 54698.2
11.1 54915.7
11.15 55133.1
11.2 55350.5
11.25 55568
11.3 55785.4
11.35 56002.8
11.4 56220.2
11.45 56437.7
11.5 56655.1
11.55 56872.5
11.6 57090
11.65 57307.4
11.7 57524.8
11.75 57742.3
11.8 57959.7
11.85 58177.1
11.9 58394.6
11.95 58612
12 58829.4
12.05 58943
12.1 59048.9
12.15 59154.9
12.2 59260.8
12.25 59366.8
12.3 59472.7
12.35 59578.7
12.4 59684.6
12.45 59790.6
12.5 59896.5
12.55 60002.4
12.6 60108.4
12.65 60214.3
12.7 60320.3
12.75 60426.2
12.8 60532.2
12.85 60638.1
12.9 60744.1
12.95 60850
13 60956
13.05 61061.9
13.1 61167.9
13.15 61273.8
13.2 61379.8
13.25 61485.7
13.3 61591.7
13.35 61697.6
13.4 61803.6
13.45 61909.5
13.5 62015.5
13.55 62121.4
13.6 62227.4
13.65 62333.3
13.7 62439.2
13.75 62545.2
13.8 62651.1
13.85 62757.1
13.9 62863
13.95 62969
14 63074.9
14.05 63180.9
14.1 63286.8
14.15 63392.8
14.2 63498.7
14.25 63604.7
14.3 63710.6
14.35 63816.6
14.4 63922.5
14.45 64028.5
14.5 64134.4
14.55 64240.4
14.6 64346.3
14.65 64452.3
14.7 64558.2
14.75 64664.2
14.8 64770.1
14.85 64876.1
14.9 64982
14.95 65087.9
15 65193.9
15.05 65299.8
15.1 65405.8
15.15 65511.7
15.2 65617.7
15.25 65723.6
15.3 65829.6
15.35 65935.5
15.4 66041.5
15.45 66147.4
15.5 66253.4
15.55 66359.3
15.6 66465.3
15.65 66571.2
15.7 66677.2
15.75 66783.1
15.8 66889.1
15.85 66995
15.9 67101
15.95 67206.9
16 67312.9
16.05 67418.8
16.1 67524.7
16.15 67630.7
16.2 67736.6
16.25 67842.6
16.3 67948.5
16.35 68054.5
16.4 68160.4
16.45 68266.4
16.5 68372.3
16.55 68478.3
16.6 68584.2
16.65 68690.2
16.7 68796.1
16.75 68902.1
16.8 69008
16.85 69114
16.9 69204.5
16.95 69285.4
17 69356.3
17.05 69425.6
17.1 69494.8
17.15 69564
17.2 69633.2
17.25 69702.4
17.3 69771.6
17.35 69840.9
17.4 69910.1
17.45 69979.3
17.5 70048.5
17.55 70117.7
17.6 70186.9
17.65 70256.1
17.7 70325.4
17.75 70394.6
17.8 70463.8
17.85 70533
17.9 70602.2
17.95 70669.4
18 70734.4
18.05 70799.4
18.1 70864.3
18.15 70921.6
18.2 70972.5
18.25 71023.4
18.3 71074.3
18.35 71125.2
18.4 71176.1
18.45 71227
18.5 71277.9
18.55 71328.8
18.6 71379.8
18.65 71430.7
18.7 71481.6
18.75 71532.5
18.8 71583.4
18.85 71634.4
18.9 71685.4
18.95 71736.4
19 71787.4
19.05 71838.3
19.1 71889.3
19.15 71940.3
19.2 71991.3
19.25 72042.3
19.3 72093.3
19.35 72144.1
19.4 72178
19.45 72212
19.5 72245.9
19.55 72279.8
19.6 72313.7
19.65 72347.6
19.7 72381.6
19.75 72415.5
19.8 72449.4
19.85 72483.3
19.9 72517.2
19.95 72551.1
20 72585.1
20.05 72619
20.1 72652.9
20.15 72686.8
20.2 72720.7
20.25 72754.7
20.3 72788.6
20.35 72822.5
20.4 72856.4
20.45 72890.3
20.5 72924.2
20.55 72958.2
20.6 72992.1
20.65 73026
20.7 73059.9
20.75 73093.8
20.8 73127.8
20.85 73161.7
20.9 73195.6
20.95 73229.5
21 73263.4
21.05 73297.3
21.1 73331.3
21.15 73365.2
21.2 73399.1
21.25 73433
21.3 73466.9
21.35 73500.9
21.4 73534.8
21.45 73568.7
21.5 73602.6
21.55 73636.5
21.6 73670.4
21.65 73704.4
21.7 73738.3
21.75 73772.2
21.8 73806.1
21.85 73840
21.9 73874
21.95 73907.9
22 73941.8
22.05 73975.7
22.1 74009.6
22.15 74043.5
22.2 74077.5
22.25 74111.4
22.3 74145.3
22.35 74179.2
22.4 74213.1
22.45 74247.1
22.5 74281
22.55 74314.9
22.6 74348.8
22.65 74382.7
22.7 74416.6
22.75 74450.6
22.8 74484.5
22.85 74518.4
22.9 74552.3
22.95 74586.2
23 74620.2
23.05 74654.1
23.1 74688
23.15 74721.9
23.2 74755.8
23.25 74789.7
23.3 74823.7
23.35 74857.6
23.4 74891.5
23.45 74925.4
23.5 74959.3
23.55 74993.3
23.6 75027.2
23.65 75061.1
23.7 75095
23.75 75128.9
23.8 75162.8
23.85 75196.8
23.9 75230.7
23.95 75264.6
24 75298.5
24.05 75310.5
24.1 75318.2
24.15 75325.8
24.2 75333.5
24.25 75341.1
24.3 75348.7
24.35 75356.4
24.4 75364
24.45 75371.7
24.5 75379.3
24.55 75387
24.6 75394.6
24.65 75402.2
24.7 75409.9
24.75 75417.5
24.8 75425.2
24.85 75432.8
24.9 75440.4
24.95 75448.1
25 75455.7
25.05 75463.4
25.1 75471
25.15 75478.6
25.2 75486.3
25.25 75493.9
25.3 75501.6
25.35 75509.2
25.4 75516.9
25.45 75524.5
25.5 75532.1
25.55 75539.8
25.6 75547.4
25.65 75555.1
25.7 75562.7
25.75 75570.3
25.8 75578
25.85 75585.6
25.9 75593.3
25.95 75600.9
26 75608.6
26.05 75616.2
26.1 75623.8
26.15 75631.5
26.2 75639.1
26.25 75646.8
26.3 75654.4
26.35 75662
26.4 75669.7
26.45 75677.3
26.5 75685
26.55 75692.6
26.6 75700.2
26.65 75707.9
26.7 75715.5
26.75 75723.2
26.8 75730.8
26.85 75738.5
26.9 75746.1
26.95 75753.7
27 75761.4
27.05 75769
27.1 75776.7
27.15 75784.3
27.2 75791.9
27.25 75799.6
27.3 75807.2
27.35 75814.9
27.4 75822.5
27.45 75830.1
27.5 75837.8
27.55 75845.4
27.6 75853.1
27.65 75860.7
27.7 75868.4
27.75 75876
27.8 75883.6
27.85 75891.3
27.9 75898.9
27.95 75906.6
28 75914.2
28.05 75921.8
28.1 75929.5
28.15 75937.1
28.2 75944.8
28.25 75952.4
28.3 75960.1
28.35 30279.5
28.4 30533.7
28.45 30539.8
28.5 30545.9
28.55 30552
28.6 30558.1
28.65 30564.1
28.7 30570.2
28.75 30576.3
28.8 30582.4
28.85 30588.5
28.9 30594.6
28.95 30600.7
29 30606.7
29.05 30612.8
29.1 30618.9
29.15 30625
29.2 30631.1
29.25 30637.2
29.3 30643.3
29.35 30649.3
29.4 30655.4
29.45 30661.5
29.5 30667.6
29.55 30673.7
29.6 30679.8
29.65 30685.9
29.7 30691.9
29.75 30698
29.8 30704.1
29.85 30710.2
29.9 30716.3
29.95 30722.4
30 30728.4
30.05 30734.5
30.1 30740.6
30.15 30746.7
30.2 30752.8
30.25 30758.9
30.3 30765
30.35 30771
30.4 30777.1
30.45 30783.2
30.5 30789.3
30.55 30795.4
30.6 30801.5
30.65 30807.6
30.7 30813.6
30.75 30819.7
30.8 30825.8
30.85 30831.9
30.9 30838
30.95 30844.1
31 30850.2
31.05 30856.2
31.1 30862.3
31.15 30868.4
31.2 30874.5
31.25 30880.6
31.3 30886.7
31.35 30892.7
31.4 30898.8
31.45 30904.9
31.5 30911
31.55 30917.1
31.6 30923.2
31.65 30929.3
31.7 30935.3
31.75 30941.4
31.8 30947.5
31.85 30953.6
31.9 30959.7
31.95 30965.8
32 30971.9
32.05 30977.9
32.1 30984
32.15 30990.1
32.2 30996.2
32.25 31002.3
32.3 31008.4
32.35 31014.5
32.4 31020.5
32.45 31026.6
32.5 31032.7
32.55 31038.8
32.6 31044.9
32.65 31051
32.7 31057.1
32.75 31063.1
32.8 31069.2
32.85 31075.3
32.9 31081.4
32.95 31087.5
33 31093.6
33.05 31099.6
33.1 31105.7
33.15 31111.8
33.2 31117.9
33.25 31124
33.3 31130.1
33.35 31136.2
33.4 31142.2
33.45 31148.3
33.5 31154.4
33.55 31160.5
33.6 31166.6
33.65 31172.7
33.7 31178.8
33.75 31184.8
33.8 31190.9
33.85 31197
33.9 31203.1
33.95 31209.2
34 31215.3
34.05 31221.4
34.1 31227.4
34.15 31233.5
34.2 31239.6
34.25 31245.7
34.3 31251.8
34.35 31257.9
34.4 31263.9
34.45 31270
34.5 31276.1
34.55 31282.2
34.6 31288.3
34.65 31294.4
34.7 31300.5
34.75 31306.5
34.8 31312.6
34.85 31318.7
34.9 31324.8
34.95 31330.9
35 31337
35.05 31343.1
35.1 31349.1
35.15 31355.2
35.2 31361.3
35.25 31367.4
35.3 31373.5
35.35 31379.6
35.4 31385.7
35.45 31391.7
35.5 31397.8
35.55 31403.9
35.6 31410
35.65 31416.1
35.7 31422.2
35.75 31428.3
35.8 31434.3
35.85 31440.4
35.9 31446.5
35.95 31452.6
36 31458.7
36.05 31464.8
36.1 31470.8
36.15 31476.9
36.2 31483
36.25 31489.1
36.3 31495.2
36.35 31501.3
36.4 31507.4
36.45 31513.4
36.5 31519.5
36.55 31525.6
36.6 31531.7
36.65 31537.8
36.7 31543.9
36.75 31550
36.8 31556
36.85 31562.1
36.9 31568.2
36.95 31574.3
37 31580.4
37.05 31586.5
37.1 31592.6
37.15 31598.6
37.2 31604.7
37.25 31610.8
37.3 31616.9
37.35 31623
37.4 31629.1
37.45 31635.1
37.5 31641.2
37.55 31647.3
37.6 31653.4
37.65 31659.5
37.7 31665.6
37.75 31671.7
37.8 31677.7
37.85 31683.8
37.9 31689.9
37.95 31696
38 31702.1
38.05 31708.2
38.1 31714.3
38.15 31720.3
38.2 31726.4
38.25 31732.5
38.3 31738.6
38.35 31744.7
38.4 31750.8
38.45 31756.9
38.5 31762.9
38.55 31769
38.6 31775.1
38.65 31781.2
38.7 31787.3
38.75 31793.4
38.8 31799.4
38.85 31805.5
38.9 31811.6
38.95 31817.7
39 31823.8
39.05 31829.9
39.1 31836
39.15 31842
39.2 31848.1
39.25 31854.2
39.3 31860.3
39.35 31866.4
39.4 31872.5
39.45 31878.6
39.5 31884.6
39.55 31890.7
39.6 31896.8
39.65 31902.9
39.7 31909
39.75 31915.1
39.8 31921.2
39.85 31927.2
39.9 31933.3
39.95 31939.4
40 31945.5
40.05 31951.6
40.1 31957.7
40.15 31963.8
40.2 31969.8
40.25 31975.9
40.3 31982
40.35 31988.1
40.4 31994.2
40.45 32000.3
40.5 32006.3
40.55 32012.4
40.6 32018.5
40.65 32024.6
40.7 32030.7
40.75 32036.8
40.8 32042.9
40.85 32048.9
40.9 32055
40.95 32061.1
41 32067.2
41.05 32073.3
41.1 32079.4
41.15 32085.5
41.2 32091.5
41.25 32097.6
41.3 32103.7
41.35 32109.8
41.4 32115.9
41.45 32122
41.5 32128.1
41.55 32134.1
41.6 32140.2
41.65 32146.3
41.7 32152.4
41.75 32158.5
41.8 32164.6
41.85 32170.6
41.9 32176.7
41.95 32182.8
42 32188.9
42.05 32195
42.1 32201.1
42.15 32207.2
42.2 32213.2
42.25 32219.3
42.3 32225.4
42.35 32231.5
42.4 32237.6
42.45 32243.7
42.5 32249.8
42.55 32255.8
42.6 32261.9
42.65 32268
42.7 32274.1
42.75 32280.2
42.8 32286.3
42.85 32292.4
42.9 32298.4
42.95 32304.5
43 32310.6
43.05 32316.7
43.1 32322.8
43.15 32328.9
43.2 32335
43.25 32341
43.3 32347.1
43.35 32353.2
43.4 32359.3
43.45 32365.4
43.5 32371.5
43.55 32377.5
43.6 32383.6
43.65 32389.7
43.7 32395.8
43.75 32401.9
43.8 32408
43.85 32414.1
43.9 32420.1
43.95 32426.2
44 32432.3
44.05 32438.4
44.1 32444.5
44.15 32450.6
44.2 32456.7
44.25 32462.7
44.3 32468.8
44.35 32474.9
44.4 32481
44.45 32487.1
44.5 32493.2
44.55 32499.3
44.6 32505.3
44.65 32511.4
44.7 32517.5
44.75 32523.6
44.8 32529.7
44.85 32535.8
44.9 32541.8
44.95 32547.9
45 32554
45.05 32560.1
45.1 32566.2
45.15 32572.3
45.2 32578.4
45.25 32584.4
45.3 32590.5
45.35 32596.6
45.4 32602.7
45.45 32608.8
45.5 32614.9
45.55 32621
45.6 32627
45.65 32633.1
45.7 32639.2
45.75 32645.3
45.8 32651.4
45.85 32657.5
45.9 32663.6
45.95 32669.6
46 32675.7
46.05 32681.8
46.1 32687.9
46.15 32694
46.2 32700.1
46.25 32706.1
46.3 32712.2
46.35 32718.3
46.4 32724.4
46.45 32730.5
46.5 32736.6
46.55 32742.7
46.6 32748.7
46.65 32754.8
46.7 32760.9
46.75 32767
46.8 32773.1
46.85 32779.2
46.9 32785.3
46.95 32791.3
47 32797.4
47.05 32803.5
47.1 32809.6
47.15 32815.7
47.2 32821.8
47.25 32827.9
47.3 32833.9
47.35 32840
47.4 32846.1
47.45 32852.2
47.5 32858.3
47.55 32864.4
47.6 32870.5
47.65 32876.5
47.7 32882.6
47.75 32888.7
47.8 32894.8
47.85 32900.9
47.9 32907
47.95 32913
48 32919.1
48.05 32925.2
48.1 32931.3
48.15 32937.4
48.2 32943.5
48.25 32949.6
48.3 32955.6
48.35 32961.7
48.4 32967.8
48.45 32973.9
48.5 32980
48.55 32986.1
48.6 32992.2
48.65 32998.2
48.7 33004.3
48.75 33010.4
48.8 33016.5
48.85 33022.6
48.9 33028.7
48.95 33034.8
49 33040.8
49.05 33046.9
49.1 33053
49.15 33059.1
49.2 33065.2
49.25 33071.3
49.3 33077.3
49.35 33083.4
49.4 33089.5
49.45 33095.6
49.5 33101.7
49.55 33107.8
49.6 33113.9
49.65 33119.9
49.7 33126
49.75 33132.1
49.8 33138.2
49.85 33144.3
49.9 33150.4
49.95 33156.5
50 33162.5
50.05 33168.6
50.1 33174.7
50.15 33180.8
50.2 33186.9
50.25 33193
50.3 33199.1
50.35 33205.1
50.4 33211.2
50.45 33217.3
50.5 33223.4
50.55 33229.5
50.6 33235.6
50.65 33241.7
50.7 33247.7
50.75 33253.8
50.8 33259.9
50.85 33266
50.9 33272.1
50.95 33278.2
51 33284.2
51.05 33290.3
51.1 33296.4
51.15 33302.5
51.2 33308.6
51.25 33314.7
51.3 33320.8
51.35 33326.8
51.4 33332.9
51.45 33339
51.5 33345.1
51.55 33351.2
51.6 33357.3
51.65 33363.4
51.7 33369.4
51.75 33375.5
51.8 33381.6
51.85 33387.7
51.9 33393.8
51.95 33399.9
52 33406
52.05 33412
52.1 33418.1
52.15 33424.2
52.2 33430.3
52.25 33436.4
52.3 33442.5
52.35 33448.5
52.4 33454.6
52.45 33460.7
52.5 33466.8
52.55 33472.9
52.6 33479
52.65 33485.1
52.7 33491.1
52.75 33497.2
52.8 33503.3
52.85 33509.4
52.9 33515.5
52.95 33521.6
53 33527.7
53.05 33533.7
53.1 33539.8
53.15 33545.9
53.2 33552
53.25 33558.1
53.3 33564.2
53.35 33570.3
53.4 33576.3
53.45 33582.4
53.5 33588.5
53.55 33594.6
53.6 33600.7
53.65 33606.8
53.7 33612.9
53.75 33618.9
53.8 33625
53.85 33631.1
53.9 33637.2
53.95 33643.3
54 33649.4
54.05 33655.4
54.1 33661.5
54.15 33667.6
54.2 33673.7
54.25 33679.8
54.3 33685.9
54.35 33692
54.4 33698
54.45 33704.1
54.5 33710.2
54.55 33716.3
54.6 33722.4
54.65 33728.5
54.7 33734.6
54.75 33740.6
54.8 33746.7
54.85 33752.8
54.9 33758.9
54.95 33765
55 33771.1
55.05 33777.2
55.1 33783.2
55.15 33789.3
55.2 33795.4
55.25 33801.5
55.3 33807.6
55.35 33813.7
55.4 33819.7
55.45 33825.8
55.5 33831.9
55.55 33838
55.6 33844.1
55.65 33850.2
55.7 33856.3
55.75 33862.3
55.8 33868.4
55.85 33874.5
55.9 33880.6
55.95 33886.7
56 33892.8
56.05 33898.9
56.1 33904.9
56.15 33911
56.2 33917.1
56.25 33923.2
56.3 33929.3
56.35 33935.4
56.4 33941.5
56.45 33947.5
56.5 33953.6
56.55 33959.7
56.6 33965.8
56.65 33971.9
56.7 33978
56.75 33984
56.8 33990.1
56.85 33996.2
56.9 34002.3
56.95 34008.4
57 34014.5
57.05 34020.6
57.1 34026.6
57.15 34032.7
57.2 34038.8
57.25 34044.9
57.3 34051
57.35 34057.1
57.4 34063.2
57.45 34069.2
57.5 34075.3
57.55 34081.4
57.6 34087.5
57.65 34093.6
57.7 34099.7
57.75 34105.8
57.8 34111.8
57.85 34117.9
57.9 34124
57.95 34130.1
58 34136.2
58.05 34142.3
58.1 34148.4
58.15 34154.4
58.2 34160.5
58.25 34166.6
58.3 34172.7
58.35 34178.8
58.4 34184.9
58.45 34190.9
58.5 34197
58.55 34203.1
58.6 34209.2
58.65 34215.3
58.7 34221.4
58.75 34227.5
58.8 34233.5
58.85 34239.6
58.9 34245.7
58.95 34251.8
59 34257.9
59.05 34264
59.1 34270.1
59.15 34276.1
59.2 34282.2
59.25 34288.3
59.3 34294.4
59.35 34300.5
59.4 34306.6
59.45 34312.7
59.5 34318.7
59.55 34324.8
59.6 34330.9
59.65 34337
59.7 34343.1
59.75 34349.2
59.8 34355.2
59.85 34361.3
59.9 34367.4
59.95 34373.5
60 34379.6
