# M01 3D pushover in X: mass-proportional load, control node 1002
# control displacement (mm), base shear (N)
0 0
0.0499998 1878.73
0.0999998 3728.09
0.15 4027.97
0.2 4327.86
0.25 4545.74
0.3 4751.31
0.35 4941.36
0.4 5131.41
0.45 5321.47
0.5 5511.52
0.55 5701.57
0.6 5891.62
0.65 6081.68
0.7 6271.73
0.75 6461.78
0.8 6651.83
0.85 6841.89
0.9 7031.94
0.95 7221.99
1 7412.04
1.05 7602.1
1.1 7792.15
1.15 7982.2
1.2 8172.25
1.25 8362.31
1.3 8552.36
1.35 8742.41
1.4 8932.46
1.45 9122.52
1.5 9312.57
1.55 9502.62
1.6 9692.67
1.65 9882.73
1.7 10072.8
1.75 10262.8
1.8 10452.9
1.85 10642.9
1.9 10833
1.95 11023
2 11213.1
2.05 11403.1
2.1 11593.2
2.15 11783.3
2.2 11973.3
2.25 12163.4
2.3 12353.4
2.35 12543.5
2.4 12733.5
2.45 12923.6
2.5 13113.6
2.55 13303.7
2.6 13493.7
2.65 13683.8
2.7 13873.8
2.75 14063.9
2.8 14253.9
2.85 14444
2.9 14634
2.95 14824.1
3 15014.1
3.05 15204.2
3.1 15394.2
3.15 15584.3
3.2 15774.4
3.25 15964.4
3.3 16154.5
3.35 16344.5
3.4 16534.6
3.45 16724.6
3.5 16914.7
3.55 17104.7
3.6 17294.8
3.65 17484.8
3.7 17674.9
3.75 17864.9
3.8 18055
3.85 18245
3.9 18435.1
3.95 18625.1
4 18815.2
4.05 19005.2
4.1 19195.3
4.15 19385.3
4.2 19575.4
4.25 19765.5
4.3 19955.5
4.35 20145.6
4.4 20335.6
4.45 20525.7
4.5 20715.7
4.55 20905.8
4.6 21095.8
4.65 21285.9
4.7 21475.9
4.75 21666
4.8 21856
4.85 22046.1
4.9 22236.1
4.95 22426.2
5 22616.2
5.05 22806.3
5.1 22996.3
5.15 23186.4
5.2 23376.5
5.25 23566.5
5.3 23756.6
5.35 23946.6
5.4 24136.7
5.45 24326.7
5.5 24516.8
5.55 24706.8
5.6 24896.9
5.65 25086.9
5.7 25277
5.75 25467
5.8 25657.1
5.85 25847.1
5.9 26037.2
5.95 26227.2
6 26417.3
6.05 26607.3
6.1 26797.4
6.15 26987.4
6.2 27177.5
6.25 27367.6
6.3 27557.6
6.35 27747.7
6.4 27937.7
6.45 28127.8
6.5 28317.8
6.55 28507.9
6.6 28697.9
6.65 28888
6.7 29078
6.75 29268.1
6.8 29458.1
6.85 29648.2
6.9 29838.2
6.95 30028.3
7 30218.3
7.05 30408.4
7.1 30598.4
7.15 30788.5
7.2 30978.6
7.25 31168.6
7.3 31358.7
7.35 31548.7
7.4 31738.8
7.45 31928.8
7.5 32118.9
7.55 32308.9
7.6 32499
7.65 32689
7.7 32879.1
7.75 33069.1
7.8 33259.2
7.85 33449.2
7.9 33639.3
7.95 33829.3
8 34019.4
8.05 34209.4
8.1 34399.5
8.15 34589.5
8.2 34779.6
8.25 34969.7
8.3 35159.7
8.35 35349.8
8.4 35539.8
8.45 35729.9
8.5 35919.9
8.55 36110
8.6 36300
8.65 36490.1
8.7 36680.1
8.75 36870.2
8.8 37060.2
8.85 37250.3
8.9 37440.3
8.95 37630.4
9 37820.4
9.05 38010.5
9.1 38200.5
9.15 38390.6
9.2 38580.7
9.25 38770.7
9.3 38960.8
9.35 39150.8
9.4 39340.9
9.45 39530.9
9.5 39721
9.55 39911
9.6 40101.1
9.65 40291.1
9.7 40481.2
9.75 40671.2
9.8 40861.3
9.85 41051.3
9.9 41241.4
9.95 41431.4
10 41621.5
10.05 41811.5
10.1 42001.6
10.15 42191.6
10.2 42381.7
10.25 42571.8
10.3 42761.8
10.35 42951.9
10.4 43141.9
10.45 43332
10.5 43522
10.55 43712.1
10.6 43902.1
10.65 44092.2
10.7 44282.2
10.75 44472.3
10.8 44662.3
10.85 44852.4
10.9 45042.4
10.95 45232.5
11 45422.5
11.05 45610.9
11.1 45795.2
11.15 45978.6
11.2 46161.9
11.25 46345.3
11.3 46528.7
11.35 46712.1
11.4 46895.4
11.45 47078.8
11.5 47262.2
11.55 47443.7
11.6 47624.3
11.65 47805
11.7 47985.6
11.75 48166.3
11.8 48347
11.85 48527.6
11.9 48708.3
11.95 48888.9
12 49025.6
12.05 49114.7
12.1 49203.7
12.15 49292.8
12.2 49381.9
12.25 49471
12.3 49560.1
12.35 49649.1
12.4 49738.2
12.45 49827.3
12.5 49916.4
12.55 50005.4
12.6 50094.5
12.65 50183.6
12.7 50272.7
12.75 50361.7
12.8 50450.8
12.85 50539.9
12.9 50629
12.95 50718
13 50807.1
13.05 50896.2
13.1 50985.3
13.15 51074.3
13.2 51163.4
13.25 51252.5
13.3 51341.6
13.35 51430.7
13.4 51519.7
13.45 51608.8
13.5 51697.9
13.55 51787
13.6 51876
13.65 51964.9
13.7 52053.7
13.75 52142.6
13.8 52231.4
13.85 52320.2
13.9 52409
13.95 52497.8
14 52586.6
14.05 52675.4
14.1 52764.3
14.15 52853.1
14.2 52941.9
14.25 53030.7
14.3 53119.5
14.35 53208.3
14.4 53297.1
14.45 53386
14.5 53474.8
14.55 53563.6
14.6 53652.4
14.65 53741.2
14.7 53830
14.75 53918.8
14.8 54007.7
14.85 54096.5
14.9 54185.3
14.95 54274.1
15 54362.9
15.05 54451.7
15.1 54540.5
15.15 54629.4
15.2 54718.2
15.25 54807
15.3 54895.8
15.35 54984.6
15.4 55073.4
15.45 55162.2
15.5 55251.1
15.55 55339.9
15.6 55428.7
15.65 55517.5
15.7 55606.3
15.75 55695.1
15.8 55784
15.85 55872.8
15.9 55961.6
15.95 56050.4
16 56139.2
16.05 56228
16.1 56316.8
16.15 56405.7
16.2 56494.5
16.25 56583.3
16.3 56672.1
16.35 56760.9
16.4 56849.7
16.45 56938.5
16.5 57027.4
16.55 57116.2
16.6 57205
16.65 57293.8
16.7 57382.6
16.75 57471.4
16.8 57560.2
16.85 57649.1
16.9 57737.9
16.95 57826.7
17 57915.5
17.05 58004.3
17.1 58093.1
17.15 58181.9
17.2 58270.8
17.25 58359.6
17.3 58448.4
17.35 58537.2
17.4 58626
17.45 58714.8
17.5 58803.7
17.55 58892.5
17.6 58981.3
17.65 59070.1
17.7 59158.9
17.75 59247.7
17.8 59336.5
17.85 59425.4
17.9 59514.2
17.95 59603
18 59691.8
18.05 59780.6
18.1 59869.4
18.15 59958.2
18.2 60047.1
18.25 60135.9
18.3 60224.7
18.35 60313.5
18.4 60402.3
18.45 60491.1
18.5 60579.9
18.55 60668.8
18.6 60757.6
18.65 60846.4
18.7 60935.2
18.75 61024
18.8 61112.8
18.85 61201.6
18.9 61290.5
18.95 61379.3
19 61468.1
19.05 61556.9
19.1 61645.7
19.15 61724.4
19.2 61794.5
19.25 61864.6
19.3 61934.7
19.35 62004.8
19.4 62074.9
19.45 62145
19.5 62215.1
19.55 62285.2
19.6 62355.3
19.65 62425.4
19.7 62495.5
19.75 62565.6
19.8 62635.7
19.85 62705.8
19.9 62775.9
19.95 62846
20 62916.1
20.05 62986.2
20.1 63056.3
20.15 63126.4
20.2 63196.5
20.25 63266.6
20.3 63336.7
20.35 63406.8
20.4 63476.9
20.45 63547
20.5 63617.1
20.55 63687.2
20.6 63757.3
20.65 63827.4
20.7 63897.5
20.75 63967.6
20.8 64037.7
20.85 64107.8
20.9 64177.9
20.95 64248
21 64318.1
21.05 64388.2
21.1 64458.3
21.15 64528.4
21.2 64598.5
21.25 64668.6
21.3 64738.7
21.35 64808.8
21.4 64878.9
21.45 64927.4
21.5 64970
21.55 65012.6
21.6 65055.3
21.65 65097.9
21.7 65140.5
21.75 65183.2
21.8 65225.8
21.85 65268.4
21.9 65311.1
21.95 65353.7
22 65396.3
22.05 65439
22.1 65481.6
22.15 65524.2
22.2 65566.9
22.25 65609.5
22.3 65652.1
22.35 65694.8
22.4 65737.4
22.45 65780
22.5 65822.7
22.55 65865.3
22.6 65907.9
22.65 65950.6
22.7 65993.2
22.75 66035.8
22.8 66078.5
22.85 66121.1
22.9 66163.7
22.95 66206.4
23 66249
23.05 66291.6
23.1 66334.3
23.15 66376.9
23.2 66419.6
23.25 66462.2
23.3 66504.8
23.35 66547.5
23.4 66590.1
23.45 66632.7
23.5 66675.4
23.55 66718
23.6 66760.6
23.65 66803.3
23.7 66845.9
23.75 66888.5
23.8 66931.2
23.85 66973.8
23.9 67016.4
23.95 67057.1
24 67074.2
24.05 67083.2
24.1 67092.1
24.15 67101.1
24.2 67110
24.25 67119
24.3 67127.9
24.35 67136.8
24.4 67145.8
24.45 67154.7
24.5 67163.7
24.55 67172.6
24.6 67181.6
24.65 67190.5
24.7 67199.4
24.75 67208.4
24.8 67217.3
24.85 67226.3
24.9 67235.2
24.95 67244.2
25 67253.1
25.05 67262
25.1 67271
25.15 67279.9
25.2 67288.9
25.25 67297.8
25.3 67306.7
25.35 67315.7
25.4 67324.6
25.45 67333.6
25.5 67342.5
25.55 67351.5
25.6 67360.4
25.65 67369.3
25.7 67378.3
25.75 67387.2
25.8 67396.2
25.85 67405.1
25.9 67414.1
25.95 67423
26 67431.9
26.05 67440.9
26.1 67449.8
26.15 67458.8
26.2 67467.7
26.25 67476.6
26.3 67485.6
26.35 67494.5
26.4 67503.5
26.45 67512.4
26.5 67521.4
26.55 67530.3
26.6 67539.2
26.65 67548.2
26.7 67557.1
26.75 67566.1
26.8 67575
26.85 67584
26.9 67592.9
26.95 67601.8
27 67610.8
27.05 67619.7
27.1 67628.7
27.15 67637.6
27.2 67646.5
27.25 67655.5
27.3 67664.4
27.35 67673.4
27.4 67682.3
27.45 67691.3
27.5 67700.2
27.55 67709.1
27.6 67718.1
27.65 67727
27.7 67736
27.75 67744.9
27.8 67753.9
27.85 67762.8
27.9 67771.7
27.95 67780.7
28 67789.6
28.05 67798.6
28.1 67807.5
28.15 67816.4
28.2 67825.4
28.25 67834.3
28.3 67843.3
28.35 67852.2
28.4 67861.2
28.45 67870.1
28.5 67879
28.55 67888
28.6 67896.9
28.65 67905.9
28.7 67914.8
28.75 67923.8
28.8 67932.7
28.85 67941.6
28.9 67950.6
28.95 67959.5
29 67968.5
29.05 67977.4
29.1 67986.4
29.15 67995.3
29.2 68004.2
29.25 68013.2
29.3 68022.1
29.35 68031.1
29.4 68040
29.45 68048.9
29.5 68057.9
29.55 68066.8
29.6 68075.8
29.65 68084.7
29.7 68093.7
29.75 68102.6
29.8 68111.5
29.85 68120.5
29.9 68129.4
29.95 68138.4
30 68147.3
30.05 68156.3
30.1 68165.2
30.15 68174.1
30.2 68183.1
30.25 68192
30.3 68201
30.35 68209.9
30.4 68218.8
30.45 68227.8
30.5 68236.7
30.55 68245.7
30.6 68254.6
30.65 68263.6
30.7 68272.5
30.75 68281.4
30.8 68290.4
30.85 68299.3
30.9 68308.3
30.95 68317.2
31 68326.2
31.05 68335.1
31.1 68344
31.15 68353
31.2 68361.9
31.25 68370.9
31.3 68379.8
31.35 68388.7
31.4 68397.7
31.45 68406.6
31.5 68415.6
31.55 68424.5
31.6 68433.5
31.65 68442.4
31.7 68451.3
31.75 68460.3
31.8 68469.2
31.85 68478.2
31.9 68487.1
31.95 68496.1
32 68505
32.05 68513.9
32.1 68522.9
32.15 68531.8
32.2 68540.8
32.25 68549.7
32.3 68558.7
32.35 68567.6
32.4 68576.5
32.45 68585.5
32.5 68594.4
32.55 68603.4
32.6 68612.3
32.65 68621.2
32.7 68630.2
32.75 68639.1
32.8 68648.1
32.85 68657
32.9 68666
32.95 68674.9
33 68683.8
33.05 68692.8
33.1 68701.7
33.15 68710.7
33.2 68719.6
33.25 68728.6
33.3 68737.5
33.35 68746.4
33.4 68755.4
33.45 68764.3
33.5 68773.3
33.55 68782.2
33.6 68791.1
33.65 68800.1
33.7 68809
33.75 68818
33.8 68826.9
33.85 68835.9
33.9 68844.8
33.95 68853.7
34 68862.7
34.05 68871.6
34.1 68880.6
34.15 68889.5
34.2 68898.5
34.25 68907.4
34.3 68916.3
34.35 68925.3
34.4 68934.2
34.45 68943.2
34.5 68952.1
34.55 68961
34.6 68970
34.65 68978.9
34.7 68987.9
34.75 68996.8
34.8 69005.8
34.85 69014.7
34.9 69023.6
34.95 69032.6
35 69041.5
35.05 69050.5
35.1 69059.4
35.15 69068.4
35.2 69077.3
35.25 69086.2
35.3 69095.2
35.35 69104.1
35.4 69113.1
35.45 69122
35.5 69131
35.55 69139.9
35.6 69148.8
35.65 69157.8
35.7 69166.7
35.75 69175.7
35.8 69184.6
35.85 69193.5
35.9 69202.5
35.95 69211.4
36 69220.4
36.05 69229.3
36.1 69238.3
36.15 69247.2
36.2 69256.1
36.25 69265.1
36.3 69274
36.35 69283
36.4 69291.9
36.45 69300.9
36.5 69309.8
36.55 69318.7
36.6 69327.7
36.65 69336.6
36.7 69345.6
36.75 40112.6
36.8 40933.3
36.85 41619.5
36.9 42045.9
36.95 42089
37 42097.1
37.05 42105.2
37.1 42113.3
37.15 42121.4
37.2 42129.5
37.25 42137.7
37.3 42145.8
37.35 42153.9
37.4 42162
37.45 42170.1
37.5 42178.2
37.55 42186.3
37.6 42194.4
37.65 42202.5
37.7 42210.7
37.75 42218.8
37.8 42226.9
37.85 42235
37.9 42243.1
37.95 42251.2
38 42259.3
38.05 42267.4
38.1 42275.5
38.15 42283.6
38.2 42291.8
38.25 42299.9
38.3 42308
38.35 42316.1
38.4 42324.2
38.45 42332.3
38.5 42340.4
38.55 42348.5
38.6 42356.6
38.65 42364.8
38.7 42372.9
38.75 42381
38.8 42389.1
38.85 42397.2
38.9 42405.3
38.95 42413.4
39 42421.5
39.05 42429.6
39.1 42437.8
39.15 42445.9
39.2 42454
39.25 42462.1
39.3 42470.2
39.35 42478.3
39.4 42486.4
39.45 42494.5
39.5 42502.6
39.55 42510.7
39.6 42518.9
39.65 42527
39.7 42535.1
39.75 42543.2
39.8 42551.3
39.85 42559.4
39.9 42567.5
39.95 42575.6
40 42583.7
40.05 42591.9
40.1 42600
40.15 42608.1
40.2 42616.2
40.25 42624.3
40.3 42632.4
40.35 42640.5
40.4 42648.6
40.45 42656.7
40.5 42664.9
40.55 42673
40.6 42681.1
40.65 42689.2
40.7 42697.3
40.75 42705.4
40.8 42713.5
40.85 42721.6
40.9 42729.7
40.95 42737.8
41 42746
41.05 42754.1
41.1 42762.2
41.15 42770.3
41.2 42778.4
41.25 42786.5
41.3 42794.6
41.35 42802.7
41.4 42810.8
41.45 42819
41.5 42827.1
41.55 42835.2
41.6 42843.3
41.65 42851.4
41.7 42859.5
41.75 42867.6
41.8 42875.7
41.85 42883.8
41.9 42892
41.95 42900.1
42 42908.2
42.05 42916.3
42.1 42924.4
42.15 42932.5
42.2 42940.6
42.25 42948.7
42.3 42956.8
42.35 42964.9
42.4 42973.1
42.45 42981.2
42.5 42989.3
42.55 42997.4
42.6 43005.5
42.65 43013.6
42.7 43021.7
42.75 43029.8
42.8 43037.9
42.85 43046.1
42.9 43054.2
42.95 43062.3
43 43070.4
43.05 43078.5
43.1 43086.6
43.15 43094.7
43.2 43102.8
43.25 43110.9
43.3 43119.1
43.35 43127.2
43.4 43135.3
43.45 43143.4
43.5 43151.5
43.55 43159.6
43.6 43167.7
43.65 43175.8
43.7 43183.9
43.75 43192
43.8 43200.2
43.85 43208.3
43.9 43216.4
43.95 43224.5
44 43232.6
44.05 43240.7
44.1 43248.8
44.15 43256.9
44.2 43265
44.25 43273.2
44.3 43281.3
44.35 43289.4
44.4 43297.5
44.45 43305.6
44.5 43313.7
44.55 43321.8
44.6 43329.9
44.65 43338
44.7 43346.2
44.75 43354.3
44.8 43362.4
44.85 43370.5
44.9 43378.6
44.95 43386.7
45 43394.8
45.05 43402.9
45.1 43411
45.15 43419.1
45.2 43427.3
45.25 43435.4
45.3 43443.5
45.35 43451.6
45.4 43459.7
45.45 43467.8
45.5 43475.9
45.55 43484
45.6 43492.1
45.65 43500.3
45.7 43508.4
45.75 43516.5
45.8 43524.6
45.85 43532.7
45.9 43540.8
45.95 43548.9
46 43557
46.05 43565.1
46.1 43573.2
46.15 43581.4
46.2 43589.5
46.25 43597.6
46.3 43605.7
46.35 43613.8
46.4 43621.9
46.45 43630
46.5 43638.1
46.55 43646.2
46.6 43654.4
46.65 43662.5
46.7 43670.6
46.75 43678.7
46.8 43686.8
46.85 43694.9
46.9 43703
46.95 43711.1
47 43719.2
47.05 43727.4
47.1 43735.5
47.15 43743.6
47.2 43751.7
47.25 43759.8
47.3 43767.9
47.35 43776
47.4 43784.1
47.45 43792.2
47.5 43800.3
47.55 43808.5
47.6 43816.6
47.65 43824.7
47.7 43832.8
47.75 43840.9
47.8 43849
47.85 43857.1
47.9 43865.2
47.95 43873.3
48 43881.5
48.05 43889.6
48.1 43897.7
48.15 43905.8
48.2 43913.9
48.25 43922
48.3 43930.1
48.35 43938.2
48.4 43946.3
48.45 43954.5
48.5 43962.6
48.55 43970.7
48.6 43978.8
48.65 43986.9
48.7 43995
48.75 44003.1
48.8 44011.2
48.85 44019.3
48.9 44027.4
48.95 44035.6
49 44043.7
49.05 44051.8
49.1 44059.9
49.15 44068
49.2 44076.1
49.25 44084.2
49.3 44092.3
49.35 44100.4
49.4 44108.6
49.45 44116.7
49.5 44124.8
49.55 44132.9
49.6 44141
49.65 44149.1
49.7 44157.2
49.75 44165.3
49.8 44173.4
49.85 44181.6
49.9 44189.7
49.95 44197.8
50 44205.9
50.05 44214
50.1 44222.1
50.15 44230.2
50.2 44238.3
50.25 44246.4
50.3 44254.5
50.35 44262.7
50.4 44270.8
50.45 44278.9
50.5 44287
50.55 44295.1
50.6 44303.2
50.65 44311.3
50.7 44319.4
50.75 44327.5
50.8 44335.7
50.85 44343.8
50.9 44351.9
50.95 44360
51 44368.1
51.05 44376.2
51.1 44384.3
51.15 44392.4
51.2 44400.5
51.25 44408.7
51.3 44416.8
51.35 44424.9
51.4 44433
51.45 44441.1
51.5 44449.2
51.55 44457.3
51.6 44465.4
51.65 44473.5
51.7 44481.6
51.75 44489.8
51.8 44497.9
51.85 44506
51.9 44514.1
51.95 44522.2
52 44530.3
52.05 44538.4
52.1 44546.5
52.15 44554.6
52.2 44562.8
52.25 44570.9
52.3 44579
52.35 44587.1
52.4 44595.2
52.45 44603.3
52.5 44611.4
52.55 44619.5
52.6 44627.6
52.65 44635.8
52.7 44643.9
52.75 44652
52.8 44660.1
52.85 44668.2
52.9 44676.3
52.95 44684.4
53 44692.5
53.05 44700.6
53.1 44708.7
53.15 44716.9
53.2 44725
53.25 44733.1
53.3 44741.2
53.35 44749.3
53.4 44757.4
53.45 44765.5
53.5 44773.6
53.55 44781.7
53.6 44789.9
53.65 44798
53.7 44806.1
53.75 44814.2
53.8 44822.3
53.85 44830.4
53.9 44838.5
53.95 44846.6
54 44854.7
54.05 44862.9
54.1 44871
54.15 44879.1
54.2 44887.2
54.25 44895.3
54.3 44903.4
54.35 44911.5
54.4 44919.6
54.45 44927.7
54.5 44935.8
54.55 44944
54.6 44952.1
54.65 44960.2
54.7 44968.3
54.75 44976.4
54.8 44984.5
54.85 44992.6
54.9 45000.7
54.95 45008.8
55 45017
55.05 45025.1
55.1 45033.2
55.15 45041.3
55.2 45049.4
55.25 45057.5
55.3 45065.6
55.35 45073.7
55.4 45081.8
55.45 45090
55.5 45098.1
55.55 45106.2
55.6 45114.3
55.65 45122.4
55.7 45130.5
55.75 45138.6
55.8 45146.7
55.85 45154.8
55.9 45162.9
55.95 45171.1
56 45179.2
56.05 45187.3
56.1 45195.4
56.15 45203.5
56.2 45211.6
56.25 45219.7
56.3 45227.8
56.35 45235.9
56.4 45244.1
56.45 45252.2
56.5 45260.3
56.55 45268.4
56.6 45276.5
56.65 45284.6
56.7 45292.7
56.75 45300.8
56.8 45308.9
56.85 45317.1
56.9 45325.2
56.95 45333.3
57 45341.4
57.05 45349.5
57.1 45357.6
57.15 45365.7
57.2 45373.8
57.25 45381.9
57.3 45390
57.35 45398.2
57.4 45406.3
57.45 45414.4
57.5 45422.5
57.55 45430.6
57.6 45438.7
57.65 45446.8
57.7 45454.9
57.75 45463
57.8 45471.2
57.85 45479.3
57.9 45487.4
57.95 45495.5
58 45503.6
58.05 45511.7
58.1 45519.8
58.15 45527.9
58.2 45536
58.25 45544.2
58.3 45552.3
58.35 45560.4
58.4 45568.5
58.45 45576.6
58.5 45584.7
58.55 45592.8
58.6 45600.9
58.65 45609
58.7 45617.1
58.75 45625.3
58.8 45633.4
58.85 45641.5
58.9 45649.6
58.95 45657.7
59 45665.8
59.05 45673.9
59.1 45682
59.15 45690.1
59.2 45698.3
59.25 45706.4
59.3 45714.5
59.35 45722.6
59.4 45730.7
59.45 45738.8
59.5 45746.9
59.55 45755
59.6 45763.1
59.65 45771.3
59.7 45779.4
59.75 45787.5
59.8 45795.6
59.85 45803.7
59.9 45811.8
59.95 45819.9
60 45828
