1.01 2.21 3.14 4.66 5.91 9.09 8.93 9.70 11.14 11.54
2.09 3.79 5.34 6.55 9.67 10.77 10.95 12.23 13.81 15.05
0.29 1.56 3.16 4.78 6.53 6.83 7.13 8.63 9.31 9.89
1.06 2.68 4.72 5.87 9.99 9.46 10.25 12.21 13.19 13.48
0.99 3.07 3.95 5.82 7.28 10.07 12.29 13.92 15.55 16.59
0.99 2.37 3.88 5.36 6.81 7.04 10.10 12.19 12.52 11.90
1.61 3.00 4.61 5.75 8.07 9.49 11.67 13.22 16.53 16.10
2.90 5.26 5.96 7.03 9.72 14.87 21.16 22.00 19.65 29.25
1.54 2.96 3.81 4.93 6.71 7.44 9.42 11.39 14.41 14.77
1.63 2.68 4.41 5.34 8.18 10.22 12.42 12.63 12.33 14.20
1.70 3.93 6.50 8.53 10.29 13.29 15.15 17.73 22.28 24.52
1.86 3.59 5.37 7.25 9.86 11.93 14.12 16.50 25.93 28.19
1.83 4.20 6.21 7.46 10.67 12.26 15.15 17.23 17.05 17.98
1.60 3.16 5.86 8.04 8.76 9.64 10.39 12.53 15.04 15.78
0.53 1.79 2.94 4.44 7.92 7.98 8.67 8.76 10.34 10.99
0.24 1.60 3.20 4.66 5.87 7.57 9.71 11.37 12.25 10.51
0.49 2.17 4.78 6.00 7.64 8.59 10.08 12.60 12.77 12.02
0.60 2.53 4.23 5.73 8.97 10.54 10.78 12.38 14.49 17.07
4.87 8.75 14.00 17.54 21.22 25.86 28.28 29.68 32.36 33.93
3.28 4.64 5.98 7.16 9.97 14.15 21.09 18.59 16.57 22.28
1.85 3.39 4.92 6.28 9.55 12.28 12.62 13.26 13.55 12.95
1.31 3.30 4.86 6.50 9.16 9.51 11.61 12.29 14.32 15.14
0.43 1.54 2.37 3.51 5.81 6.98 9.12 9.54 10.16 10.91
0.82 2.27 4.33 5.36 7.91 9.08 11.03 9.66 9.34 10.88
0.60 2.19 3.24 3.98 6.60 8.90 9.64 11.55 12.89 13.20
0.17 1.93 2.98 3.57 4.64 7.66 9.70 9.89 9.76 11.14
3.73 6.71 9.68 11.54 13.94 16.56 21.21 26.25 30.87 31.34
2.22 4.22 5.83 7.73 9.83 11.84 15.32 17.13 19.26 19.79
2.58 3.85 7.47 9.17 12.12 13.77 15.12 17.43 19.78 21.55
2.86 5.38 6.16 7.72 9.56 12.65 15.25 17.76 18.26 21.93
2.10 5.27 7.85 8.72 12.20 13.09 12.01 13.95 16.14 17.18
1.02 2.74 4.49 5.61 6.49 7.53 9.52 11.40 12.34 14.36
2.09 3.95 5.38 6.61 8.85 11.10 13.44 15.26 14.41 15.73
2.04 3.55 5.01 6.54 9.74 10.54 13.23 14.92 15.99 16.96
0.34 1.55 3.21 5.19 7.08 11.31 14.11 14.90 14.17 15.05
2.01 4.30 6.20 8.32 10.05 12.19 14.18 15.37 15.95 16.32
0.62 2.19 3.41 5.12 6.40 8.07 8.49 11.76 15.01 13.89
1.49 3.34 5.30 6.67 8.75 10.15 11.81 12.45 12.45 12.46
1.63 3.79 6.41 8.23 10.42 11.46 11.80 11.15 11.93 13.90
0.34 1.57 3.18 3.76 5.31 7.71 9.02 9.57 10.08 10.61
3.14 4.64 7.28 9.07 12.63 17.09 19.72 24.31 100.00 100.00
2.36 4.28 6.35 7.43 9.92 13.20 15.20 17.83 100.00 100.00
1.53 2.56 4.20 4.75 6.68 9.01 11.85 14.82 16.92 17.53
1.50 3.90 5.85 6.90 10.34 12.43 11.28 12.99 14.58 17.25
