1.66 3.26 6.03 7.27 8.82 12.80 13.42 13.29 15.29 15.21
3.04 4.87 7.07 9.35 13.35 15.06 16.26 17.67 20.05 23.27
1.20 3.22 4.69 5.41 8.91 9.51 11.14 12.84 13.96 15.77
1.47 4.29 6.34 8.68 11.56 13.94 15.21 17.23 18.73 19.70
2.78 5.23 6.71 8.80 12.08 13.80 17.71 20.51 22.94 23.08
1.74 3.54 6.11 7.95 9.38 10.32 14.65 16.74 14.36 13.83
1.84 3.25 6.59 8.84 10.32 13.85 17.02 20.09 100.00 100.00
4.15 8.90 11.17 13.40 15.97 19.64 27.40 100.00 100.00 100.00
1.85 3.71 5.09 6.60 9.23 9.58 11.37 15.32 19.63 20.28
2.00 3.68 5.60 7.45 10.32 11.40 14.85 15.54 15.27 15.49
2.65 6.12 7.98 9.58 11.94 15.92 18.76 21.31 27.94 28.25
2.74 5.21 7.77 10.22 13.04 15.78 20.52 27.27 30.96 33.77
3.79 5.80 7.63 9.74 13.20 14.59 18.37 21.92 100.00 100.00
2.14 4.63 6.82 8.75 10.87 13.31 14.69 19.20 100.00 100.00
1.22 2.64 4.82 5.77 9.05 9.74 11.29 12.07 12.14 15.86
1.03 2.34 3.07 5.10 6.66 9.59 12.13 15.02 16.49 15.80
1.59 4.07 6.09 8.20 10.91 12.70 13.18 15.14 17.85 15.80
1.67 4.32 6.84 9.86 14.71 16.91 20.77 20.19 24.81 34.69
5.39 8.48 14.55 18.93 23.70 30.00 39.05 100.00 100.00 100.00
3.53 4.76 7.19 9.33 13.61 16.34 23.25 100.00 100.00 100.00
2.41 5.19 6.35 9.33 12.48 14.21 17.59 18.84 21.84 25.47
2.43 4.94 7.48 9.51 12.80 14.35 16.51 18.25 20.30 21.81
1.24 3.65 5.01 5.49 11.08 12.28 15.38 15.72 16.95 16.42
1.56 3.14 7.08 8.10 10.08 12.35 14.14 14.49 15.11 15.21
1.04 4.08 5.38 6.98 10.02 12.56 15.23 17.44 17.15 19.92
1.01 2.77 3.97 5.35 8.49 9.78 11.60 11.95 12.87 13.85
4.08 6.47 9.98 13.02 17.68 23.69 30.32 34.40 100.00 100.00
3.22 5.50 7.96 10.74 15.06 13.95 16.88 19.83 100.00 100.00
2.92 6.21 8.05 10.49 13.69 17.02 19.92 23.52 26.71 100.00
3.82 6.72 8.32 9.89 12.94 15.91 18.18 24.23 30.74 100.00
3.37 6.95 9.74 10.80 14.02 18.79 18.63 19.12 20.03 19.24
2.24 4.69 6.16 7.88 8.90 11.34 13.56 15.14 18.98 22.75
2.78 5.96 8.48 10.73 12.98 15.15 17.45 24.78 32.40 100.00
2.80 4.63 6.63 8.77 10.41 13.30 14.64 19.48 100.00 100.00
0.84 3.65 4.27 5.93 9.15 11.92 15.62 18.58 19.47 100.00
3.36 7.28 10.08 11.95 13.86 17.80 21.71 25.37 30.39 33.36
1.47 2.60 4.36 6.72 9.90 11.12 10.88 13.75 18.21 22.13
2.33 4.54 6.06 6.86 9.65 12.44 18.38 22.40 23.33 25.61
2.05 4.76 7.39 9.58 12.54 14.08 15.10 16.75 19.73 22.10
1.10 2.99 4.94 6.51 8.98 11.22 12.29 13.90 16.01 16.81
3.00 5.77 8.36 10.31 13.65 21.06 25.86 100.00 100.00 100.00
3.56 5.04 7.06 9.36 12.84 16.44 19.14 100.00 100.00 100.00
2.16 4.52 6.50 8.15 12.51 14.03 16.66 19.78 23.32 27.22
2.55 6.90 9.78 12.00 12.60 16.99 19.82 19.73 26.38 29.13
