# M02 3D pushover in X: mass-proportional load, control node 1002
# control displacement (mm), base shear (N)
0 0
0.05 1281.1
0.1 2562.21
0.15 2790.28
0.2 2991.74
0.25 3193.2
0.3 3345.11
0.35 3486.77
0.4 3620.85
0.45 3754.93
0.5 3889.01
0.55 4023.08
0.6 4157.16
0.65 4291.24
0.7 4425.31
0.75 4559.39
0.8 4693.47
0.85 4827.55
0.9 4961.62
0.95 5095.7
1 5229.78
1.05 5363.85
1.1 5497.93
1.15 5632.01
1.2 5766.09
1.25 5900.16
1.3 6034.24
1.35 6168.32
1.4 6302.39
1.45 6436.47
1.5 6570.55
1.55 6704.63
1.6 6838.7
1.65 6972.78
1.7 7106.86
1.75 7240.93
1.8 7375.01
1.85 7509.09
1.9 7643.17
1.95 7777.24
2 7911.32
2.05 8045.4
2.1 8179.47
2.15 8313.55
2.2 8447.63
2.25 8581.71
2.3 8715.78
2.35 8849.86
2.4 8983.94
2.45 9118.01
2.5 9252.09
2.55 9386.17
2.6 9520.25
2.65 9654.32
2.7 9788.4
2.75 9922.48
2.8 10056.6
2.85 10190.6
2.9 10324.7
2.95 10458.8
3 10592.9
3.05 10726.9
3.1 10861
3.15 10995.1
3.2 11129.2
3.25 11263.2
3.3 11397.3
3.35 11531.4
3.4 11665.5
3.45 11799.6
3.5 11933.6
3.55 12067.7
3.6 12201.8
3.65 12335.9
3.7 12469.9
3.75 12604
3.8 12738.1
3.85 12872.2
3.9 13006.3
3.95 13140.3
4 13274.4
4.05 13408.5
4.1 13542.6
4.15 13676.6
4.2 13810.7
4.25 13944.8
4.3 14078.9
4.35 14212.9
4.4 14347
4.45 14481.1
4.5 14615.2
4.55 14749.3
4.6 14883.3
4.65 15017.4
4.7 15151.5
4.75 15285.6
4.8 15419.6
4.85 15553.7
4.9 15687.8
4.95 15821.9
5 15956
5.05 16090
5.1 16224.1
5.15 16358.2
5.2 16492.3
5.25 16626.3
5.3 16760.4
5.35 16894.5
5.4 17028.6
5.45 17162.6
5.5 17296.7
5.55 17430.8
5.6 17564.9
5.65 17699
5.7 17833
5.75 17967.1
5.8 18101.2
5.85 18235.3
5.9 18369.3
5.95 18503.4
6 18637.5
6.05 18771.6
6.1 18905.6
6.15 19039.7
6.2 19173.8
6.25 19307.9
6.3 19442
6.35 19576
6.4 19710.1
6.45 19844.2
6.5 19978.3
6.55 20112.3
6.6 20246.4
6.65 20380.5
6.7 20514.6
6.75 20648.7
6.8 20782.7
6.85 20916.8
6.9 21050.9
6.95 21185
7 21319
7.05 21453.1
7.1 21587.2
7.15 21721.3
7.2 21855.3
7.25 21989.4
7.3 22123.5
7.35 22257.6
7.4 22391.7
7.45 22525.7
7.5 22659.8
7.55 22793.9
7.6 22928
7.65 23062
7.7 23196.1
7.75 23330.2
7.8 23464.3
7.85 23598.3
7.9 23732.4
7.95 23866.5
8 24000.6
8.05 24134.7
8.1 24268.7
8.15 24402.8
8.2 24536.9
8.25 24671
8.3 24805
8.35 24939.1
8.4 25073.2
8.45 25207.3
8.5 25341.4
8.55 25475.4
8.6 25609.5
8.65 25743.6
8.7 25877.7
8.75 26011.7
8.8 26145.8
8.85 26279.9
8.9 26414
8.95 26548
9 26682.1
9.05 26816.2
9.1 26950.3
9.15 27084.4
9.2 27218.4
9.25 27352.5
9.3 27486.6
9.35 27620.7
9.4 27754.7
9.45 27888.8
9.5 28022.9
9.55 28157
9.6 28291
9.65 28425.1
9.7 28559.2
9.75 28693.3
9.8 28827.4
9.85 28961.4
9.9 29095.5
9.95 29229.6
10 29363.7
10.05 29497.7
10.1 29631.8
10.15 29765.9
10.2 29900
10.25 30034.1
10.3 30168.1
10.35 30302.2
10.4 30436.3
10.45 30570.4
10.5 30704.4
10.55 30838.5
10.6 30972.6
10.65 31106.7
10.7 31240.7
10.75 31374.8
10.8 31508.9
10.85 31643
10.9 31777.1
10.95 31911.1
11 32045.2
11.05 32179.3
11.1 32313.4
11.15 32447.4
11.2 32581.5
11.25 32715.6
11.3 32849.7
11.35 32983.8
11.4 33117.8
11.45 33251.9
11.5 33386
11.55 33518.3
11.6 33648.3
11.65 33778.2
11.7 33908.1
11.75 34038
11.8 34167.9
11.85 34297.8
11.9 34427.7
11.95 34557.6
12 34685.7
12.05 34755.4
12.1 34818.6
12.15 34881.8
12.2 34945
12.25 35008.2
12.3 35071.4
12.35 35134.6
12.4 35197.8
12.45 35261
12.5 35324.2
12.55 35387.4
12.6 35450.5
12.65 35513.7
12.7 35576.9
12.75 35640.1
12.8 35703.3
12.85 35766.5
12.9 35829.7
12.95 35892.9
13 35956.1
13.05 36019.3
13.1 36082.5
13.15 36145.7
13.2 36208.9
13.25 36272.1
13.3 36335.3
13.35 36398.5
13.4 36461.7
13.45 36524.9
13.5 36588.1
13.55 36651.3
13.6 36714.5
13.65 36777.7
13.7 36840.9
13.75 36904.1
13.8 36967.2
13.85 37030.4
13.9 37093.6
13.95 37156.8
14 37220
14.05 37283.2
14.1 37346.4
14.15 37409.6
14.2 37472.8
14.25 37536
14.3 37599.2
14.35 37662.4
14.4 37725.6
14.45 37788.8
14.5 37852
14.55 37915.2
14.6 37978.4
14.65 38041.6
14.7 38104.8
14.75 38168
14.8 38231.2
14.85 38294.4
14.9 38357.6
14.95 38420.8
15 38483.9
15.05 38547.1
15.1 38610.3
15.15 38673.5
15.2 38736.7
15.25 38799.9
15.3 38863.1
15.35 38926.3
15.4 38989.5
15.45 39052.7
15.5 39115.9
15.55 39179.1
15.6 39242.3
15.65 39305.5
15.7 39368.7
15.75 39431.9
15.8 39495.1
15.85 39558.3
15.9 39621.5
15.95 39684.7
16 39747.9
16.05 39811.1
16.1 39874.3
16.15 39937.5
16.2 40000.6
16.25 40063.8
16.3 40127
16.35 40190.2
16.4 40253.4
16.45 40316.6
16.5 40379.8
16.55 40443
16.6 40506.2
16.65 40569.4
16.7 40632.6
16.75 40695.8
16.8 40759
16.85 40822.2
16.9 40885.4
16.95 40948.6
17 41011.8
17.05 41075
17.1 41138.2
17.15 41201.4
17.2 41264.6
17.25 41327.8
17.3 41391
17.35 41454.2
17.4 41517.3
17.45 41580.5
17.5 41643.7
17.55 41706.9
17.6 41770.1
17.65 41833.3
17.7 41896.5
17.75 41959.7
17.8 42022.9
17.85 42086.1
17.9 42149.3
17.95 42212.5
18 42275.7
18.05 42338.9
18.1 42402.1
18.15 42465.3
18.2 42528.5
18.25 42591.7
18.3 42654.9
18.35 42718.1
18.4 42781.3
18.45 42844.5
18.5 42907.7
18.55 42970.9
18.6 43034
18.65 43097.2
18.7 43160.4
18.75 43223.6
18.8 43286.8
18.85 43350
18.9 43413.2
18.95 43476.4
19 43539.6
19.05 43602.8
19.1 43666
19.15 43729.2
19.2 43792.4
19.25 43855.6
19.3 43918.8
19.35 43982
19.4 44045.2
19.45 44108.4
19.5 44171.6
19.55 44234.8
19.6 44298
19.65 44361.2
19.7 44424.4
19.75 44487.5
19.8 44550.7
19.85 44613.9
19.9 44677.1
19.95 44740.3
20 44803.5
20.05 44866.7
20.1 44914.6
20.15 44961.2
20.2 45007.7
20.25 45054.3
20.3 45100.9
20.35 45147.5
20.4 45194.1
20.45 45240.6
20.5 45287.2
20.55 45333.8
20.6 45380.4
20.65 45427
20.7 45473.5
20.75 45520.1
20.8 45566.7
20.85 45613.3
20.9 45659.9
20.95 45706.4
21 45753
21.05 45799.6
21.1 45846.2
21.15 45892.8
21.2 45939.3
21.25 45985.9
21.3 46032.5
21.35 46079.1
21.4 46125.7
21.45 46172.2
21.5 46218.8
21.55 46265.4
21.6 46312
21.65 46358.6
21.7 46405.2
21.75 46451.7
21.8 46498.3
21.85 46544.9
21.9 46591.5
21.95 46638.1
22 46684.6
22.05 46731.2
22.1 46777.8
22.15 46824.4
22.2 46871
22.25 46917.5
22.3 46956.1
22.35 46987.9
22.4 47019.7
22.45 47051.6
22.5 47083.4
22.55 47115.2
22.6 47147.1
22.65 47178.9
22.7 47210.7
22.75 47242.6
22.8 47274.4
22.85 47306.2
22.9 47338.1
22.95 47369.9
23 47401.7
23.05 47433.5
23.1 47465.4
23.15 47497.2
23.2 47529
23.25 47560.9
23.3 47592.7
23.35 47624.5
23.4 47656.4
23.45 47688.2
23.5 47720
23.55 47751.9
23.6 47783.7
23.65 47815.5
23.7 47847.4
23.75 47879.2
23.8 47911
23.85 47942.9
23.9 47974.7
23.95 48006.5
24 48035.8
24.05 48043.3
24.1 48049.9
24.15 48056.5
24.2 48063.1
24.25 48069.8
24.3 48076.4
24.35 48083
24.4 48089.7
24.45 48096.3
24.5 48102.9
24.55 48109.5
24.6 48116.2
24.65 48122.8
24.7 48129.4
24.75 48136.1
24.8 48142.7
24.85 48149.3
24.9 48155.9
24.95 48162.6
25 48169.2
25.05 48175.8
25.1 48182.5
25.15 48189.1
25.2 48195.7
25.25 48202.4
25.3 48209
25.35 48215.6
25.4 48222.2
25.45 48228.9
25.5 48235.5
25.55 48242.1
25.6 48248.8
25.65 48255.4
25.7 48262
25.75 48268.6
25.8 48275.3
25.85 48281.9
25.9 48288.5
25.95 48295.2
26 48301.8
26.05 48308.4
26.1 48315.1
26.15 48321.7
26.2 48328.3
26.25 48334.9
26.3 48341.6
26.35 48348.2
26.4 48354.8
26.45 48361.5
26.5 48368.1
26.55 48374.7
26.6 48381.3
26.65 48388
26.7 48394.6
26.75 48401.2
26.8 48407.9
26.85 48414.5
26.9 48421.1
26.95 48427.7
27 48434.4
27.05 48441
27.1 48447.6
27.15 48454.3
27.2 48460.9
27.25 48467.5
27.3 48474.2
27.35 48480.8
27.4 48487.4
27.45 48494
27.5 48500.7
27.55 48507.3
27.6 48513.9
27.65 48520.6
27.7 48527.2
27.75 48533.8
27.8 48540.4
27.85 48547.1
27.9 48553.7
27.95 48560.3
28 48567
28.05 48573.6
28.1 48580.2
28.15 48586.8
28.2 48593.5
28.25 48600.1
28.3 48606.7
28.35 48613.4
28.4 48620
28.45 48626.6
28.5 48633.3
28.55 48639.9
28.6 48646.5
28.65 48653.1
28.7 48659.8
28.75 48666.4
28.8 48673
28.85 48679.7
28.9 48686.3
28.95 48692.9
29 48699.5
29.05 48706.2
29.1 48712.8
29.15 48719.4
29.2 48726.1
29.25 48732.7
29.3 48739.3
29.35 48745.9
29.4 48752.6
29.45 48759.2
29.5 48765.8
29.55 48772.5
29.6 48779.1
29.65 48785.7
29.7 48792.4
29.75 48799
29.8 48805.6
29.85 48812.2
29.9 48818.9
29.95 48825.5
30 48832.1
30.05 48838.8
30.1 48845.4
30.15 48852
30.2 48858.6
30.25 48865.3
30.3 48871.9
30.35 48878.5
30.4 48885.2
30.45 48891.8
30.5 48898.4
30.55 48905
30.6 48911.7
30.65 48918.3
30.7 48924.9
30.75 48931.6
30.8 48938.2
30.85 48944.8
30.9 48951.5
30.95 48958.1
31 48964.7
31.05 48971.3
31.1 48978
31.15 48984.6
31.2 48991.2
31.25 48997.9
31.3 49004.5
31.35 49011.1
31.4 49017.7
31.45 49024.4
31.5 49031
31.55 49037.6
31.6 49044.3
31.65 49050.9
31.7 49057.5
31.75 49064.2
31.8 49070.8
31.85 49077.4
31.9 49084
31.95 49090.7
32 49097.3
32.05 49103.9
32.1 49110.6
32.15 49117.2
32.2 49123.8
32.25 49130.4
32.3 49137.1
32.35 49143.7
32.4 49150.3
32.45 49157
32.5 49163.6
32.55 49170.2
32.6 49176.8
32.65 49183.5
32.7 49190.1
32.75 49196.7
32.8 49203.4
32.85 49210
32.9 49216.6
32.95 49223.3
33 49229.9
33.05 49236.5
33.1 49243.1
33.15 49249.8
33.2 49256.4
33.25 49263
33.3 49269.7
33.35 49276.3
33.4 49282.9
33.45 49289.5
33.5 49296.2
33.55 49302.8
33.6 49309.4
33.65 49316.1
33.7 49322.7
33.75 49329.3
33.8 49335.9
33.85 49342.6
33.9 49349.2
33.95 49355.8
34 49362.5
34.05 49369.1
34.1 49375.7
34.15 49382.4
34.2 49389
34.25 49395.6
34.3 49402.2
34.35 49408.9
34.4 49415.5
34.45 49422.1
34.5 49428.8
34.55 49435.4
34.6 49442
34.65 49448.6
34.7 49455.3
34.75 49461.9
34.8 49468.5
34.85 49475.2
34.9 49481.8
34.95 49488.4
35 49495
35.05 49501.7
35.1 49508.3
35.15 49514.9
35.2 49521.6
35.25 49528.2
35.3 49534.8
35.35 49541.5
35.4 49548.1
35.45 49554.7
35.5 49561.3
35.55 49568
35.6 49574.6
35.65 49581.2
35.7 49587.9
35.75 49594.5
35.8 49601.1
35.85 49607.7
35.9 49614.4
35.95 49621
36 49627.6
36.05 49634.3
36.1 49640.9
36.15 49647.5
36.2 49654.1
36.25 49660.8
36.3 49667.4
36.35 49674
36.4 49680.7
36.45 49687.3
36.5 49693.9
36.55 49700.6
36.6 49707.2
36.65 49713.8
36.7 49720.4
36.75 49727.1
36.8 49733.7
36.85 49740.3
36.9 49747
36.95 49753.6
37 49760.2
37.05 49766.8
37.1 49773.5
37.15 49780.1
37.2 49786.7
37.25 49793.4
37.3 49800
37.35 49806.6
37.4 49813.3
37.45 49819.9
37.5 49826.5
37.55 49833.1
37.6 49839.8
37.65 49846.4
37.7 30861.5
37.75 31412.7
37.8 31672.1
37.85 31678.2
37.9 31684.3
37.95 31690.4
38 31696.5
38.05 31702.6
38.1 31708.7
38.15 31714.7
38.2 31720.8
38.25 31726.9
38.3 31733
38.35 31739.1
38.4 31745.2
38.45 31751.3
38.5 31757.3
38.55 31763.4
38.6 31769.5
38.65 31775.6
38.7 31781.7
38.75 31787.8
38.8 31793.9
38.85 31799.9
38.9 31806
38.95 31812.1
39 31818.2
39.05 31824.3
39.1 31830.4
39.15 31836.5
39.2 31842.5
39.25 31848.6
39.3 31854.7
39.35 31860.8
39.4 31866.9
39.45 31873
39.5 31879
39.55 31885.1
39.6 31891.2
39.65 31897.3
39.7 31903.4
39.75 31909.5
39.8 31915.6
39.85 31921.6
39.9 31927.7
39.95 31933.8
40 31939.9
40.05 31946
40.1 31952.1
40.15 31958.2
40.2 31964.2
40.25 31970.3
40.3 31976.4
40.35 31982.5
40.4 31988.6
40.45 31994.7
40.5 32000.8
40.55 32006.8
40.6 32012.9
40.65 32019
40.7 32025.1
40.75 32031.2
40.8 32037.3
40.85 32043.4
40.9 32049.4
40.95 32055.5
41 32061.6
41.05 32067.7
41.1 32073.8
41.15 32079.9
41.2 32086
41.25 32092
41.3 32098.1
41.35 32104.2
41.4 32110.3
41.45 32116.4
41.5 32122.5
41.55 32128.6
41.6 32134.6
41.65 32140.7
41.7 32146.8
41.75 32152.9
41.8 32159
41.85 32165.1
41.9 32171.2
41.95 32177.2
42 32183.3
42.05 32189.4
42.1 32195.5
42.15 32201.6
42.2 32207.7
42.25 32213.7
42.3 32219.8
42.35 32225.9
42.4 32232
42.45 32238.1
42.5 32244.2
42.55 32250.3
42.6 32256.3
42.65 32262.4
42.7 32268.5
42.75 32274.6
42.8 32280.7
42.85 32286.8
42.9 32292.9
42.95 32298.9
43 32305
43.05 32311.1
43.1 32317.2
43.15 32323.3
43.2 32329.4
43.25 32335.5
43.3 32341.5
43.35 32347.6
43.4 32353.7
43.45 32359.8
43.5 32365.9
43.55 32372
43.6 32378.1
43.65 32384.1
43.7 32390.2
43.75 32396.3
43.8 32402.4
43.85 32408.5
43.9 32414.6
43.95 32420.7
44 32426.7
44.05 32432.8
44.1 32438.9
44.15 32445
44.2 32451.1
44.25 32457.2
44.3 32463.3
44.35 32469.3
44.4 32475.4
44.45 32481.5
44.5 32487.6
44.55 32493.7
44.6 32499.8
44.65 32505.9
44.7 32511.9
44.75 32518
44.8 32524.1
44.85 32530.2
44.9 32536.3
44.95 32542.4
45 32548.4
45.05 32554.5
45.1 32560.6
45.15 32566.7
45.2 32572.8
45.25 32578.9
45.3 32585
45.35 32591
45.4 32597.1
45.45 32603.2
45.5 32609.3
45.55 32615.4
45.6 32621.5
45.65 32627.6
45.7 32633.6
45.75 32639.7
45.8 32645.8
45.85 32651.9
45.9 32658
45.95 32664.1
46 32670.2
46.05 32676.2
46.1 32682.3
46.15 32688.4
46.2 32694.5
46.25 32700.6
46.3 32706.7
46.35 32712.8
46.4 32718.8
46.45 32724.9
46.5 32731
46.55 32737.1
46.6 32743.2
46.65 32749.3
46.7 32755.4
46.75 32761.4
46.8 32767.5
46.85 32773.6
46.9 32779.7
46.95 32785.8
47 32791.9
47.05 32798
47.1 32804
47.15 32810.1
47.2 32816.2
47.25 32822.3
47.3 32828.4
47.35 32834.5
47.4 32840.5
47.45 32846.6
47.5 32852.7
47.55 32858.8
47.6 32864.9
47.65 32871
47.7 32877.1
47.75 32883.1
47.8 32889.2
47.85 32895.3
47.9 32901.4
47.95 32907.5
48 32913.6
48.05 32919.7
48.1 32925.7
48.15 32931.8
48.2 32937.9
48.25 32944
48.3 32950.1
48.35 32956.2
48.4 32962.3
48.45 32968.3
48.5 32974.4
48.55 32980.5
48.6 32986.6
48.65 32992.7
48.7 32998.8
48.75 33004.9
48.8 33010.9
48.85 33017
48.9 33023.1
48.95 33029.2
49 33035.3
49.05 33041.4
49.1 33047.5
49.15 33053.5
49.2 33059.6
49.25 33065.7
49.3 33071.8
49.35 33077.9
49.4 33084
49.45 33090.1
49.5 33096.1
49.55 33102.2
49.6 33108.3
49.65 33114.4
49.7 33120.5
49.75 33126.6
49.8 33132.7
49.85 33138.7
49.9 33144.8
49.95 33150.9
50 33157
50.05 33163.1
50.1 33169.2
50.15 33175.2
50.2 33181.3
50.25 33187.4
50.3 33193.5
50.35 33199.6
50.4 33205.7
50.45 33211.8
50.5 33217.8
50.55 33223.9
50.6 33230
50.65 33236.1
50.7 33242.2
50.75 33248.3
50.8 33254.4
50.85 33260.4
50.9 33266.5
50.95 33272.6
51 33278.7
51.05 33284.8
51.1 33290.9
51.15 33297
51.2 33303
51.25 33309.1
51.3 33315.2
51.35 33321.3
51.4 33327.4
51.45 33333.5
51.5 33339.6
51.55 33345.6
51.6 33351.7
51.65 33357.8
51.7 33363.9
51.75 33370
51.8 33376.1
51.85 33382.2
51.9 33388.2
51.95 33394.3
52 33400.4
52.05 33406.5
52.1 33412.6
52.15 33418.7
52.2 33424.8
52.25 33430.8
52.3 33436.9
52.35 33443
52.4 33449.1
52.45 33455.2
52.5 33461.3
52.55 33467.4
52.6 33473.4
52.65 33479.5
52.7 33485.6
52.75 33491.7
52.8 33497.8
52.85 33503.9
52.9 33509.9
52.95 33516
53 33522.1
53.05 33528.2
53.1 33534.3
53.15 33540.4
53.2 33546.5
53.25 33552.5
53.3 33558.6
53.35 33564.7
53.4 33570.8
53.45 33576.9
53.5 33583
53.55 33589.1
53.6 33595.1
53.65 33601.2
53.7 33607.3
53.75 33613.4
53.8 33619.5
53.85 33625.6
53.9 33631.7
53.95 33637.7
54 33643.8
54.05 33649.9
54.1 33656
54.15 33662.1
54.2 33668.2
54.25 33674.3
54.3 33680.3
54.35 33686.4
54.4 33692.5
54.45 33698.6
54.5 33704.7
54.55 33710.8
54.6 33716.9
54.65 33722.9
54.7 33729
54.75 33735.1
54.8 33741.2
54.85 33747.3
54.9 33753.4
54.95 33759.5
55 33765.5
55.05 33771.6
55.1 33777.7
55.15 33783.8
55.2 33789.9
55.25 33796
55.3 33802
55.35 33808.1
55.4 33814.2
55.45 33820.3
55.5 33826.4
55.55 33832.5
55.6 33838.6
55.65 33844.6
55.7 33850.7
55.75 33856.8
55.8 33862.9
55.85 33869
55.9 33875.1
55.95 33881.2
56 33887.2
56.05 33893.3
56.1 33899.4
56.15 33905.5
56.2 33911.6
56.25 33917.7
56.3 33923.8
56.35 33929.8
56.4 33935.9
56.45 33942
56.5 33948.1
56.55 33954.2
56.6 33960.3
56.65 33966.4
56.7 33972.4
56.75 33978.5
56.8 33984.6
56.85 33990.7
56.9 33996.8
56.95 34002.9
57 34009
57.05 34015
57.1 34021.1
57.15 34027.2
57.2 34033.3
57.25 34039.4
57.3 34045.5
57.35 34051.6
57.4 34057.6
57.45 34063.7
57.5 34069.8
57.55 34075.9
57.6 34082
57.65 34088.1
57.7 34094.2
57.75 34100.2
57.8 34106.3
57.85 34112.4
57.9 34118.5
57.95 34124.6
58 34130.7
58.05 34136.7
58.1 34142.8
58.15 34148.9
58.2 34155
58.25 34161.1
58.3 34167.2
58.35 34173.3
58.4 34179.3
58.45 34185.4
58.5 34191.5
58.55 34197.6
58.6 34203.7
58.65 34209.8
58.7 34215.9
58.75 34221.9
58.8 34228
58.85 34234.1
58.9 34240.2
58.95 34246.3
59 34252.4
59.05 34258.5
59.1 34264.5
59.15 34270.6
59.2 34276.7
59.25 34282.8
59.3 34288.9
59.35 34295
59.4 34301.1
59.45 34307.1
59.5 34313.2
59.55 34319.3
59.6 34325.4
59.65 34331.5
59.7 34337.6
59.75 34343.7
59.8 34349.7
59.85 34355.8
59.9 34361.9
59.95 34368
60 34374.1
