1.75 3.65 5.72 7.06 8.82 11.46 15.99 16.23 18.60 18.11
2.80 4.97 7.53 10.22 14.43 16.90 19.18 22.07 25.12 37.46
1.33 3.34 4.59 6.96 9.23 10.60 13.30 14.94 15.72 17.24
1.81 4.78 6.81 9.34 12.36 14.32 16.01 18.33 19.53 20.36
3.37 6.23 8.18 10.00 12.86 14.81 18.24 23.20 25.25 26.47
2.20 3.86 6.73 8.29 9.80 10.88 15.85 19.00 17.94 15.18
2.39 3.87 7.16 9.08 10.73 13.54 16.81 100.00 100.00 100.00
4.52 9.56 11.97 14.07 15.24 19.28 29.44 36.28 100.00 100.00
2.13 3.62 5.28 7.42 9.97 10.86 11.41 15.37 21.13 22.32
2.04 3.68 5.57 7.66 11.51 11.49 12.77 15.65 16.93 18.99
3.09 5.67 8.18 9.46 12.76 16.47 22.20 27.23 31.32 30.80
2.34 5.50 9.05 10.67 13.03 21.57 24.72 30.39 35.19 38.18
3.82 6.11 7.94 9.95 14.58 19.74 23.71 34.66 100.00 100.00
2.23 5.25 7.46 9.38 12.01 14.40 17.35 24.74 100.00 100.00
1.27 2.59 4.71 5.96 8.82 10.95 12.46 13.19 14.71 17.46
1.35 3.03 3.80 5.99 7.23 10.37 12.91 15.78 18.00 17.39
1.98 4.95 6.50 8.63 11.55 13.13 14.07 16.20 17.38 17.60
2.05 5.19 7.59 10.57 15.09 17.77 24.42 23.99 31.69 34.66
4.72 8.10 14.75 19.13 23.29 28.49 36.67 100.00 100.00 100.00
2.97 4.38 8.08 9.59 14.61 18.88 21.77 100.00 100.00 100.00
2.63 5.11 6.67 9.01 13.42 16.27 22.63 20.82 28.83 43.51
2.47 5.56 7.84 10.10 13.32 16.22 19.03 20.16 22.73 24.59
1.81 3.31 4.99 6.82 10.25 13.32 14.12 18.59 18.45 19.54
1.82 4.01 7.67 8.35 11.55 13.67 15.80 15.88 17.88 20.78
1.36 4.88 6.80 7.16 10.91 13.89 19.49 22.38 23.65 26.61
1.06 3.08 4.66 6.11 8.75 10.84 12.22 13.15 14.56 15.78
4.45 7.92 11.33 15.34 20.86 25.93 32.64 36.61 100.00 100.00
3.11 6.00 8.54 11.70 15.98 13.44 15.69 22.66 100.00 100.00
3.16 7.23 8.21 9.74 14.72 18.90 21.38 24.33 27.70 100.00
3.58 7.17 9.25 10.65 13.12 16.53 19.44 24.97 34.45 100.00
3.63 7.43 9.26 10.71 15.43 18.83 19.84 20.73 22.13 23.74
2.73 4.51 7.15 8.40 10.70 13.58 17.83 19.08 24.11 28.17
3.63 7.91 8.93 10.48 14.62 17.29 24.55 31.57 100.00 100.00
2.73 4.65 6.73 9.49 10.54 12.15 14.34 24.29 30.66 100.00
1.20 3.99 5.04 6.34 9.48 12.10 15.58 19.33 19.65 21.20
4.20 7.76 10.84 12.46 14.73 21.40 27.46 32.78 37.13 100.00
1.36 3.39 4.11 7.21 10.74 11.80 12.97 15.56 19.09 21.62
2.51 4.82 6.36 7.05 10.73 14.24 19.76 24.47 28.03 35.34
2.45 5.56 8.26 11.30 14.59 16.95 18.85 20.26 21.53 25.04
1.73 3.84 5.61 7.70 10.30 13.05 14.25 16.41 18.69 19.08
3.32 5.59 8.54 11.33 17.54 19.80 30.15 100.00 100.00 100.00
3.30 5.04 7.43 11.12 12.95 17.30 20.43 100.00 100.00 100.00
2.85 5.96 7.68 9.60 13.96 15.14 18.40 22.24 27.19 31.79
3.02 7.97 9.64 11.91 12.40 17.36 22.00 21.49 28.49 28.66
