# M02 3D pushover in Y: mass-proportional load, control node 1002
# control displacement (mm), base shear (N)
0 0
0.05 1832.16
0.1 3633.65
0.15 3862.78
0.2 4037.12
0.25 4211.46
0.3 4385.8
0.35 4560.14
0.4 4734.48
0.45 4908.82
0.5 5083.16
0.55 5257.5
0.6 5431.85
0.65 5606.19
0.7 5780.53
0.75 5954.87
0.8 6129.21
0.85 6303.55
0.9 6477.89
0.95 6652.23
1 6826.57
1.05 7000.91
1.1 7175.25
1.15 7349.59
1.2 7523.93
1.25 7698.27
1.3 7872.61
1.35 8046.95
1.4 8221.29
1.45 8395.63
1.5 8569.97
1.55 8744.32
1.6 8918.66
1.65 9093
1.7 9267.34
1.75 9441.68
1.8 9616.02
1.85 9790.36
1.9 9964.7
1.95 10139
2 10313.4
2.05 10487.7
2.1 10662.1
2.15 10836.4
2.2 11010.7
2.25 11185.1
2.3 11359.4
2.35 11533.8
2.4 11708.1
2.45 11882.4
2.5 12056.8
2.55 12231.1
2.6 12405.5
2.65 12579.8
2.7 12754.1
2.75 12928.5
2.8 13102.8
2.85 13277.2
2.9 13451.5
2.95 13625.9
3 13800.2
3.05 13974.5
3.1 14148.9
3.15 14323.2
3.2 14497.6
3.25 14671.9
3.3 14846.2
3.35 15020.6
3.4 15194.9
3.45 15369.3
3.5 15543.6
3.55 15717.9
3.6 15892.3
3.65 16066.6
3.7 16241
3.75 16415.3
3.8 16589.6
3.85 16764
3.9 16938.3
3.95 17112.7
4 17287
4.05 17461.3
4.1 17635.7
4.15 17810
4.2 17984.4
4.25 18158.7
4.3 18333
4.35 18507.4
4.4 18681.7
4.45 18856.1
4.5 19030.4
4.55 19204.7
4.6 19379.1
4.65 19553.4
4.7 19727.8
4.75 19902.1
4.8 20076.5
4.85 20250.8
4.9 20425.1
4.95 20599.5
5 20773.8
5.05 20948.2
5.1 21122.5
5.15 21296.8
5.2 21471.2
5.25 21645.5
5.3 21819.9
5.35 21994.2
5.4 22168.5
5.45 22342.9
5.5 22517.2
5.55 22691.6
5.6 22865.9
5.65 23040.2
5.7 23214.6
5.75 23388.9
5.8 23563.3
5.85 23737.6
5.9 23911.9
5.95 24086.3
6 24260.6
6.05 24435
6.1 24609.3
6.15 24783.6
6.2 24958
6.25 25132.3
6.3 25306.7
6.35 25481
6.4 25655.3
6.45 25829.7
6.5 26004
6.55 26178.4
6.6 26352.7
6.65 26527
6.7 26701.4
6.75 26875.7
6.8 27050.1
6.85 27224.4
6.9 27398.8
6.95 27573.1
7 27747.4
7.05 27921.8
7.1 28096.1
7.15 28270.5
7.2 28444.8
7.25 28619.1
7.3 28793.5
7.35 28967.8
7.4 29142.2
7.45 29316.5
7.5 29490.8
7.55 29665.2
7.6 29839.5
7.65 30013.9
7.7 30188.2
7.75 30362.5
7.8 30536.9
7.85 30711.2
7.9 30885.6
7.95 31059.9
8 31234.2
8.05 31408.6
8.1 31582.9
8.15 31757.3
8.2 31931.6
8.25 32105.9
8.3 32280.3
8.35 32454.6
8.4 32629
8.45 32803.3
8.5 32977.6
8.55 33152
8.6 33326.3
8.65 33500.7
8.7 33675
8.75 33845.8
8.8 34015
8.85 34184.3
8.9 34353.5
8.95 34522.7
9 34692
9.05 34861.2
9.1 35030.4
9.15 35199.7
9.2 35368.9
9.25 35538.1
9.3 35707.3
9.35 35876.6
9.4 36045.8
9.45 36215
9.5 36384.3
9.55 36553.5
9.6 36722.7
9.65 36892
9.7 37061.2
9.75 37230.4
9.8 37399.7
9.85 37568.9
9.9 37738.1
9.95 37907.4
10 38076.6
10.05 38237.5
10.1 38397.1
10.15 38556.8
10.2 38716.4
10.25 38876.1
10.3 39035.7
10.35 39195.4
10.4 39355
10.45 39514.7
10.5 39674.4
10.55 39834
10.6 39993.7
10.65 40153.3
10.7 40313
10.75 40472.6
10.8 40632.3
10.85 40791.9
10.9 40951.6
10.95 41111.3
11 41270.9
11.05 41430.6
11.1 41590.2
11.15 41749.9
11.2 41909.5
11.25 42069.2
11.3 42228.8
11.35 42388.5
11.4 42548.1
11.45 42707.8
11.5 42867.5
11.55 43027.1
11.6 43186.8
11.65 43346.4
11.7 43506.1
11.75 43665.7
11.8 43825.4
11.85 43985
11.9 44144.7
11.95 44304.3
12 44464
12.05 44561.6
12.1 44652
12.15 44742.4
12.2 44832.7
12.25 44923.1
12.3 45013.5
12.35 45103.9
12.4 45194.3
12.45 45284.6
12.5 45375
12.55 45465.4
12.6 45555.8
12.65 45646.2
12.7 45736.5
12.75 45826.9
12.8 45917.3
12.85 46007.7
12.9 46098.1
12.95 46188.4
13 46278.8
13.05 46369.2
13.1 46459.6
13.15 46550
13.2 46640.3
13.25 46730.7
13.3 46821.1
13.35 46911.5
13.4 47001.9
13.45 47092.2
13.5 47182.6
13.55 47273
13.6 47363.4
13.65 47453.8
13.7 47544.1
13.75 47634.5
13.8 47724.9
13.85 47815.3
13.9 47905.7
13.95 47996
14 48086.4
14.05 48176.8
14.1 48267.2
14.15 48357.6
14.2 48447.9
14.25 48538.3
14.3 48628.7
14.35 48719.1
14.4 48809.5
14.45 48899.8
14.5 48990.2
14.55 49080.6
14.6 49171
14.65 49261.4
14.7 49351.7
14.75 49442.1
14.8 49532.5
14.85 49622.9
14.9 49713.3
14.95 49803.6
15 49894
15.05 49984.4
15.1 50074.8
15.15 50165.2
15.2 50255.5
15.25 50345.9
15.3 50436.3
15.35 50526.7
15.4 50605.7
15.45 50682
15.5 50758
15.55 50822.1
15.6 50886.1
15.65 50950.2
15.7 51014.3
15.75 51078.3
15.8 51142.4
15.85 51206.4
15.9 51270.5
15.95 51334.5
16 51398.6
16.05 51462.7
16.1 51526.7
16.15 51590.8
16.2 51654.8
16.25 51718.9
16.3 51783
16.35 51847
16.4 51911.1
16.45 51975.1
16.5 52039.2
16.55 52103.2
16.6 52167.3
16.65 52231.4
16.7 52295.4
16.75 52359.5
16.8 52423.5
16.85 52487.6
16.9 52551.7
16.95 52615.7
17 52679.8
17.05 52743.8
17.1 52807.9
17.15 52871.9
17.2 52922.1
17.25 52958.5
17.3 52994.9
17.35 53031.3
17.4 53067.7
17.45 53104.1
17.5 53140.5
17.55 53176.9
17.6 53213.2
17.65 53249.6
17.7 53286
17.75 53322.4
17.8 53358.8
17.85 53395.2
17.9 53431.6
17.95 53468
18 53504.4
18.05 53540.8
18.1 53577.2
18.15 53609.9
18.2 53632.4
18.25 53655
18.3 53677.5
18.35 53700
18.4 53722.6
18.45 53745.1
18.5 53767.6
18.55 53790.2
18.6 53812.7
18.65 53835.2
18.7 53857.8
18.75 53880.3
18.8 53902.8
18.85 53925.4
18.9 53947.9
18.95 53970.5
19 53993
19.05 54015.5
19.1 54038.1
19.15 54060.6
19.2 54083.1
19.25 54105.7
19.3 54128.2
19.35 54150.7
19.4 54173.3
19.45 54195.8
19.5 54218.3
19.55 54240.9
19.6 54263.4
19.65 54285.9
19.7 54308.5
19.75 54331
19.8 54353.5
19.85 54376.1
19.9 54398.6
19.95 54421.1
20 54443.7
20.05 54466.2
20.1 54488.7
20.15 54511.3
20.2 54533.8
20.25 54556.4
20.3 54578.9
20.35 54601.4
20.4 54624
20.45 54646.5
20.5 54669
20.55 54691.6
20.6 54714.1
20.65 54736.6
20.7 54759.2
20.75 54781.7
20.8 54804.2
20.85 54826.8
20.9 54849.3
20.95 54871.8
21 54894.4
21.05 54916.9
21.1 54939.4
21.15 54962
21.2 54984.5
21.25 55007
21.3 55029.6
21.35 55052.1
21.4 55074.6
21.45 55097.2
21.5 55119.7
21.55 55142.3
21.6 55164.8
21.65 55187.3
21.7 55209.9
21.75 55232.4
21.8 55254.9
21.85 55277.5
21.9 55300
21.95 55322.5
22 55345.1
22.05 55367.6
22.1 55390.1
22.15 55412.7
22.2 55435.2
22.25 55457.7
22.3 55480.3
22.35 55502.8
22.4 55525.3
22.45 55547.9
22.5 55570.4
22.55 55592.9
22.6 55615.5
22.65 55638
22.7 55660.5
22.75 55683.1
22.8 55705.6
22.85 55728.2
22.9 55750.7
22.95 55773.2
23 55795.8
23.05 55818.3
23.1 55840.8
23.15 55863.4
23.2 55885.9
23.25 55908.4
23.3 55931
23.35 55953.5
23.4 55976
23.45 55998.6
23.5 56021.1
23.55 56043.6
23.6 56066.2
23.65 56088.7
23.7 56111.2
23.75 56133.8
23.8 56156.3
23.85 56178.8
23.9 56201.4
23.95 56223.9
24 56246.4
24.05 56255.3
24.1 56260.6
24.15 56265.8
24.2 56271
24.25 56276.2
24.3 56281.5
24.35 56286.7
24.4 56291.9
24.45 56297.2
24.5 56302.4
24.55 56307.6
24.6 56312.8
24.65 56318.1
24.7 56323.3
24.75 56328.5
24.8 56333.8
24.85 56339
24.9 56344.2
24.95 56349.4
25 56354.7
25.05 56359.9
25.1 56365.1
25.15 56370.3
25.2 56375.6
25.25 56380.8
25.3 56386
25.35 56391.3
25.4 56396.5
25.45 56401.7
25.5 56406.9
25.55 56412.2
25.6 56417.4
25.65 56422.6
25.7 56427.9
25.75 56433.1
25.8 56438.3
25.85 56443.5
25.9 56448.8
25.95 56454
26 56459.2
26.05 56464.5
26.1 56469.7
26.15 56474.9
26.2 56480.1
26.25 56485.4
26.3 56490.6
26.35 56495.8
26.4 56501.1
26.45 56506.3
26.5 56511.5
26.55 56516.7
26.6 56522
26.65 56527.2
26.7 56532.4
26.75 56537.7
26.8 56542.9
26.85 56548.1
26.9 56553.3
26.95 56558.6
27 56563.8
27.05 29324.1
27.1 29328.4
27.15 29332.7
27.2 29337.1
27.25 29341.4
27.3 29345.7
27.35 29350
27.4 29354.4
27.45 29358.7
27.5 29363
27.55 29367.4
27.6 29371.7
27.65 29376
27.7 29380.3
27.75 29384.7
27.8 29389
27.85 29393.3
27.9 29397.7
27.95 29402
28 29406.3
28.05 29410.6
28.1 29415
28.15 29419.3
28.2 29423.6
28.25 29427.9
28.3 29432.3
28.35 29436.6
28.4 29440.9
28.45 29445.3
28.5 29449.6
28.55 29453.9
28.6 29458.2
28.65 29462.6
28.7 29466.9
28.75 29471.2
28.8 29475.6
28.85 29479.9
28.9 29484.2
28.95 29488.5
29 29492.9
29.05 29497.2
29.1 29501.5
29.15 29505.9
29.2 29510.2
29.25 29514.5
29.3 29518.8
29.35 29523.2
29.4 29527.5
29.45 29531.8
29.5 29536.1
29.55 29540.5
29.6 29544.8
29.65 29549.1
29.7 29553.5
29.75 29557.8
29.8 29562.1
29.85 29566.4
29.9 29570.8
29.95 29575.1
30 29579.4
30.05 29583.8
30.1 29588.1
30.15 29592.4
30.2 29596.7
30.25 29601.1
30.3 29605.4
30.35 29609.7
30.4 29614.1
30.45 29618.4
30.5 29622.7
30.55 29627
30.6 29631.4
30.65 29635.7
30.7 29640
30.75 29644.4
30.8 29648.7
30.85 29653
30.9 29657.3
30.95 29661.7
31 29666
31.05 20573.7
31.1 20577.8
31.15 20581.8
31.2 20585.9
31.25 20590
31.3 20594
31.35 20598.1
31.4 20602.1
31.45 20606.2
31.5 20610.3
31.55 20614.3
31.6 20618.4
31.65 20622.4
31.7 20626.5
31.75 20630.6
31.8 20634.6
31.85 20638.7
31.9 20642.7
31.95 20646.8
32 20650.9
32.05 20654.9
32.1 20659
32.15 20663
32.2 20667.1
32.25 20671.2
32.3 20675.2
32.35 20679.3
32.4 20683.3
32.45 20687.4
32.5 20691.5
32.55 20695.5
32.6 20699.6
32.65 20703.6
32.7 20707.7
32.75 20711.7
32.8 20715.8
32.85 20719.9
32.9 20723.9
32.95 20728
33 20732
33.05 20736.1
33.1 20740.2
33.15 20744.2
33.2 20748.3
33.25 20752.3
33.3 20756.4
33.35 20760.5
33.4 20764.5
33.45 20768.6
33.5 20772.6
33.55 20776.7
33.6 20780.8
33.65 20784.8
33.7 20788.9
33.75 20792.9
33.8 20797
33.85 20801.1
33.9 20805.1
33.95 20809.2
34 20813.2
34.05 20817.3
34.1 20821.4
34.15 20825.4
34.2 20829.5
34.25 20833.5
34.3 20837.6
34.35 20841.7
34.4 20845.7
34.45 20849.8
34.5 20853.8
34.55 20857.9
34.6 20862
34.65 20866
34.7 20870.1
34.75 20874.1
34.8 20878.2
34.85 20882.3
34.9 20886.3
34.95 20890.4
35 20894.4
35.05 20898.5
35.1 20902.6
35.15 20906.6
35.2 20910.7
35.25 20914.7
35.3 20918.8
35.35 20922.9
35.4 20926.9
35.45 20931
35.5 20935
35.55 20939.1
35.6 20943.2
35.65 20947.2
35.7 20951.3
35.75 20955.3
35.8 20959.4
35.85 20963.5
35.9 20967.5
35.95 20971.6
36 20975.6
36.05 20979.7
36.1 20983.8
36.15 20987.8
36.2 20991.9
36.25 20995.9
36.3 21000
36.35 21004.1
36.4 21008.1
36.45 21012.2
36.5 21016.2
36.55 21020.3
36.6 21024.3
36.65 21028.4
36.7 21032.5
36.75 21036.5
36.8 21040.6
36.85 21044.6
36.9 21048.7
36.95 21052.8
37 21056.8
37.05 21060.9
37.1 21064.9
37.15 21069
37.2 21073.1
37.25 21077.1
37.3 21081.2
37.35 21085.2
37.4 21089.3
37.45 21093.4
37.5 21097.4
37.55 21101.5
37.6 21105.5
37.65 21109.6
37.7 21113.7
37.75 21117.7
37.8 21121.8
37.85 21125.8
37.9 21129.9
37.95 21134
38 21138
38.05 21142.1
38.1 21146.1
38.15 21150.2
38.2 21154.3
38.25 21158.3
38.3 21162.4
38.35 21166.4
38.4 21170.5
38.45 21174.6
38.5 21178.6
38.55 21182.7
38.6 21186.7
38.65 21190.8
38.7 21194.9
38.75 21198.9
38.8 21203
38.85 21207
38.9 21211.1
38.95 21215.2
39 21219.2
39.05 21223.3
39.1 21227.3
39.15 21231.4
39.2 21235.5
39.25 21239.5
39.3 21243.6
39.35 21247.6
39.4 21251.7
39.45 21255.8
39.5 21259.8
39.55 21263.9
39.6 21267.9
39.65 21272
39.7 21276.1
39.75 21280.1
39.8 21284.2
39.85 21288.2
39.9 21292.3
39.95 21296.4
40 21300.4
40.05 21304.5
40.1 21308.5
40.15 21312.6
40.2 21316.6
40.25 21320.7
40.3 21324.8
40.35 21328.8
40.4 21332.9
40.45 21336.9
40.5 21341
40.55 21345.1
40.6 21349.1
40.65 21353.2
40.7 21357.2
40.75 21361.3
40.8 21365.4
40.85 21369.4
40.9 21373.5
40.95 21377.5
41 21381.6
41.05 21385.7
41.1 21389.7
41.15 21393.8
41.2 21397.8
41.25 21401.9
41.3 21406
41.35 21410
41.4 21414.1
41.45 21418.1
41.5 21422.2
41.55 21426.3
41.6 21430.3
41.65 21434.4
41.7 21438.4
41.75 21442.5
41.8 21446.6
41.85 21450.6
41.9 21454.7
41.95 21458.7
42 21462.8
42.05 21466.9
42.1 21470.9
42.15 21475
42.2 21479
42.25 21483.1
42.3 21487.2
42.35 21491.2
42.4 21495.3
42.45 21499.3
42.5 21503.4
42.55 21507.5
42.6 21511.5
42.65 21515.6
42.7 21519.6
42.75 21523.7
42.8 21527.8
42.85 21531.8
42.9 21535.9
42.95 21539.9
43 21544
43.05 21548.1
43.1 21552.1
43.15 21556.2
43.2 21560.2
43.25 21564.3
43.3 21568.4
43.35 21572.4
43.4 21576.5
43.45 21580.5
43.5 21584.6
43.55 21588.7
43.6 21592.7
43.65 21596.8
43.7 21600.8
43.75 21604.9
43.8 21609
43.85 21613
43.9 21617.1
43.95 21621.1
44 21625.2
44.05 21629.2
44.1 21633.3
44.15 21637.4
44.2 21641.4
44.25 21645.5
44.3 21649.5
44.35 21653.6
44.4 21657.7
44.45 21661.7
44.5 21665.8
44.55 21669.8
44.6 21673.9
44.65 21678
44.7 21682
44.75 21686.1
44.8 21690.1
44.85 21694.2
44.9 21698.3
44.95 21702.3
45 21706.4
45.05 21710.4
45.1 21714.5
45.15 21718.6
45.2 21722.6
45.25 21726.7
45.3 21730.7
45.35 21734.8
45.4 21738.9
45.45 21742.9
45.5 21747
45.55 21751
45.6 21755.1
45.65 21759.2
45.7 21763.2
45.75 21767.3
45.8 21771.3
45.85 21775.4
45.9 21779.5
45.95 21783.5
46 21787.6
46.05 21791.6
46.1 21795.7
46.15 21799.8
46.2 21803.8
46.25 21807.9
46.3 21811.9
46.35 21816
46.4 21820.1
46.45 21824.1
46.5 21828.2
46.55 21832.2
46.6 21836.3
46.65 21840.4
46.7 21844.4
46.75 21848.5
46.8 21852.5
46.85 21856.6
46.9 21860.7
46.95 21864.7
47 21868.8
47.05 21872.8
47.1 21876.9
47.15 21881
47.2 21885
47.25 21889.1
47.3 21893.1
47.35 21897.2
47.4 21901.3
47.45 21905.3
47.5 21909.4
47.55 21913.4
47.6 21917.5
47.65 21921.5
47.7 21925.6
47.75 21929.7
47.8 21933.7
47.85 21937.8
47.9 21941.8
47.95 21945.9
48 21950
48.05 21954
48.1 21958.1
48.15 21962.1
48.2 21966.2
48.25 21970.3
48.3 21974.3
48.35 21978.4
48.4 21982.4
48.45 21986.5
48.5 21990.6
48.55 21994.6
48.6 21998.7
48.65 22002.7
48.7 22006.8
48.75 22010.9
48.8 22014.9
48.85 22019
48.9 22023
48.95 22027.1
49 22031.2
49.05 22035.2
49.1 22039.3
49.15 22043.3
49.2 22047.4
49.25 22051.5
49.3 22055.5
49.35 22059.6
49.4 22063.6
49.45 22067.7
49.5 22071.8
49.55 22075.8
49.6 22079.9
49.65 22083.9
49.7 22088
49.75 22092.1
49.8 22096.1
49.85 22100.2
49.9 22104.2
49.95 22108.3
50 22112.4
50.05 22116.4
50.1 22120.5
50.15 22124.5
50.2 22128.6
50.25 22132.7
50.3 22136.7
50.35 22140.8
50.4 22144.8
50.45 22148.9
50.5 22153
50.55 22157
50.6 22161.1
50.65 22165.1
50.7 22169.2
50.75 22173.3
50.8 22177.3
50.85 22181.4
50.9 22185.4
50.95 22189.5
51 22193.6
51.05 22197.6
51.1 22201.7
51.15 22205.7
51.2 22209.8
51.25 22213.9
51.3 22217.9
51.35 22222
51.4 22226
51.45 22230.1
51.5 22234.1
51.55 22238.2
51.6 22242.3
51.65 22246.3
51.7 22250.4
51.75 22254.4
51.8 22258.5
51.85 22262.6
51.9 22266.6
51.95 22270.7
52 22274.7
52.05 22278.8
52.1 22282.9
52.15 22286.9
52.2 22291
52.25 22295
52.3 22299.1
52.35 22303.2
52.4 22307.2
52.45 22311.3
52.5 22315.3
52.55 22319.4
52.6 22323.5
52.65 22327.5
52.7 22331.6
52.75 22335.6
52.8 22339.7
52.85 22343.8
52.9 22347.8
52.95 22351.9
53 22355.9
53.05 22360
53.1 22364.1
53.15 22368.1
53.2 22372.2
53.25 22376.2
53.3 22380.3
53.35 22384.4
53.4 22388.4
53.45 22392.5
53.5 22396.5
53.55 22400.6
53.6 22404.7
53.65 22408.7
53.7 22412.8
53.75 22416.8
53.8 22420.9
53.85 22425
53.9 22429
53.95 22433.1
54 22437.1
54.05 22441.2
54.1 22445.3
54.15 22449.3
54.2 22453.4
54.25 22457.4
54.3 22461.5
54.35 22465.6
54.4 22469.6
54.45 22473.7
54.5 22477.7
54.55 22481.8
54.6 22485.9
54.65 22489.9
54.7 22494
54.75 22498
54.8 22502.1
54.85 22506.2
54.9 22510.2
54.95 22514.3
55 22518.3
55.05 22522.4
55.1 22526.5
55.15 22530.5
55.2 22534.6
55.25 22538.6
55.3 22542.7
55.35 22546.7
55.4 22550.8
55.45 22554.9
55.5 22558.9
55.55 22563
55.6 22567
55.65 22571.1
55.7 22575.2
55.75 22579.2
55.8 22583.3
55.85 22587.3
55.9 22591.4
55.95 22595.5
56 22599.5
56.05 22603.6
56.1 22607.6
56.15 22611.7
56.2 22615.8
56.25 22619.8
56.3 22623.9
56.35 22627.9
56.4 22632
56.45 22636.1
56.5 22640.1
56.55 22644.2
56.6 22648.2
56.65 22652.3
56.7 22656.4
56.75 22660.4
56.8 22664.5
56.85 22668.5
56.9 22672.6
56.95 22676.7
57 22680.7
57.05 22684.8
57.1 22688.8
57.15 22692.9
57.2 22697
57.25 22701
57.3 22705.1
57.35 22709.1
57.4 22713.2
57.45 22717.3
57.5 22721.3
57.55 22725.4
57.6 22729.4
57.65 22733.5
57.7 22737.6
57.75 22741.6
57.8 22745.7
57.85 22749.7
57.9 22753.8
57.95 22757.9
58 22761.9
58.05 22766
58.1 22770
58.15 22774.1
58.2 22778.2
58.25 22782.2
58.3 22786.3
58.35 22790.3
58.4 22794.4
58.45 22798.5
58.5 22802.5
58.55 22806.6
58.6 22810.6
58.65 22814.7
58.7 22818.8
58.75 22822.8
58.8 22826.9
58.85 22830.9
58.9 22835
58.95 22839
59 22843.1
59.05 22847.2
59.1 22851.2
59.15 22855.3
59.2 22859.3
59.25 22863.4
59.3 22867.5
59.35 22871.5
59.4 22875.6
59.45 22879.6
59.5 22883.7
59.55 22887.8
59.6 22891.8
59.65 22895.9
59.7 22899.9
59.75 22904
59.8 22908.1
59.85 22912.1
59.9 22916.2
59.95 22920.2
60 22924.3
