# M03 3D pushover in Y: mass-proportional load, control node 1002
# control displacement (mm), base shear (N)
0 0
0.05 1011.71
0.1 2023.42
0.15 2344.17
0.2 2513.49
0.25 2622.83
0.3 2730.51
0.35 2838.18
0.4 2945.85
0.45 3053.52
0.5 3161.2
0.55 3268.87
0.6 3376.54
0.65 3484.22
0.7 3591.89
0.75 3699.56
0.8 3807.24
0.85 3914.91
0.9 4022.58
0.95 4130.26
1 4237.93
1.05 4345.6
1.1 4453.27
1.15 4560.95
1.2 4668.62
1.25 4776.29
1.3 4883.97
1.35 4991.64
1.4 5099.31
1.45 5206.99
1.5 5314.66
1.55 5422.33
1.6 5530.01
1.65 5637.68
1.7 5745.35
1.75 5853.02
1.8 5960.7
1.85 6068.37
1.9 6176.04
1.95 6283.72
2 6391.39
2.05 6499.06
2.1 6606.74
2.15 6714.41
2.2 6822.08
2.25 6929.76
2.3 7037.43
2.35 7145.1
2.4 7252.77
2.45 7360.45
2.5 7468.12
2.55 7575.79
2.6 7683.47
2.65 7791.14
2.7 7898.81
2.75 8006.49
2.8 8114.16
2.85 8221.83
2.9 8329.51
2.95 8437.18
3 8544.85
3.05 8652.52
3.1 8760.2
3.15 8867.87
3.2 8975.54
3.25 9083.22
3.3 9190.89
3.35 9298.56
3.4 9406.24
3.45 9513.91
3.5 9621.58
3.55 9729.26
3.6 9836.93
3.65 9944.6
3.7 10052.3
3.75 10159.9
3.8 10267.6
3.85 10375.3
3.9 10483
3.95 10590.6
4 10698.3
4.05 10806
4.1 10913.7
4.15 11021.3
4.2 11129
4.25 11236.7
4.3 11344.4
4.35 11452
4.4 11559.7
4.45 11667.4
4.5 11775
4.55 11882.7
4.6 11990.4
4.65 12098.1
4.7 12205.7
4.75 12313.4
4.8 12421.1
4.85 12528.8
4.9 12636.4
4.95 12744.1
5 12851.8
5.05 12959.4
5.1 13067.1
5.15 13174.8
5.2 13282.5
5.25 13390.1
5.3 13497.8
5.35 13605.5
5.4 13713.2
5.45 13820.8
5.5 13928.5
5.55 14036.2
5.6 14143.9
5.65 14251.5
5.7 14359.2
5.75 14466.9
5.8 14574.5
5.85 14682.2
5.9 14789.9
5.95 14897.6
6 15005.2
6.05 15112.9
6.1 15220.6
6.15 15328.3
6.2 15435.9
6.25 15543.6
6.3 15651.3
6.35 15758.9
6.4 15866.6
6.45 15974.3
6.5 16082
6.55 16189.6
6.6 16297.3
6.65 16405
6.7 16512.7
6.75 16620.3
6.8 16728
6.85 16835.7
6.9 16943.4
6.95 17051
7 17158.7
7.05 17266.4
7.1 17374
7.15 17481.7
7.2 17589.4
7.25 17697.1
7.3 17804.7
7.35 17912.4
7.4 18020.1
7.45 18127.8
7.5 18235.4
7.55 18343.1
7.6 18450.8
7.65 18558.4
7.7 18666.1
7.75 18773.8
7.8 18881.5
7.85 18989.1
7.9 19096.8
7.95 19204.5
8 19312.2
8.05 19419.8
8.1 19527.5
8.15 19635.2
8.2 19742.9
8.25 19850.5
8.3 19958.2
8.35 20065.9
8.4 20173.5
8.45 20281.2
8.5 20388.9
8.55 20496.6
8.6 20604.2
8.65 20711.9
8.7 20819.6
8.75 20927.3
8.8 21034.9
8.85 21142.6
8.9 21250.3
8.95 21357.9
9 21465.6
9.05 21573.3
9.1 21681
9.15 21788.6
9.2 21896.3
9.25 22004
9.3 22111.7
9.35 22219.3
9.4 22327
9.45 22434.7
9.5 22542.4
9.55 22650
9.6 22757.7
9.65 22865.4
9.7 22973
9.75 23080.7
9.8 23188.4
9.85 23296.1
9.9 23403.7
9.95 23509.6
10 23614.5
10.05 23719.3
10.1 23824.2
10.15 23929.1
10.2 24033.9
10.25 24138.8
10.3 24243.6
10.35 24348.5
10.4 24453.3
10.45 24558.2
10.5 24663.1
10.55 24767.9
10.6 24872.6
10.65 24969.5
10.7 25066.5
10.75 25163.4
10.8 25260.3
10.85 25357.2
10.9 25453.8
10.95 25549.6
11 25645.4
11.05 25741.2
11.1 25837.1
11.15 25932.9
11.2 26028.7
11.25 26124.5
11.3 26220.3
11.35 26316.1
11.4 26411.9
11.45 26507.7
11.5 26603.5
11.55 26699.3
11.6 26795.1
11.65 26890.9
11.7 26986.7
11.75 27082.5
11.8 27178.3
11.85 27274.1
11.9 27369.9
11.95 27465.7
12 27561.5
12.05 27629.2
12.1 27692.6
12.15 27756.1
12.2 27819.5
12.25 27882.9
12.3 27946.4
12.35 28009.8
12.4 28073.3
12.45 28136.7
12.5 28200.1
12.55 28263.6
12.6 28327
12.65 28390.5
12.7 28453.9
12.75 28517.3
12.8 28580.8
12.85 28644.2
12.9 28707.7
12.95 28771.1
13 28834.5
13.05 28898
13.1 28961.4
13.15 29024.9
13.2 29088.3
13.25 29151.7
13.3 29215.2
13.35 29278.6
13.4 29342
13.45 29405.5
13.5 29468.9
13.55 29532.4
13.6 29595.8
13.65 29659.2
13.7 29722.7
13.75 29786.1
13.8 29849.6
13.85 29913
13.9 29976.4
13.95 30039.9
14 30103.3
14.05 30166.8
14.1 30230.2
14.15 30293.6
14.2 30357.1
14.25 30420.5
14.3 30484
14.35 30547.4
14.4 30610.8
14.45 30674.3
14.5 30737.7
14.55 30801.1
14.6 30864.6
14.65 30928
14.7 30991.5
14.75 31054.9
14.8 31118.3
14.85 31181.8
14.9 31245.2
14.95 31308.7
15 31372.1
15.05 31435.5
15.1 31499
15.15 31562.4
15.2 31625.9
15.25 31689.3
15.3 31752.7
15.35 31816.2
15.4 31879.6
15.45 31943
15.5 32006.5
15.55 32069.9
15.6 32133.4
15.65 32196.8
15.7 32260.2
15.75 32323.7
15.8 32387.1
15.85 32450.6
15.9 32514
15.95 32577.4
16 32640.9
16.05 32704.3
16.1 32767.8
16.15 32831.2
16.2 32894.6
16.25 32958.1
16.3 33021.5
16.35 33085
16.4 33148.4
16.45 33211.8
16.5 33275.3
16.55 33338.7
16.6 33402.1
16.65 33465.6
16.7 33529
16.75 33592.5
16.8 33655.9
16.85 33719.3
16.9 33782.8
16.95 33846.2
17 33909.7
17.05 33973.1
17.1 34036.5
17.15 34100
17.2 34163.4
17.25 34226.9
17.3 34290.3
17.35 34353.7
17.4 34417.2
17.45 34480.6
17.5 34544.1
17.55 34607.5
17.6 34670.9
17.65 34734.4
17.7 34797.8
17.75 34851.8
17.8 34901.5
17.85 34951.2
17.9 35001
17.95 35050.7
18 35100.4
18.05 35150.1
18.1 35199.9
18.15 35226
18.2 35248.9
18.25 35271.8
18.3 35294.6
18.35 35317.5
18.4 35340.4
18.45 35363.3
18.5 35386.2
18.55 35409
18.6 35431.9
18.65 35454.8
18.7 35477.7
18.75 35500.6
18.8 35523.4
18.85 35546.3
18.9 35569.2
18.95 35592.1
19 35615
19.05 35637.8
19.1 35660.7
19.15 35683.6
19.2 35706.5
19.25 35729.4
19.3 35752.3
19.35 35775.1
19.4 35798
19.45 35820.9
19.5 35843.8
19.55 35866.7
19.6 35889.5
19.65 35912.4
19.7 35935.3
19.75 35958.2
19.8 35981.1
19.85 36003.9
19.9 36026.8
19.95 36049.7
20 36072.6
20.05 36095.5
20.1 36118.3
20.15 36141.2
20.2 36164.1
20.25 36187
20.3 36209.9
20.35 36232.7
20.4 36255.6
20.45 36278.5
20.5 36300.7
20.55 36312.1
20.6 36323.5
20.65 36335
20.7 36346.4
20.75 36357.9
20.8 36369.3
20.85 36380.7
20.9 36392.2
20.95 36403.6
21 36415
21.05 36426.5
21.1 36437.9
21.15 36449.3
21.2 36460.8
21.25 36472.2
21.3 36483.7
21.35 36495.1
21.4 36506.5
21.45 36518
21.5 36529.4
21.55 36540.8
21.6 36552.3
21.65 36563.7
21.7 36575.2
21.75 36586.6
21.8 36598
21.85 36609.5
21.9 36620.9
21.95 36632.3
22 36643.8
22.05 36655.2
22.1 36666.6
22.15 36678.1
22.2 36689.5
22.25 36701
22.3 36712.4
22.35 36723.8
22.4 36735.3
22.45 36746.7
22.5 36758.1
22.55 36769.6
22.6 36781
22.65 36792.5
22.7 36803.9
22.75 36815.3
22.8 36826.8
22.85 36838.2
22.9 36849.6
22.95 36861.1
23 36872.5
23.05 36883.9
23.1 36895.4
23.15 36906.8
23.2 36918.3
23.25 36929.7
23.3 36941.1
23.35 36952.6
23.4 36964
23.45 36975.4
23.5 36986.9
23.55 36998.3
23.6 37009.8
23.65 37021.2
23.7 37032.6
23.75 37044.1
23.8 37055.5
23.85 37066.9
23.9 37078.4
23.95 37089.8
24 37101.2
24.05 37105.5
24.1 37108.4
24.15 37111.2
24.2 37114.1
24.25 37117
24.3 37119.8
24.35 37122.7
24.4 37125.6
24.45 37128.4
24.5 37131.3
24.55 37134.2
24.6 37137
24.65 37139.9
24.7 37142.7
24.75 37145.6
24.8 37148.5
24.85 37151.3
24.9 37154.2
24.95 37157.1
25 37159.9
25.05 37162.8
25.1 37165.6
25.15 37168.5
25.2 37171.4
25.25 37174.2
25.3 37177.1
25.35 37180
25.4 37182.8
25.45 37185.7
25.5 37188.5
25.55 37191.4
25.6 37194.3
25.65 37197.1
25.7 37200
25.75 37202.9
25.8 37205.7
25.85 37208.6
25.9 37211.5
25.95 37214.3
26 37217.2
26.05 37220
26.1 37222.9
26.15 37225.8
26.2 37228.6
26.25 37231.5
26.3 37234.4
26.35 37237.2
26.4 37240.1
26.45 37242.9
26.5 37245.8
26.55 37248.7
26.6 37251.5
26.65 37254.4
26.7 37257.3
26.75 37260.1
26.8 37263
26.85 37265.8
26.9 37268.7
26.95 37271.6
27 37274.4
27.05 37277.3
27.1 37280.2
27.15 37283
27.2 37285.9
27.25 37288.8
27.3 37291.6
27.35 37294.5
27.4 37297.3
27.45 37300.2
27.5 37303.1
27.55 37305.9
27.6 37308.8
27.65 37311.7
27.7 37314.5
27.75 37317.4
27.8 37320.2
27.85 37323.1
27.9 37326
27.95 37328.8
28 37331.7
28.05 37334.6
28.1 37337.4
28.15 37340.3
28.2 37343.1
28.25 37346
28.3 37348.9
28.35 37351.7
28.4 37354.6
28.45 37357.5
28.5 37360.3
28.55 37363.2
28.6 37366.1
28.65 37368.9
28.7 37371.8
28.75 37374.6
28.8 37377.5
28.85 37380.4
28.9 37383.2
28.95 37386.1
29 37389
29.05 37391.8
29.1 37394.7
29.15 37397.5
29.2 37400.4
29.25 37403.3
29.3 37406.1
29.35 37409
29.4 37411.9
29.45 37414.7
29.5 37417.6
29.55 37420.4
29.6 37423.3
29.65 37426.2
29.7 37429
29.75 37431.9
29.8 37434.8
29.85 37437.6
29.9 37440.5
29.95 37443.4
30 37446.2
30.05 37449.1
30.1 37451.9
30.15 37454.8
30.2 37457.7
30.25 37460.5
30.3 37463.4
30.35 37466.3
30.4 37469.1
30.45 37472
30.5 37474.8
30.55 37477.7
30.6 37480.6
30.65 37483.4
30.7 37486.3
30.75 37489.2
30.8 37492
30.85 37494.9
30.9 37497.7
30.95 37500.6
31 37503.5
31.05 37506.3
31.1 37509.2
31.15 37512.1
31.2 37514.9
31.25 37517.8
31.3 37520.7
31.35 37523.5
31.4 37526.4
31.45 37529.2
31.5 37532.1
31.55 37535
31.6 37537.8
31.65 37540.7
31.7 37543.6
31.75 37546.4
31.8 37549.3
31.85 37552.1
31.9 37555
31.95 37557.9
32 37560.7
32.05 37563.6
32.1 37566.5
32.15 37569.3
32.2 37572.2
32.25 37575
32.3 37577.9
32.35 37580.8
32.4 37583.6
32.45 37586.5
32.5 37589.4
32.55 37592.2
32.6 37595.1
32.65 37598
32.7 37600.8
32.75 37603.7
32.8 37606.5
32.85 37609.4
32.9 37612.3
32.95 37615.1
33 37618
33.05 37620.9
33.1 37623.7
33.15 37626.6
33.2 37629.4
33.25 37632.3
33.3 37635.2
33.35 37638
33.4 37640.9
33.45 37643.8
33.5 37646.6
33.55 37649.5
33.6 37652.3
33.65 37655.2
33.7 37658.1
33.75 37660.9
33.8 37663.8
33.85 10403.7
33.9 10405.7
33.95 10407.8
34 10409.8
34.05 10411.8
34.1 10413.9
34.15 10415.9
34.2 10417.9
34.25 10420
34.3 10422
34.35 10424
34.4 10426.1
34.45 10428.1
34.5 10430.1
34.55 10432.2
34.6 10434.2
34.65 10436.2
34.7 10438.3
34.75 10440.3
34.8 10442.3
34.85 10444.4
34.9 10446.4
34.95 10448.4
35 10450.5
35.05 10452.5
35.1 10454.5
35.15 10456.6
35.2 10458.6
35.25 10460.7
35.3 10462.7
35.35 10464.7
35.4 10466.8
35.45 10468.8
35.5 10470.8
35.55 10472.9
35.6 10474.9
35.65 10476.9
35.7 10479
35.75 10481
35.8 10483
35.85 10485.1
35.9 10487.1
35.95 10489.1
36 10491.2
36.05 10493.2
36.1 10495.2
36.15 10497.3
36.2 10499.3
36.25 10501.3
36.3 10503.4
36.35 10505.4
36.4 10507.4
36.45 10509.5
36.5 10511.5
36.55 10513.5
36.6 10515.6
36.65 10517.6
36.7 10519.6
36.75 10521.7
36.8 10523.7
36.85 10525.7
36.9 10527.8
36.95 10529.8
37 10531.8
37.05 10533.9
37.1 10535.9
37.15 10537.9
37.2 10540
37.25 10542
37.3 10544
37.35 10546.1
37.4 10548.1
37.45 10550.1
37.5 10552.2
37.55 10554.2
37.6 10556.2
37.65 10558.3
37.7 10560.3
37.75 10562.3
37.8 10564.4
37.85 10566.4
37.9 10568.5
37.95 10570.5
38 10572.5
38.05 10574.6
38.1 10576.6
38.15 10578.6
38.2 10580.7
38.25 10582.7
38.3 10584.7
38.35 10586.8
38.4 10588.8
38.45 10590.8
38.5 10592.9
38.55 10594.9
38.6 10596.9
38.65 10599
38.7 10601
38.75 10603
38.8 10605.1
38.85 10607.1
38.9 10609.1
38.95 10611.2
39 10613.2
39.05 10615.2
39.1 10617.3
39.15 10619.3
39.2 10621.3
39.25 10623.4
39.3 10625.4
39.35 10627.4
39.4 10629.5
39.45 10631.5
39.5 10633.5
39.55 10635.6
39.6 10637.6
39.65 10639.6
39.7 10641.7
39.75 10643.7
39.8 10645.7
39.85 10647.8
39.9 10649.8
39.95 10651.8
40 10653.9
40.05 10655.9
40.1 10657.9
40.15 10660
40.2 10662
40.25 10664
40.3 10666.1
40.35 10668.1
40.4 10670.1
40.45 10672.2
40.5 10674.2
40.55 10676.3
40.6 10678.3
40.65 10680.3
40.7 10682.4
40.75 10684.4
40.8 10686.4
40.85 10688.5
40.9 10690.5
40.95 10692.5
41 10694.6
41.05 10696.6
41.1 10698.6
41.15 10700.7
41.2 10702.7
41.25 10704.7
41.3 10706.8
41.35 10708.8
41.4 10710.8
41.45 10712.9
41.5 10714.9
41.55 10716.9
41.6 10719
41.65 10721
41.7 10723
41.75 10725.1
41.8 10727.1
41.85 10729.1
41.9 10731.2
41.95 10733.2
42 10735.2
42.05 10737.3
42.1 10739.3
42.15 10741.3
42.2 10743.4
42.25 10745.4
42.3 10747.4
42.35 10749.5
42.4 10751.5
42.45 10753.5
42.5 10755.6
42.55 10757.6
42.6 10759.6
42.65 10761.7
42.7 10763.7
42.75 10765.7
42.8 10767.8
42.85 10769.8
42.9 10771.8
42.95 10773.9
43 10775.9
43.05 10777.9
43.1 10780
43.15 10782
43.2 10784.1
43.25 10786.1
43.3 10788.1
43.35 10790.2
43.4 10792.2
43.45 10794.2
43.5 10796.3
43.55 10798.3
43.6 10800.3
43.65 10802.4
43.7 10804.4
43.75 10806.4
43.8 10808.5
43.85 10810.5
43.9 10812.5
43.95 10814.6
44 10816.6
44.05 10818.6
44.1 10820.7
44.15 10822.7
44.2 10824.7
44.25 10826.8
44.3 10828.8
44.35 10830.8
44.4 10832.9
44.45 10834.9
44.5 10836.9
44.55 10839
44.6 10841
44.65 10843
44.7 10845.1
44.75 10847.1
44.8 10849.1
44.85 10851.2
44.9 10853.2
44.95 10855.2
45 10857.3
45.05 10859.3
45.1 10861.3
45.15 10863.4
45.2 10865.4
45.25 10867.4
45.3 10869.5
45.35 10871.5
45.4 10873.5
45.45 10875.6
45.5 10877.6
45.55 10879.6
45.6 10881.7
45.65 10883.7
45.7 10885.7
45.75 10887.8
45.8 10889.8
45.85 10891.9
45.9 10893.9
45.95 10895.9
46 10898
46.05 10900
46.1 10902
46.15 10904.1
46.2 10906.1
46.25 10908.1
46.3 10910.2
46.35 10912.2
46.4 10914.2
46.45 10916.3
46.5 10918.3
46.55 10920.3
46.6 10922.4
46.65 10924.4
46.7 10926.4
46.75 10928.5
46.8 10930.5
46.85 10932.5
46.9 10934.6
46.95 10936.6
47 10938.6
47.05 10940.7
47.1 10942.7
47.15 10944.7
47.2 10946.8
47.25 10948.8
47.3 10950.8
47.35 10952.9
47.4 10954.9
47.45 10956.9
47.5 10959
47.55 10961
47.6 10963
47.65 10965.1
47.7 10967.1
47.75 10969.1
47.8 10971.2
47.85 10973.2
47.9 10975.2
47.95 10977.3
48 10979.3
48.05 10981.3
48.1 10983.4
48.15 10985.4
48.2 10987.4
48.25 10989.5
48.3 10991.5
48.35 10993.5
48.4 10995.6
48.45 10997.6
48.5 10999.6
48.55 11001.7
48.6 11003.7
48.65 11005.8
48.7 11007.8
48.75 11009.8
48.8 11011.9
48.85 11013.9
48.9 11015.9
48.95 11018
49 11020
49.05 11022
49.1 11024.1
49.15 11026.1
49.2 11028.1
49.25 11030.2
49.3 11032.2
49.35 11034.2
49.4 11036.3
49.45 11038.3
49.5 11040.3
49.55 11042.4
49.6 11044.4
49.65 11046.4
49.7 11048.5
49.75 11050.5
49.8 11052.5
49.85 11054.6
49.9 11056.6
49.95 11058.6
50 11060.7
50.05 11062.7
50.1 11064.7
50.15 11066.8
50.2 11068.8
50.25 11070.8
50.3 11072.9
50.35 11074.9
50.4 11076.9
50.45 11079
50.5 11081
50.55 11083
50.6 11085.1
50.65 11087.1
50.7 11089.1
50.75 11091.2
50.8 11093.2
50.85 11095.2
50.9 11097.3
50.95 11099.3
51 11101.3
51.05 11103.4
51.1 11105.4
51.15 11107.4
51.2 11109.5
51.25 11111.5
51.3 11113.6
51.35 11115.6
51.4 11117.6
51.45 11119.7
51.5 11121.7
51.55 11123.7
51.6 11125.8
51.65 11127.8
51.7 11129.8
51.75 11131.9
51.8 11133.9
51.85 11135.9
51.9 11138
51.95 11140
52 11142
52.05 11144.1
52.1 11146.1
52.15 11148.1
52.2 11150.2
52.25 11152.2
52.3 11154.2
52.35 11156.3
52.4 11158.3
52.45 11160.3
52.5 11162.4
52.55 11164.4
52.6 11166.4
52.65 11168.5
52.7 11170.5
52.75 11172.5
52.8 11174.6
52.85 11176.6
52.9 11178.6
52.95 11180.7
53 11182.7
53.05 11184.7
53.1 11186.8
53.15 11188.8
53.2 11190.8
53.25 11192.9
53.3 11194.9
53.35 11196.9
53.4 11199
53.45 11201
53.5 11203
53.55 11205.1
53.6 11207.1
53.65 11209.1
53.7 11211.2
53.75 11213.2
53.8 11215.2
53.85 11217.3
53.9 11219.3
53.95 11221.4
54 11223.4
54.05 11225.4
54.1 11227.5
54.15 11229.5
54.2 11231.5
54.25 11233.6
54.3 11235.6
54.35 11237.6
54.4 11239.7
54.45 11241.7
54.5 11243.7
54.55 11245.8
54.6 11247.8
54.65 11249.8
54.7 11251.9
54.75 11253.9
54.8 11255.9
54.85 11258
54.9 11260
54.95 11262
55 11264.1
55.05 11266.1
55.1 11268.1
55.15 11270.2
55.2 11272.2
55.25 11274.2
55.3 11276.3
55.35 11278.3
55.4 11280.3
55.45 11282.4
55.5 11284.4
55.55 11286.4
55.6 11288.5
55.65 11290.5
55.7 11292.5
55.75 11294.6
55.8 11296.6
55.85 11298.6
55.9 11300.7
55.95 11302.7
56 11304.7
56.05 11306.8
56.1 11308.8
56.15 11310.8
56.2 11312.9
56.25 11314.9
56.3 11316.9
56.35 11319
56.4 11321
56.45 11323
56.5 11325.1
56.55 11327.1
56.6 11329.2
56.65 11331.2
56.7 11333.2
56.75 11335.3
56.8 11337.3
56.85 11339.3
56.9 11341.4
56.95 11343.4
57 11345.4
57.05 11347.5
57.1 11349.5
57.15 11351.5
57.2 11353.6
57.25 11355.6
57.3 11357.6
57.35 11359.7
57.4 11361.7
57.45 11363.7
57.5 11365.8
57.55 11367.8
57.6 11369.8
57.65 11371.9
57.7 11373.9
57.75 11375.9
57.8 11378
57.85 11380
57.9 11382
57.95 11384.1
58 11386.1
58.05 11388.1
58.1 11390.2
58.15 11392.2
58.2 11394.2
58.25 11396.3
58.3 11398.3
58.35 11400.3
58.4 11402.4
58.45 11404.4
58.5 11406.4
58.55 11408.5
58.6 11410.5
58.65 11412.5
58.7 11414.6
58.75 11416.6
58.8 11418.6
58.85 11420.7
58.9 11422.7
58.95 11424.7
59 11426.8
59.05 11428.8
59.1 11430.8
59.15 11432.9
59.2 11434.9
59.25 11437
59.3 11439
59.35 11441
59.4 11443.1
59.45 11445.1
59.5 11447.1
59.55 11449.2
59.6 11451.2
59.65 11453.2
59.7 11455.3
59.75 11457.3
59.8 11459.3
59.85 11461.4
59.9 11463.4
59.95 11465.4
60 11467.5
