# M03 3D pushover in X: mass-proportional load, control node 1002
# control displacement (mm), base shear (N)
0 0
0.05 770.698
0.1 1541.4
0.15 1676.24
0.2 1780.38
0.25 1884.53
0.3 1988.67
0.35 2090.1
0.4 2170.67
0.45 2251.23
0.5 2331.8
0.55 2412.36
0.6 2492.93
0.65 2573.49
0.7 2654.06
0.75 2734.62
0.8 2815.19
0.85 2895.75
0.9 2976.32
0.95 3056.88
1 3137.45
1.05 3218.01
1.1 3298.58
1.15 3379.14
1.2 3459.71
1.25 3540.27
1.3 3620.84
1.35 3701.4
1.4 3781.97
1.45 3862.53
1.5 3943.1
1.55 4023.66
1.6 4104.23
1.65 4184.79
1.7 4265.36
1.75 4345.92
1.8 4426.49
1.85 4507.05
1.9 4587.62
1.95 4668.18
2 4748.75
2.05 4829.31
2.1 4909.88
2.15 4990.44
2.2 5071.01
2.25 5151.57
2.3 5232.14
2.35 5312.7
2.4 5393.27
2.45 5473.83
2.5 5554.4
2.55 5634.96
2.6 5715.52
2.65 5796.09
2.7 5876.65
2.75 5957.22
2.8 6037.78
2.85 6118.35
2.9 6198.91
2.95 6279.48
3 6360.04
3.05 6440.61
3.1 6521.17
3.15 6601.74
3.2 6682.3
3.25 6762.87
3.3 6843.43
3.35 6924
3.4 7004.56
3.45 7085.13
3.5 7165.69
3.55 7246.26
3.6 7326.82
3.65 7407.39
3.7 7487.95
3.75 7568.52
3.8 7649.08
3.85 7729.65
3.9 7810.21
3.95 7890.78
4 7971.34
4.05 8051.91
4.1 8132.47
4.15 8213.04
4.2 8293.6
4.25 8374.17
4.3 8454.73
4.35 8535.3
4.4 8615.86
4.45 8696.43
4.5 8776.99
4.55 8857.56
4.6 8938.12
4.65 9018.69
4.7 9099.25
4.75 9179.82
4.8 9260.38
4.85 9340.95
4.9 9421.51
4.95 9502.08
5 9582.64
5.05 9663.21
5.1 9743.77
5.15 9824.34
5.2 9904.9
5.25 9985.47
5.3 10066
5.35 10146.6
5.4 10227.2
5.45 10307.7
5.5 10388.3
5.55 10468.9
5.6 10549.4
5.65 10630
5.7 10710.6
5.75 10791.1
5.8 10871.7
5.85 10952.2
5.9 11032.8
5.95 11113.4
6 11193.9
6.05 11274.5
6.1 11355.1
6.15 11435.6
6.2 11516.2
6.25 11596.8
6.3 11677.3
6.35 11757.9
6.4 11838.5
6.45 11919
6.5 11999.6
6.55 12080.2
6.6 12160.7
6.65 12241.3
6.7 12321.8
6.75 12402.4
6.8 12483
6.85 12563.5
6.9 12644.1
6.95 12724.7
7 12805.2
7.05 12885.8
7.1 12966.4
7.15 13046.9
7.2 13127.5
7.25 13208.1
7.3 13288.6
7.35 13369.2
7.4 13449.8
7.45 13530.3
7.5 13610.9
7.55 13691.5
7.6 13772
7.65 13852.6
7.7 13933.1
7.75 14013.7
7.8 14094.3
7.85 14174.8
7.9 14255.4
7.95 14336
8 14416.5
8.05 14497.1
8.1 14577.7
8.15 14658.2
8.2 14738.8
8.25 14819.4
8.3 14899.9
8.35 14980.5
8.4 15061.1
8.45 15141.6
8.5 15222.2
8.55 15302.8
8.6 15383.3
8.65 15463.9
8.7 15544.4
8.75 15625
8.8 15705.6
8.85 15786.1
8.9 15866.7
8.95 15947.3
9 16027.8
9.05 16108.4
9.1 16189
9.15 16269.5
9.2 16350.1
9.25 16430.7
9.3 16511.2
9.35 16591.8
9.4 16672.4
9.45 16752.9
9.5 16833.5
9.55 16914.1
9.6 16994.6
9.65 17075.2
9.7 17155.7
9.75 17236.3
9.8 17316.9
9.85 17397.4
9.9 17478
9.95 17558.6
10 17639.1
10.05 17719.7
10.1 17800.3
10.15 17880.8
10.2 17961.4
10.25 18042
10.3 18122.5
10.35 18203.1
10.4 18283.7
10.45 18364.2
10.5 18444.8
10.55 18525.4
10.6 18605.9
10.65 18686.5
10.7 18767
10.75 18847.6
10.8 18928.2
10.85 19008.7
10.9 19089.3
10.95 19169.9
11 19250.4
11.05 19331
11.1 19411.6
11.15 19492.1
11.2 19572.7
11.25 19653.3
11.3 19733.8
11.35 19814.4
11.4 19895
11.45 19975.5
11.5 20056.1
11.55 20136.6
11.6 20217.2
11.65 20297.8
11.7 20378.3
11.75 20458.9
11.8 20539.5
11.85 20620
11.9 20700.6
11.95 20781.2
12 20861.7
12.05 20919.3
12.1 20958.1
12.15 20996.8
12.2 21035.6
12.25 21074.3
12.3 21113.1
12.35 21150.1
12.4 21186.5
12.45 21222.8
12.5 21259.2
12.55 21295.6
12.6 21332
12.65 21368.4
12.7 21404.8
12.75 21441.2
12.8 21477.6
12.85 21513.9
12.9 21550.3
12.95 21586.7
13 21623.1
13.05 21659.5
13.1 21695.9
13.15 21732.3
13.2 21768.7
13.25 21805
13.3 21841.4
13.35 21877.8
13.4 21914.2
13.45 21950.6
13.5 21987
13.55 22023.4
13.6 22059.7
13.65 22096.1
13.7 22132.5
13.75 22168.9
13.8 22205.3
13.85 22241.7
13.9 22278.1
13.95 22314.5
14 22350.8
14.05 22387.2
14.1 22423.6
14.15 22460
14.2 22496.4
14.25 22532.8
14.3 22569.2
14.35 22605.6
14.4 22641.9
14.45 22678.3
14.5 22714.7
14.55 22751.1
14.6 22787.5
14.65 22823.9
14.7 22860.3
14.75 22896.7
14.8 22933
14.85 22969.4
14.9 23005.8
14.95 23042.2
15 23078.6
15.05 23115
15.1 23151.4
15.15 23187.8
15.2 23224.1
15.25 23260.5
15.3 23296.9
15.35 23333.3
15.4 23369.7
15.45 23406.1
15.5 23442.5
15.55 23478.8
15.6 23515.2
15.65 23551.6
15.7 23588
15.75 23624.4
15.8 23660.8
15.85 23697.2
15.9 23733.6
15.95 23769.9
16 23806.3
16.05 23842.7
16.1 23879.1
16.15 23915.5
16.2 23951.9
16.25 23988.3
16.3 24024.7
16.35 24061
16.4 24097.4
16.45 24133.8
16.5 24170.2
16.55 24206.6
16.6 24243
16.65 24279.4
16.7 24315.8
16.75 24352.1
16.8 24388.5
16.85 24424.9
16.9 24461.3
16.95 24497.7
17 24534.1
17.05 24570.5
17.1 24606.9
17.15 24643.2
17.2 24679.6
17.25 24716
17.3 24752.4
17.35 24788.8
17.4 24825.2
17.45 24861.6
17.5 24897.9
17.55 24934.3
17.6 24970.7
17.65 25007.1
17.7 25043.5
17.75 25079.9
17.8 25116.3
17.85 25152.7
17.9 25189
17.95 25225.4
18 25261.8
18.05 25298.2
18.1 25334.6
18.15 25371
18.2 25407.4
18.25 25443.8
18.3 25480.1
18.35 25516.5
18.4 25552.9
18.45 25589.3
18.5 25625.7
18.55 25662.1
18.6 25698.5
18.65 25734.9
18.7 25771.2
18.75 25807.6
18.8 25844
18.85 25880.4
18.9 25916.8
18.95 25953.2
19 25989.6
19.05 26026
19.1 26062.3
19.15 26098.7
19.2 26135.1
19.25 26171.5
19.3 26207.9
19.35 26244.3
19.4 26280.7
19.45 26317
19.5 26353.4
19.55 26389.8
19.6 26426.2
19.65 26462.6
19.7 26499
19.75 26535.4
19.8 26571.8
19.85 26608.1
19.9 26644.5
19.95 26680.9
20 26717.3
20.05 26753.7
20.1 26790.1
20.15 26826.5
20.2 26862.9
20.25 26899.2
20.3 26935.6
20.35 26972
20.4 27008.4
20.45 27044.8
20.5 27081.2
20.55 27117.6
20.6 27154
20.65 27190.3
20.7 27226.7
20.75 27263.1
20.8 27299.5
20.85 27335.9
20.9 27372.3
20.95 27408.7
21 27445.1
21.05 27481.4
21.1 27517.8
21.15 27554.2
21.2 27590.6
21.25 27627
21.3 27663.4
21.35 27699.8
21.4 27736.1
21.45 27772.5
21.5 27808.9
21.55 27845.3
21.6 27881.7
21.65 27918.1
21.7 27954.5
21.75 27990.9
21.8 28027.2
21.85 28063.6
21.9 28100
21.95 28136.4
22 28161.5
22.05 28182.6
22.1 28203.7
22.15 28224.8
22.2 28245.9
22.25 28267
22.3 28288.2
22.35 28309.3
22.4 28330.4
22.45 28351.5
22.5 28372.6
22.55 28393.8
22.6 28414.9
22.65 28436
22.7 28457.1
22.75 28478.2
22.8 28499.3
22.85 28520.5
22.9 28541.6
22.95 28562.7
23 28583.8
23.05 28604.9
23.1 28626
23.15 28647.2
23.2 28668.3
23.25 28689.4
23.3 28710.5
23.35 28731.6
23.4 28752.7
23.45 28773.9
23.5 28795
23.55 28816.1
23.6 28837.2
23.65 28858.3
23.7 28879.5
23.75 28900.6
23.8 28921.7
23.85 28942.8
23.9 28963.9
23.95 28985
24 29006.2
24.05 29018.5
24.1 29022.8
24.15 29027.1
24.2 29031.5
24.25 29035.8
24.3 29040.1
24.35 29044.4
24.4 29048.8
24.45 29053.1
24.5 29057.4
24.55 29061.8
24.6 29066.1
24.65 29070.4
24.7 29074.8
24.75 29079.1
24.8 29083.4
24.85 29087.8
24.9 29092.1
24.95 29096.4
25 29100.7
25.05 29105.1
25.1 29109.4
25.15 29113.7
25.2 29118.1
25.25 29122.4
25.3 29126.7
25.35 29131.1
25.4 29135.4
25.45 29139.7
25.5 29144.1
25.55 29148.4
25.6 29152.7
25.65 29157
25.7 29161.4
25.75 29165.7
25.8 29170
25.85 29174.4
25.9 29178.7
25.95 29183
26 29187.4
26.05 29191.7
26.1 29196
26.15 29200.4
26.2 29204.7
26.25 29209
26.3 29213.3
26.35 29217.7
26.4 29222
26.45 29226.3
26.5 29230.7
26.55 29235
26.6 29239.3
26.65 29243.7
26.7 29248
26.75 29252.3
26.8 29256.6
26.85 29261
26.9 29265.3
26.95 29269.6
27 29274
27.05 29278.3
27.1 29282.6
27.15 29287
27.2 29291.3
27.25 29295.6
27.3 29300
27.35 29304.3
27.4 29308.6
27.45 29312.9
27.5 29317.3
27.55 29321.6
27.6 29325.9
27.65 29330.3
27.7 29334.6
27.75 29338.9
27.8 29343.3
27.85 29347.6
27.9 29351.9
27.95 29356.3
28 29360.6
28.05 29364.9
28.1 29369.2
28.15 29373.6
28.2 29377.9
28.25 29382.2
28.3 29386.6
28.35 29390.9
28.4 29395.2
28.45 29399.6
28.5 29403.9
28.55 29408.2
28.6 29412.6
28.65 29416.9
28.7 29421.2
28.75 29425.5
28.8 29429.9
28.85 29434.2
28.9 29438.5
28.95 29442.9
29 29447.2
29.05 29451.5
29.1 29455.9
29.15 29460.2
29.2 29464.5
29.25 29468.9
29.3 29473.2
29.35 29477.5
29.4 29481.8
29.45 29486.2
29.5 29490.5
29.55 29494.8
29.6 29499.2
29.65 29503.5
29.7 29507.8
29.75 29512.2
29.8 29516.5
29.85 29520.8
29.9 29525.1
29.95 29529.5
30 29533.8
30.05 29538.1
30.1 29542.5
30.15 29546.8
30.2 29551.1
30.25 29555.5
30.3 29559.8
30.35 29564.1
30.4 29568.5
30.45 29572.8
30.5 29577.1
30.55 29581.4
30.6 29585.8
30.65 29590.1
30.7 29594.4
30.75 29598.8
30.8 29603.1
30.85 29607.4
30.9 29611.8
30.95 29616.1
31 29620.4
31.05 29624.8
31.1 29629.1
31.15 29633.4
31.2 29637.7
31.25 29642.1
31.3 29646.4
31.35 29650.7
31.4 29655.1
31.45 29659.4
31.5 29663.7
31.55 29668.1
31.6 29672.4
31.65 29676.7
31.7 29681.1
31.75 29685.4
31.8 29689.7
31.85 29694
31.9 29698.4
31.95 29702.7
32 29707
32.05 29711.4
32.1 29715.7
32.15 29720
32.2 29724.4
32.25 29728.7
32.3 29733
32.35 29737.4
32.4 29741.7
32.45 29746
32.5 29750.3
32.55 29754.7
32.6 29759
32.65 29763.3
32.7 29767.7
32.75 29772
32.8 29776.3
32.85 29780.7
32.9 29785
32.95 29789.3
33 29793.6
33.05 29798
33.1 29802.3
33.15 29806.6
33.2 29811
33.25 29815.3
33.3 29819.6
33.35 29824
33.4 29828.3
33.45 29832.6
33.5 29837
33.55 29841.3
33.6 29845.6
33.65 29849.9
33.7 29854.3
33.75 29858.6
33.8 29862.9
33.85 29867.3
33.9 29871.6
33.95 29875.9
34 29880.3
34.05 29884.6
34.1 29888.9
34.15 29893.3
34.2 29897.6
34.25 29901.9
34.3 29906.2
34.35 29910.6
34.4 29914.9
34.45 29919.2
34.5 29923.6
34.55 29927.9
34.6 29932.2
34.65 29936.6
34.7 29940.9
34.75 29945.2
34.8 29949.6
34.85 29953.9
34.9 29958.2
34.95 29962.5
35 29966.9
35.05 29971.2
35.1 29975.5
35.15 29979.9
35.2 29984.2
35.25 29988.5
35.3 29992.9
35.35 29997.2
35.4 30001.5
35.45 30005.9
35.5 30010.2
35.55 30014.5
35.6 30018.8
35.65 30023.2
35.7 30027.5
35.75 30031.8
35.8 30036.2
35.85 30040.5
35.9 30044.8
35.95 30049.2
36 30053.5
36.05 30057.8
36.1 30062.1
36.15 30066.5
36.2 30070.8
36.25 30075.1
36.3 30079.5
36.35 30083.8
36.4 30088.1
36.45 30092.5
36.5 30096.8
36.55 30101.1
36.6 30105.5
36.65 30109.8
36.7 30114.1
36.75 30118.4
36.8 30122.8
36.85 30127.1
36.9 30131.4
36.95 30135.8
37 30140.1
37.05 30144.4
37.1 30148.8
37.15 30153.1
37.2 30157.4
37.25 30161.8
37.3 30166.1
37.35 30170.4
37.4 30174.7
37.45 30179.1
37.5 30183.4
37.55 30187.7
37.6 30192.1
37.65 30196.4
37.7 30200.7
37.75 30205.1
37.8 30209.4
37.85 30213.7
37.9 30218.1
37.95 30222.4
38 30226.7
38.05 30231
38.1 30235.4
38.15 30239.7
38.2 30244
38.25 30248.4
38.3 30252.7
38.35 30257
38.4 30261.4
38.45 30265.7
38.5 30270
38.55 30274.4
38.6 30278.7
38.65 30283
38.7 30287.3
38.75 30291.7
38.8 30296
38.85 30300.3
38.9 30304.7
38.95 30309
39 30313.3
39.05 30317.7
39.1 30322
39.15 30326.3
39.2 30330.6
39.25 21161.6
39.3 21240.5
39.35 21244.6
39.4 21248.6
39.45 21252.7
39.5 21256.8
39.55 21260.8
39.6 21264.9
39.65 21268.9
39.7 21273
39.75 21277.1
39.8 21281.1
39.85 21285.2
39.9 21289.2
39.95 21293.3
40 21297.4
40.05 21301.4
40.1 21305.5
40.15 21309.5
40.2 21313.6
40.25 21317.7
40.3 21321.7
40.35 21325.8
40.4 21329.8
40.45 21333.9
40.5 21338
40.55 21342
40.6 21346.1
40.65 21350.1
40.7 21354.2
40.75 21358.3
40.8 21362.3
40.85 21366.4
40.9 21370.4
40.95 21374.5
41 21378.6
41.05 21382.6
41.1 21386.7
41.15 21390.7
41.2 21394.8
41.25 21398.9
41.3 21402.9
41.35 21407
41.4 21411
41.45 21415.1
41.5 21419.2
41.55 21423.2
41.6 21427.3
41.65 21431.3
41.7 21435.4
41.75 21439.5
41.8 21443.5
41.85 21447.6
41.9 21451.7
41.95 21455.7
42 21459.8
42.05 21463.8
42.1 21467.9
42.15 21472
42.2 21476
42.25 21480.1
42.3 21484.1
42.35 21488.2
42.4 21492.3
42.45 21496.3
42.5 21500.4
42.55 21504.4
42.6 21508.5
42.65 21512.6
42.7 21516.6
42.75 21520.7
42.8 21524.7
42.85 21528.8
42.9 21532.9
42.95 21536.9
43 21541
43.05 21545
43.1 21549.1
43.15 21553.2
43.2 21557.2
43.25 21561.3
43.3 21565.3
43.35 21569.4
43.4 21573.5
43.45 21577.5
43.5 21581.6
43.55 21585.6
43.6 21589.7
43.65 21593.8
43.7 21597.8
43.75 21601.9
43.8 21605.9
43.85 21610
43.9 21614.1
43.95 21618.1
44 21622.2
44.05 21626.2
44.1 21630.3
44.15 21634.4
44.2 21638.4
44.25 21642.5
44.3 21646.6
44.35 21650.6
44.4 21654.7
44.45 21658.7
44.5 21662.8
44.55 21666.9
44.6 21670.9
44.65 21675
44.7 21679
44.75 21683.1
44.8 21687.2
44.85 21691.2
44.9 21695.3
44.95 21699.3
45 21703.4
45.05 21707.5
45.1 21711.5
45.15 21715.6
45.2 21719.6
45.25 21723.7
45.3 21727.8
45.35 21731.8
45.4 21735.9
45.45 21739.9
45.5 21744
45.55 21748.1
45.6 21752.1
45.65 21756.2
45.7 21760.2
45.75 21764.3
45.8 21768.4
45.85 21772.4
45.9 21776.5
45.95 21780.5
46 21784.6
46.05 21788.7
46.1 21792.7
46.15 21796.8
46.2 21800.8
46.25 21804.9
46.3 21809
46.35 21813
46.4 21817.1
46.45 21821.1
46.5 21825.2
46.55 21829.3
46.6 21833.3
46.65 21837.4
46.7 21841.5
46.75 21845.5
46.8 21849.6
46.85 21853.6
46.9 21857.7
46.95 21861.8
47 21865.8
47.05 21869.9
47.1 21873.9
47.15 21878
47.2 21882.1
47.25 21886.1
47.3 21890.2
47.35 21894.2
47.4 21898.3
47.45 21902.4
47.5 21906.4
47.55 21910.5
47.6 21914.5
47.65 21918.6
47.7 21922.7
47.75 21926.7
47.8 21930.8
47.85 21934.8
47.9 21938.9
47.95 21943
48 21947
48.05 21951.1
48.1 21955.1
48.15 21959.2
48.2 21963.3
48.25 21967.3
48.3 21971.4
48.35 21975.4
48.4 21979.5
48.45 21983.6
48.5 21987.6
48.55 21991.7
48.6 21995.7
48.65 21999.8
48.7 22003.9
48.75 22007.9
48.8 22012
48.85 22016
48.9 22020.1
48.95 22024.2
49 22028.2
49.05 22032.3
49.1 22036.4
49.15 22040.4
49.2 22044.5
49.25 22048.5
49.3 22052.6
49.35 22056.7
49.4 22060.7
49.45 22064.8
49.5 22068.8
49.55 22072.9
49.6 22077
49.65 22081
49.7 22085.1
49.75 22089.1
49.8 22093.2
49.85 22097.3
49.9 22101.3
49.95 22105.4
50 22109.4
50.05 22113.5
50.1 22117.6
50.15 22121.6
50.2 22125.7
50.25 22129.7
50.3 22133.8
50.35 22137.9
50.4 22141.9
50.45 22146
50.5 22150
50.55 22154.1
50.6 22158.2
50.65 22162.2
50.7 22166.3
50.75 22170.3
50.8 22174.4
50.85 22178.5
50.9 22182.5
50.95 22186.6
51 22190.6
51.05 22194.7
51.1 22198.8
51.15 22202.8
51.2 22206.9
51.25 22210.9
51.3 22215
51.35 22219.1
51.4 22223.1
51.45 22227.2
51.5 22231.3
51.55 22235.3
51.6 22239.4
51.65 22243.4
51.7 22247.5
51.75 22251.6
51.8 22255.6
51.85 22259.7
51.9 22263.7
51.95 22267.8
52 22271.9
52.05 22275.9
52.1 22280
52.15 22284
52.2 22288.1
52.25 22292.2
52.3 22296.2
52.35 22300.3
52.4 22304.3
52.45 22308.4
52.5 22312.5
52.55 22316.5
52.6 22320.6
52.65 22324.6
52.7 22328.7
52.75 22332.8
52.8 22336.8
52.85 22340.9
52.9 22344.9
52.95 22349
53 22353.1
53.05 22357.1
53.1 22361.2
53.15 22365.2
53.2 22369.3
53.25 22373.4
53.3 22377.4
53.35 22381.5
53.4 22385.5
53.45 22389.6
53.5 22393.7
53.55 22397.7
53.6 22401.8
53.65 22405.8
53.7 22409.9
53.75 22414
53.8 22418
53.85 22422.1
53.9 22426.2
53.95 22430.2
54 22434.3
54.05 22438.3
54.1 22442.4
54.15 22446.5
54.2 22450.5
54.25 22454.6
54.3 22458.6
54.35 22462.7
54.4 22466.8
54.45 22470.8
54.5 22474.9
54.55 22478.9
54.6 22483
54.65 22487.1
54.7 22491.1
54.75 22495.2
54.8 22499.2
54.85 22503.3
54.9 22507.4
54.95 22511.4
55 22515.5
55.05 22519.5
55.1 22523.6
55.15 22527.7
55.2 22531.7
55.25 22535.8
55.3 22539.8
55.35 22543.9
55.4 22548
55.45 22552
55.5 22556.1
55.55 22560.1
55.6 22564.2
55.65 22568.3
55.7 22572.3
55.75 22576.4
55.8 22580.4
55.85 22584.5
55.9 22588.6
55.95 22592.6
56 22596.7
56.05 22600.8
56.1 22604.8
56.15 22608.9
56.2 22612.9
56.25 22617
56.3 22621.1
56.35 22625.1
56.4 22629.2
56.45 22633.2
56.5 22637.3
56.55 22641.4
56.6 22645.4
56.65 22649.5
56.7 22653.5
56.75 22657.6
56.8 22661.7
56.85 22665.7
56.9 22669.8
56.95 22673.8
57 22677.9
57.05 22682
57.1 22686
57.15 22690.1
57.2 22694.1
57.25 22698.2
57.3 22702.3
57.35 22706.3
57.4 22710.4
57.45 22714.4
57.5 22718.5
57.55 22722.6
57.6 22726.6
57.65 22730.7
57.7 22734.7
57.75 22738.8
57.8 22742.9
57.85 22746.9
57.9 22751
57.95 22755
58 22759.1
58.05 22763.2
58.1 22767.2
58.15 22771.3
58.2 22775.3
58.25 22779.4
58.3 22783.5
58.35 22787.5
58.4 22791.6
58.45 22795.7
58.5 22799.7
58.55 22803.8
58.6 22807.8
58.65 22811.9
58.7 22816
58.75 22820
58.8 22824.1
58.85 22828.1
58.9 22832.2
58.95 22836.3
59 22840.3
59.05 22844.4
59.1 22848.4
59.15 22852.5
59.2 22856.6
59.25 22860.6
59.3 22864.7
59.35 22868.7
59.4 22872.8
59.45 22876.9
59.5 22880.9
59.55 22885
59.6 22889
59.65 22893.1
59.7 22897.2
59.75 22901.2
59.8 22905.3
59.85 22909.3
59.9 22913.4
59.95 22917.5
60 22921.5
