4.69 9.00 17.75 24.37 34.91 100.00 100.00 100.00 100.00 100.00
6.89 13.75 24.13 36.68 100.00 100.00 100.00 100.00 100.00 100.00
4.46 9.11 11.28 14.20 34.12 100.00 100.00 100.00 100.00 100.00
5.81 9.45 13.61 19.26 27.06 36.30 100.00 100.00 100.00 100.00
9.40 12.40 15.93 24.43 49.89 59.95 100.00 100.00 100.00 100.00
5.35 11.64 17.78 22.66 31.51 100.00 100.00 100.00 100.00 100.00
4.95 9.56 10.82 16.11 25.44 100.00 100.00 100.00 100.00 100.00
11.82 27.46 37.61 55.66 100.00 100.00 100.00 100.00 100.00 100.00
6.62 10.66 13.03 16.73 23.83 34.78 56.64 100.00 100.00 100.00
5.81 8.76 11.23 16.46 0.00 100.00 100.00 100.00 100.00 100.00
8.11 12.44 14.36 18.11 28.91 37.81 100.00 100.00 100.00 100.00
7.47 10.93 19.95 26.31 36.26 100.00 100.00 100.00 100.00 100.00
10.26 18.69 29.30 37.94 100.00 100.00 100.00 100.00 100.00 100.00
7.61 12.04 16.37 22.18 100.00 100.00 100.00 100.00 100.00 100.00
4.16 7.60 10.54 12.73 20.01 32.22 100.00 100.00 100.00 100.00
6.27 8.92 9.27 11.64 18.13 29.57 100.00 100.00 100.00 100.00
7.32 12.77 12.62 15.66 24.78 37.28 100.00 100.00 100.00 100.00
5.41 10.87 18.85 24.45 39.20 100.00 100.00 100.00 100.00 100.00
7.78 11.90 19.01 25.27 37.05 100.00 100.00 100.00 100.00 100.00
5.76 13.78 19.52 23.09 33.87 100.00 100.00 100.00 100.00 100.00
7.10 12.66 21.05 29.01 100.00 100.00 100.00 100.00 100.00 100.00
7.52 10.50 11.27 20.35 25.15 100.00 100.00 100.00 100.00 100.00
5.07 10.37 12.56 13.34 22.43 32.73 100.00 100.00 100.00 100.00
8.09 11.62 15.36 19.44 28.93 100.00 100.00 100.00 100.00 100.00
7.56 11.28 12.73 13.83 19.73 26.79 47.37 100.00 100.00 100.00
4.64 10.29 13.00 16.13 21.90 30.07 100.00 100.00 100.00 100.00
10.96 20.10 26.77 45.83 100.00 100.00 100.00 100.00 100.00 100.00
7.26 9.59 16.52 21.60 100.00 100.00 100.00 100.00 100.00 100.00
9.17 13.11 17.47 21.86 30.15 47.45 100.00 100.00 100.00 100.00
8.84 11.89 17.69 20.16 25.71 37.38 100.00 100.00 100.00 100.00
7.86 12.05 19.68 22.69 35.89 58.02 53.25 100.00 100.00 100.00
7.97 12.59 17.22 21.16 36.23 100.00 100.00 100.00 100.00 100.00
11.24 19.91 26.06 35.23 62.14 100.00 100.00 100.00 100.00 100.00
5.90 11.89 14.97 25.07 32.13 100.00 100.00 100.00 100.00 100.00
3.97 8.87 11.42 14.47 26.71 100.00 100.00 100.00 100.00 100.00
11.42 18.38 28.55 35.36 46.90 58.21 69.64 100.00 100.00 100.00
3.54 7.57 11.27 14.01 22.03 28.32 100.00 100.00 100.00 100.00
6.85 11.79 14.66 15.16 24.70 100.00 100.00 100.00 100.00 100.00
9.74 14.64 20.30 26.12 36.95 62.23 100.00 100.00 100.00 100.00
6.20 9.84 12.68 16.72 25.41 36.85 100.00 100.00 100.00 100.00
6.95 11.25 20.56 27.13 33.77 100.00 100.00 100.00 100.00 100.00
7.33 13.01 16.20 22.51 33.67 100.00 100.00 100.00 100.00 100.00
6.93 13.32 15.36 19.19 33.11 49.07 100.00 100.00 100.00 100.00
8.30 13.37 22.79 38.27 100.00 100.00 100.00 100.00 100.00 100.00
