3.36 5.35 10.44 13.97 100.00 100.00 100.00 100.00 100.00 100.00
4.66 9.60 12.09 15.57 21.92 100.00 100.00 100.00 100.00 100.00
2.48 6.00 7.60 10.51 16.98 20.73 100.00 100.00 100.00 100.00
3.35 6.43 9.76 13.00 16.89 100.00 100.00 100.00 100.00 100.00
5.98 10.18 12.72 14.82 19.85 100.00 100.00 100.00 100.00 100.00
2.98 8.09 10.58 13.98 19.83 22.18 100.00 100.00 100.00 100.00
3.85 6.00 8.13 10.34 100.00 100.00 100.00 100.00 100.00 100.00
7.80 14.68 18.38 21.55 33.79 100.00 100.00 100.00 100.00 100.00
3.46 6.39 9.05 11.60 0.00 100.00 100.00 100.00 100.00 100.00
3.46 6.82 9.51 12.55 0.00 17.78 22.88 100.00 100.00 100.00
4.67 8.27 10.37 12.48 18.48 100.00 100.00 100.00 100.00 100.00
4.81 9.07 13.49 17.68 24.63 33.46 100.00 100.00 100.00 100.00
5.77 11.14 14.71 18.73 100.00 100.00 100.00 100.00 100.00 100.00
4.34 8.00 11.39 13.40 100.00 100.00 100.00 100.00 100.00 100.00
2.41 4.17 6.50 9.42 13.34 16.84 100.00 100.00 100.00 100.00
3.20 6.28 6.47 9.68 12.57 14.59 100.00 100.00 100.00 100.00
3.51 9.15 10.61 13.52 16.47 100.00 100.00 100.00 100.00 100.00
3.80 6.86 12.53 17.05 27.95 29.01 100.00 100.00 100.00 100.00
5.96 10.12 16.89 23.80 28.31 100.00 100.00 100.00 100.00 100.00
3.83 9.66 13.01 15.37 19.94 100.00 100.00 100.00 100.00 100.00
3.92 8.61 12.71 15.95 22.36 100.00 100.00 100.00 100.00 100.00
4.79 7.54 9.75 12.71 100.00 100.00 100.00 100.00 100.00 100.00
2.73 5.99 9.82 12.93 16.43 100.00 100.00 100.00 100.00 100.00
4.07 8.47 11.14 12.57 16.48 21.70 100.00 100.00 100.00 100.00
3.95 8.55 9.87 11.61 16.26 19.43 100.00 100.00 100.00 100.00
2.23 6.71 8.60 11.00 15.21 18.10 21.33 100.00 100.00 100.00
6.45 13.55 19.31 27.31 100.00 100.00 100.00 100.00 100.00 100.00
4.89 7.30 9.97 13.15 100.00 100.00 100.00 100.00 100.00 100.00
6.48 10.35 12.29 15.40 22.31 28.50 100.00 100.00 100.00 100.00
6.17 9.50 13.10 15.66 18.63 26.88 100.00 100.00 100.00 100.00
4.73 9.21 11.35 14.18 24.06 100.00 100.00 100.00 100.00 100.00
4.42 6.59 10.47 14.69 22.35 31.23 51.06 100.00 100.00 100.00
6.89 12.86 18.10 23.35 31.19 100.00 100.00 100.00 100.00 100.00
4.45 7.63 10.99 13.42 17.34 100.00 100.00 100.00 100.00 100.00
2.80 5.97 7.56 9.78 13.65 17.69 24.25 100.00 100.00 100.00
6.44 10.95 15.77 20.09 29.02 100.00 100.00 100.00 100.00 100.00
2.26 4.95 9.11 10.65 14.64 100.00 100.00 100.00 100.00 100.00
4.32 8.06 9.32 9.13 13.47 18.05 100.00 100.00 100.00 100.00
5.74 9.63 13.48 16.74 20.79 25.39 100.00 100.00 100.00 100.00
3.83 7.23 9.42 11.33 16.44 20.39 100.00 100.00 100.00 100.00
4.49 9.18 14.58 19.29 25.33 100.00 100.00 100.00 100.00 100.00
5.43 9.56 11.39 13.85 20.43 100.00 100.00 100.00 100.00 100.00
4.19 9.68 12.08 14.47 100.00 100.00 100.00 100.00 100.00 100.00
5.29 9.85 13.21 16.52 21.37 30.93 100.00 100.00 100.00 100.00
