0.29 1.64 2.33 3.89 5.41 6.92 7.90 8.43 9.37 9.47
1.66 3.56 4.95 5.69 8.05 8.52 8.72 8.79 10.43 11.38
0.14 1.60 2.84 3.56 5.25 5.77 6.92 8.51 8.22 8.31
0.21 1.78 4.06 4.52 7.64 7.59 7.87 9.78 9.83 10.27
0.60 2.33 3.11 4.39 6.43 8.73 10.05 11.09 12.31 13.20
0.51 1.78 3.55 4.92 5.44 6.87 8.60 10.77 11.08 10.41
1.28 2.26 3.94 5.24 6.67 7.35 9.33 10.41 13.06 12.72
2.20 5.11 5.48 6.61 8.34 10.46 18.35 15.73 13.57 20.88
0.85 2.52 3.54 4.18 5.51 6.44 7.59 9.53 10.84 12.43
0.29 2.48 3.71 4.55 6.67 9.14 8.88 10.07 9.61 10.99
1.07 2.81 5.56 6.62 8.60 10.88 13.70 15.95 19.37 20.29
1.10 2.59 4.69 6.26 7.96 10.64 11.40 13.76 21.20 22.21
1.64 3.76 4.67 6.03 8.91 9.40 11.98 13.46 13.51 14.18
0.94 2.17 4.33 5.78 7.36 7.96 9.49 11.23 12.55 13.75
0.16 1.48 2.50 3.17 6.10 7.13 7.35 7.70 8.40 10.45
0.12 1.52 2.74 3.48 6.02 6.39 8.03 9.15 9.63 8.47
0.17 1.24 4.32 5.41 7.25 6.56 8.83 11.57 12.00 11.45
0.16 2.18 2.65 4.43 7.76 7.83 9.30 9.93 10.72 12.07
4.03 8.18 12.72 14.86 17.50 21.22 23.32 24.01 24.91 24.54
2.74 4.19 4.82 7.08 9.05 12.22 16.89 14.12 14.51 17.45
1.24 2.78 3.71 5.98 8.78 10.81 10.38 9.77 10.55 9.94
0.67 2.60 3.73 5.73 7.65 8.31 9.20 10.23 11.40 12.07
0.23 1.41 2.16 2.63 4.13 6.37 7.10 8.04 8.13 8.74
0.27 2.09 2.95 3.81 6.89 8.65 9.31 8.83 8.15 8.60
0.18 1.74 2.97 3.49 5.29 8.35 8.54 9.87 10.53 10.32
0.10 1.72 3.06 3.66 4.13 6.86 8.58 8.82 9.32 9.92
2.88 5.67 8.37 9.67 11.04 12.95 14.80 21.71 22.92 24.90
1.87 3.57 4.78 6.38 8.42 10.23 13.82 15.40 15.17 15.31
2.52 3.50 6.70 7.27 9.45 11.02 12.34 13.79 15.74 17.44
2.13 3.46 5.76 6.81 8.52 11.17 12.79 13.62 15.76 15.53
1.13 4.03 5.31 7.55 9.04 8.91 10.48 12.10 13.21 13.12
0.65 2.03 3.42 4.72 4.75 6.92 7.89 8.03 9.90 11.31
1.82 3.39 4.66 5.18 7.49 9.19 10.85 12.06 12.39 13.35
1.50 2.54 4.06 5.56 7.04 9.17 10.39 11.81 12.83 15.24
0.14 1.38 2.37 4.43 6.34 9.99 11.60 11.39 10.93 11.19
1.57 4.58 5.30 6.44 8.44 10.37 11.99 12.15 12.65 12.19
0.14 1.54 3.25 4.24 6.72 6.78 7.36 9.36 9.96 11.40
0.92 2.98 3.78 5.14 7.31 7.98 9.44 10.15 10.86 10.63
0.95 2.99 5.27 7.24 8.82 9.56 9.75 9.45 9.07 8.27
0.14 1.26 2.48 3.06 4.43 6.04 7.55 8.32 8.71 8.76
2.50 4.56 6.37 7.95 10.41 14.38 15.62 18.24 23.91 25.67
1.98 3.59 5.39 6.47 8.36 10.45 13.19 13.79 14.04 13.88
1.04 1.96 3.57 4.50 5.59 8.12 9.31 11.27 13.65 13.89
1.23 3.48 5.65 6.23 7.33 7.85 9.52 11.22 12.29 12.52
