0.31 1.75 2.33 3.54 6.18 6.78 8.18 9.31 10.50 10.92
1.00 3.68 5.31 6.85 9.44 9.79 10.15 11.05 11.39 11.57
0.15 1.62 2.20 4.52 5.05 5.85 7.53 6.27 7.82 8.70
0.31 1.91 3.46 4.98 6.44 8.03 8.76 9.77 9.47 9.93
0.58 2.21 3.46 4.14 5.56 7.77 8.08 9.25 10.79 11.82
0.51 1.59 3.46 4.28 5.45 6.23 9.36 9.17 10.21 10.57
0.64 2.46 4.21 5.09 6.32 8.01 9.90 9.18 11.81 13.33
1.67 5.55 5.81 6.96 8.36 10.91 17.16 12.46 17.11 14.81
0.43 2.88 4.03 4.62 5.73 7.61 8.12 9.01 10.39 11.67
0.31 2.88 4.11 4.27 6.65 9.14 9.67 9.37 11.64 10.30
0.72 2.66 6.46 8.84 9.73 12.67 13.40 17.41 21.41 23.24
0.67 2.52 4.76 6.30 8.33 11.19 12.46 13.52 22.28 21.21
1.19 3.80 5.07 5.00 9.58 9.54 11.12 11.97 10.93 12.20
0.64 1.94 4.45 5.73 7.69 9.17 10.33 10.37 13.91 10.52
0.19 1.18 2.66 3.36 6.80 6.28 6.30 6.88 7.64 0.00
0.14 1.01 2.47 3.40 5.33 6.72 8.79 10.59 10.45 8.26
0.22 1.43 4.06 5.67 7.22 8.04 8.83 9.03 12.70 11.43
0.19 2.12 2.39 3.63 6.17 6.92 9.72 11.61 9.40 11.08
3.21 8.01 11.53 16.24 19.59 22.90 26.47 27.40 28.41 27.72
1.99 4.58 5.25 8.04 9.93 10.39 13.92 14.27 13.64 14.54
0.90 3.41 3.86 5.18 7.96 11.76 11.31 8.94 9.24 8.24
0.46 2.64 3.47 4.97 7.40 8.56 10.55 11.26 13.69 12.74
0.24 0.87 2.10 3.02 3.75 5.30 7.23 7.27 8.20 8.85
0.26 1.56 2.36 4.40 6.37 9.34 10.21 9.49 9.68 8.85
0.18 2.02 3.14 4.10 5.69 7.65 7.70 10.03 11.55 11.73
0.11 1.76 2.61 3.43 5.21 5.90 9.81 8.93 8.75 8.66
2.79 5.25 8.22 10.58 12.69 14.44 16.40 20.80 23.32 23.71
2.02 3.57 4.74 5.58 7.76 10.81 15.03 15.91 14.27 14.62
2.90 4.27 7.69 9.31 11.04 12.43 12.30 12.97 16.43 17.07
2.17 3.40 5.49 6.55 8.94 11.27 13.49 15.22 16.74 16.86
1.02 3.70 5.56 6.41 8.24 8.16 10.79 12.53 13.34 13.35
0.48 2.39 3.68 4.09 5.12 7.93 9.19 8.89 8.99 8.48
2.30 3.11 4.73 6.13 7.43 8.33 9.83 11.67 11.54 12.54
0.85 2.66 4.99 6.54 7.51 10.90 12.69 11.73 12.68 13.76
0.16 0.97 2.46 3.96 5.50 8.72 10.22 10.83 11.53 10.89
0.73 4.87 6.46 6.35 8.22 10.85 11.94 11.63 11.42 11.88
0.19 1.45 2.59 4.53 5.95 6.84 7.93 9.30 10.68 11.75
0.63 2.40 3.55 5.34 7.84 8.88 9.30 9.74 9.54 9.63
0.52 3.15 5.25 7.09 9.51 10.67 10.83 9.95 8.77 9.75
0.16 1.10 2.30 2.89 4.61 6.65 8.16 8.85 9.18 9.51
2.31 4.19 6.58 8.50 9.88 13.02 17.07 17.71 23.50 24.98
1.29 3.45 5.58 6.89 9.15 11.73 13.18 14.74 15.61 17.34
0.63 2.29 2.79 5.22 6.63 8.76 9.76 11.09 11.82 11.45
0.74 3.73 5.87 6.77 8.26 8.77 11.04 11.49 12.82 11.60
