# M29 3D pushover in Y: mass-proportional load, control node 1014
# control displacement (mm), base shear (N)
0 0
0.0499999 5592.31
0.0999999 10760.5
0.15 11678.8
0.2 12257.3
0.25 12793.4
0.3 13329.6
0.35 13865.7
0.4 14401.9
0.45 14938
0.5 15474.2
0.55 16010.4
0.6 16546.5
0.65 17082.7
0.7 17618.8
0.75 18155
0.8 18691.1
0.85 19227.3
0.9 19763.5
0.95 20299.6
1 20835.8
1.05 21371.9
1.1 21908.1
1.15 22444.2
1.2 22980.4
1.25 23516.6
1.3 24052.7
1.35 24588.9
1.4 25125
1.45 25661.2
1.5 26197.3
1.55 26733.5
1.6 27269.7
1.65 27805.8
1.7 28342
1.75 28878.1
1.8 29414.3
1.85 29950.4
1.9 30486.6
1.95 31022.7
2 31558.9
2.05 32095.1
2.1 32631.2
2.15 33167.4
2.2 33703.5
2.25 34239.7
2.3 34775.8
2.35 35312
2.4 35848.2
2.45 36384.3
2.5 36920.5
2.55 37456.6
2.6 37992.8
2.65 38528.9
2.7 39065.1
2.75 39601.3
2.8 40137.4
2.85 40673.6
2.9 41209.7
2.95 41745.9
3 42282
3.05 42818.2
3.1 43354.4
3.15 43890.5
3.2 44426.7
3.25 44962.8
3.3 45499
3.35 46035.1
3.4 46571.3
3.45 47107.5
3.5 47643.6
3.55 48179.8
3.6 48715.9
3.65 49252.1
3.7 49788.2
3.75 50324.4
3.8 50860.6
3.85 51396.7
3.9 51932.9
3.95 52469
4 53005.2
4.05 53541.3
4.1 54077.5
4.15 54613.7
4.2 55149.8
4.25 55686
4.3 56222.1
4.35 56758.3
4.4 57294.4
4.45 57830.6
4.5 58366.8
4.55 58902.9
4.6 59439.1
4.65 59975.2
4.7 60511.4
4.75 61047.5
4.8 61583.7
4.85 62119.9
4.9 62656
4.95 63192.2
5 63728.3
5.05 64264.5
5.1 64800.6
5.15 65336.8
5.2 65873
5.25 66409.1
5.3 66945.3
5.35 67481.4
5.4 68017.6
5.45 68553.7
5.5 69089.9
5.55 69626.1
5.6 70162.2
5.65 70698.4
5.7 71234.5
5.75 71770.7
5.8 72306.8
5.85 72843
5.9 73379.2
5.95 73915.3
6 74451.5
6.05 74987.6
6.1 75523.8
6.15 76059.9
6.2 76596.1
6.25 77132.3
6.3 77668.4
6.35 78204.6
6.4 78740.7
6.45 79276.9
6.5 79813
6.55 80349.2
6.6 80885.4
6.65 81421.5
6.7 81957.7
6.75 82493.8
6.8 83030
6.85 83566.1
6.9 84102.3
6.95 84638.5
7 85174.6
7.05 85710.8
7.1 86246.9
7.15 86783.1
7.2 87319.2
7.25 87855.4
7.3 88391.6
7.35 88927.7
7.4 89463.9
7.45 90000
7.5 90536.2
7.55 91072.3
7.6 91608.5
7.65 92144.6
7.7 92680.8
7.75 93217
7.8 93753.1
7.85 94289.3
7.9 94825.4
7.95 95361.6
8 95897.7
8.05 96433.9
8.1 96970.1
8.15 97506.2
8.2 98042.4
8.25 98578.5
8.3 99114.7
8.35 99650.8
8.4 100187
8.45 100723
8.5 101259
8.55 101795
8.6 102332
8.65 102868
8.7 103404
8.75 103940
8.8 104476
8.85 105012
8.9 105549
8.95 106085
9 106621
9.05 107157
9.1 107693
9.15 108229
9.2 108766
9.25 109302
9.3 109838
9.35 110374
9.4 110910
9.45 111446
9.5 111982
9.55 112519
9.6 113055
9.65 113591
9.7 114127
9.75 114663
9.8 115199
9.85 115735
9.9 116272
9.95 116808
10 117344
10.05 117880
10.1 118416
10.15 118952
10.2 119489
10.25 120025
10.3 120561
10.35 121097
10.4 121633
10.45 122169
10.5 122703
10.55 123234
10.6 123756
10.65 124279
10.7 124801
10.75 125323
10.8 125845
10.85 126367
10.9 126890
10.95 127412
11 127934
11.05 128456
11.1 128978
11.15 129501
11.2 130023
11.25 130545
11.3 131067
11.35 131589
11.4 132112
11.45 132631
11.5 133149
11.55 133668
11.6 134187
11.65 134683
11.7 135171
11.75 135659
11.8 136140
11.85 136612
11.9 137081
11.95 137451
12 137818
12.05 138098
12.1 138373
12.15 138647
12.2 138915
12.25 139178
12.3 139442
12.35 139706
12.4 139970
12.45 140234
12.5 140498
12.55 140761
12.6 141012
12.65 141241
12.7 141471
12.75 141700
12.8 141930
12.85 142160
12.9 142389
12.95 142619
13 142845
13.05 143071
13.1 143298
13.15 143524
13.2 143751
13.25 143977
13.3 144204
13.35 144430
13.4 144657
13.45 144883
13.5 145110
13.55 145336
13.6 145563
13.65 145789
13.7 146016
13.75 146242
13.8 146468
13.85 146695
13.9 146921
13.95 147148
14 147374
14.05 147601
14.1 147827
14.15 148054
14.2 148280
14.25 148507
14.3 148733
14.35 148960
14.4 149186
14.45 149413
14.5 149639
14.55 149866
14.6 150092
14.65 150319
14.7 150545
14.75 150772
14.8 150998
14.85 151225
14.9 151451
14.95 151678
15 151904
15.05 152131
15.1 152357
15.15 152584
15.2 152810
15.25 153037
15.3 153263
15.35 153490
15.4 153716
15.45 153943
15.5 154169
15.55 154395
15.6 154622
15.65 154848
15.7 155075
15.75 155301
15.8 155528
15.85 155754
15.9 155981
15.95 156207
16 156434
16.05 156660
16.1 156887
16.15 157113
16.2 157340
16.25 157566
16.3 157793
16.35 158019
16.4 158246
16.45 158472
16.5 158699
16.55 158925
16.6 159152
16.65 159378
16.7 159605
16.75 159831
16.8 160058
16.85 160284
16.9 160510
16.95 160737
17 160963
17.05 161190
17.1 161416
17.15 161643
17.2 161869
17.25 162096
17.3 162322
17.35 162549
17.4 162775
17.45 163002
17.5 163228
17.55 163454
17.6 163681
17.65 163907
17.7 164134
17.75 164360
17.8 164587
17.85 164812
17.9 165025
17.95 165238
18 165451
18.05 165664
18.1 165839
18.15 166007
18.2 166176
18.25 166344
18.3 166512
18.35 166680
18.4 166848
18.45 167017
18.5 167185
18.55 167353
18.6 167521
18.65 167689
18.7 167857
18.75 168024
18.8 168190
18.85 168355
18.9 168520
18.95 168685
19 168850
19.05 169015
19.1 169180
19.15 169345
19.2 169510
19.25 169673
19.3 169836
19.35 169999
19.4 170162
19.45 170325
19.5 170488
19.55 170651
19.6 170814
19.65 170978
19.7 171141
19.75 171304
19.8 171467
19.85 171630
19.9 171793
19.95 171956
20 172119
20.05 172282
20.1 172446
20.15 172609
20.2 172772
20.25 172936
20.3 173099
20.35 173262
20.4 173426
20.45 173589
20.5 173752
20.55 173916
20.6 174079
20.65 174242
20.7 174406
20.75 174569
20.8 174732
20.85 174896
20.9 175059
20.95 175223
21 175386
21.05 175549
21.1 175713
21.15 175876
21.2 176039
21.25 176203
21.3 176366
21.35 176529
21.4 176693
21.45 176856
21.5 177019
21.55 177183
21.6 177346
21.65 177509
21.7 177673
21.75 177836
21.8 177999
21.85 178163
21.9 178326
21.95 178489
22 178653
22.05 178816
22.1 178979
22.15 179143
22.2 179306
22.25 179469
22.3 179633
22.35 179796
22.4 179959
22.45 180123
22.5 180286
22.55 180449
22.6 180613
22.65 180776
22.7 180939
22.75 181103
22.8 181266
22.85 181429
22.9 181593
22.95 181756
23 181919
23.05 182083
23.1 182246
23.15 182409
23.2 182569
23.25 182727
23.3 182886
23.35 183045
23.4 183203
23.45 183355
23.5 183500
23.55 183645
23.6 183787
23.65 183923
23.7 184050
23.75 184176
23.8 184302
23.85 184428
23.9 184526
23.95 184618
24 184710
24.05 184780
24.1 184848
24.15 184916
24.2 184984
24.25 185045
24.3 185105
24.35 185164
24.4 185224
24.45 185284
24.5 185344
24.55 185403
24.6 185463
24.65 185523
24.7 185582
24.75 185642
24.8 185696
24.85 185741
24.9 185786
24.95 185831
25 185876
25.05 185921
25.1 185966
25.15 186011
25.2 186056
25.25 186101
25.3 186146
25.35 186191
25.4 186234
25.45 186278
25.5 186321
25.55 186365
25.6 186408
25.65 186452
25.7 186496
25.75 186539
25.8 186583
25.85 186626
25.9 186670
25.95 186714
26 186757
26.05 186801
26.1 186844
26.15 186888
26.2 186932
26.25 186975
26.3 187019
26.35 187062
26.4 187105
26.45 187143
26.5 187178
26.55 187214
26.6 187250
26.65 187286
26.7 187321
26.75 187357
26.8 187391
26.85 187423
26.9 187455
26.95 187486
27 187518
27.05 187550
27.1 187582
27.15 187614
27.2 187645
27.25 187677
27.3 187709
27.35 187741
27.4 187773
27.45 187804
27.5 187836
27.55 187868
27.6 187900
27.65 187932
27.7 187963
27.75 187995
27.8 188027
27.85 188059
27.9 188090
27.95 188122
28 188154
28.05 188186
28.1 188218
28.15 188249
28.2 188281
28.25 188313
28.3 188345
28.35 188377
28.4 188408
28.45 188440
28.5 188472
28.55 188504
28.6 188535
28.65 188567
28.7 188599
28.75 188631
28.8 188663
28.85 188694
28.9 188726
28.95 188758
29 188790
29.05 188822
29.1 188853
29.15 188885
29.2 188917
29.25 188949
29.3 188980
29.35 189012
29.4 189044
29.45 189076
29.5 189108
29.55 189139
29.6 189171
29.65 189203
29.7 189235
29.75 189267
29.8 189298
29.85 189330
29.9 189362
29.95 189394
30 189426
30.05 189457
30.1 189489
30.15 189521
30.2 189553
30.25 189584
30.3 189616
30.35 189648
30.4 189680
30.45 189712
30.5 189743
30.55 189775
30.6 189807
30.65 189839
30.7 189871
30.75 189902
30.8 189934
30.85 189966
30.9 189998
30.95 190029
31 190061
31.05 190093
31.1 190125
31.15 190157
31.2 190188
31.25 190220
31.3 190252
31.35 190284
31.4 190316
31.45 190347
31.5 190379
31.55 190411
31.6 190443
31.65 190474
31.7 190506
31.75 190538
31.8 190570
31.85 190602
31.9 190633
31.95 190665
32 190697
32.05 190729
32.1 190761
32.15 190792
32.2 190824
32.25 190856
32.3 190888
32.35 190919
32.4 190951
32.45 190983
32.5 191015
32.55 191047
32.6 191078
32.65 191110
32.7 191142
32.75 191174
32.8 191206
32.85 191237
32.9 191269
32.95 191301
33 191333
33.05 191365
33.1 191396
33.15 191428
33.2 191460
33.25 191492
33.3 191523
33.35 191555
33.4 191587
33.45 191619
33.5 191651
33.55 191682
33.6 191714
33.65 191746
33.7 191778
33.75 191810
33.8 191841
33.85 191873
33.9 191905
33.95 191937
34 191968
34.05 192000
34.1 192032
34.15 192064
34.2 192096
34.25 192127
34.3 192159
34.35 192191
34.4 192223
34.45 192255
34.5 192286
34.55 192318
34.6 192350
34.65 192382
34.7 192413
34.75 192445
34.8 192477
34.85 192509
34.9 192541
34.95 192572
35 192604
35.05 192636
35.1 192668
35.15 192700
35.2 192731
35.25 192763
35.3 192795
35.35 192827
35.4 192859
35.45 192890
35.5 192922
35.55 192954
35.6 192986
35.65 193017
35.7 161952
35.75 162024
35.8 162098
35.85 162195
35.9 162253
35.95 162326
36 162398
36.05 162471
36.1 162543
36.15 162615
36.2 162687
36.25 162760
36.3 162832
36.35 162904
36.4 162977
36.45 163049
36.5 163121
36.55 163193
36.6 163265
36.65 163338
36.7 163410
36.75 163482
36.8 163554
36.85 163626
36.9 163699
36.95 163771
37 163843
37.05 163915
37.1 163987
37.15 164059
37.2 164132
37.25 164204
37.3 164276
37.35 164348
37.4 164420
37.45 164493
37.5 164565
37.55 164637
37.6 164709
37.65 164781
37.7 164854
37.75 164926
37.8 164998
37.85 165070
37.9 165142
37.95 165215
38 165287
38.05 165359
38.1 165431
38.15 165503
38.2 165575
38.25 165648
38.3 165720
38.35 165792
38.4 165864
38.45 165936
38.5 166009
38.55 166081
38.6 166153
38.65 166225
38.7 166297
38.75 166370
38.8 166442
38.85 166514
38.9 166586
38.95 166658
39 166730
39.05 166803
39.1 166875
39.15 166947
39.2 167019
39.25 167091
39.3 167164
39.35 167236
39.4 167308
39.45 167380
39.5 167452
39.55 167525
39.6 167597
39.65 167658
39.7 167723
39.75 167782
39.8 167841
39.85 167901
39.9 167960
39.95 168019
40 168078
40.05 168137
40.1 168196
40.15 168255
40.2 168314
40.25 168373
40.3 168432
40.35 168491
40.4 168550
40.45 168609
40.5 168668
40.55 168727
40.6 168786
40.65 168845
40.7 168904
40.75 168963
40.8 169022
40.85 169081
40.9 169140
40.95 169199
41 169258
41.05 169317
41.1 169376
41.15 169436
41.2 169495
41.25 169554
41.3 169613
41.35 169672
41.4 169731
41.45 169790
41.5 169849
41.55 169908
41.6 169967
41.65 170026
41.7 170085
41.75 170144
41.8 170203
41.85 170262
41.9 170321
41.95 170380
42 170439
42.05 170498
42.1 170557
42.15 170616
42.2 170675
42.25 170734
42.3 170793
42.35 170852
42.4 170911
42.45 170970
42.5 171029
42.55 171088
42.6 171147
42.65 171206
42.7 171265
42.75 171323
42.8 171382
42.85 171441
42.9 171500
42.95 171559
43 171618
43.05 171676
43.1 171735
43.15 171794
43.2 171853
43.25 171912
43.3 171970
43.35 172029
43.4 172088
43.45 172147
43.5 172206
43.55 172264
43.6 172322
43.65 172380
43.7 172438
43.75 172496
43.8 172554
43.85 172612
43.9 172670
43.95 172728
44 172786
44.05 172844
44.1 172902
44.15 172960
44.2 173018
44.25 173076
44.3 173134
44.35 173192
44.4 173250
44.45 173308
44.5 173366
44.55 173424
44.6 173482
44.65 173540
44.7 173598
44.75 173656
44.8 173714
44.85 173773
44.9 173831
44.95 173888
45 173941
45.05 173993
45.1 174045
45.15 174097
45.2 174149
45.25 174202
45.3 174254
45.35 174306
45.4 174358
45.45 174410
45.5 174462
45.55 174514
45.6 174566
45.65 174618
45.7 174671
45.75 174723
45.8 174775
45.85 174827
45.9 174879
45.95 174931
46 174983
46.05 175035
46.1 175087
46.15 175140
46.2 175192
46.25 175244
46.3 175296
46.35 175348
46.4 175400
46.45 175452
46.5 175504
46.55 175557
46.6 175609
46.65 175661
46.7 175713
46.75 175765
46.8 175817
46.85 175869
46.9 175921
46.95 175973
47 176026
47.05 176078
47.1 176130
47.15 176182
47.2 176234
47.25 176286
47.3 176338
47.35 176388
47.4 176437
47.45 176485
47.5 176533
47.55 176581
47.6 176629
47.65 176677
47.7 176726
47.75 176774
47.8 176822
47.85 176870
47.9 176918
47.95 176966
48 177015
48.05 177063
48.1 177111
48.15 177159
48.2 177207
48.25 177255
48.3 177303
48.35 177351
48.4 177399
48.45 177447
48.5 177495
48.55 177543
48.6 177590
48.65 177638
48.7 177686
48.75 177734
48.8 177782
48.85 177830
48.9 177878
48.95 177926
49 177974
49.05 178022
49.1 178070
49.15 178118
49.2 178166
49.25 178214
49.3 178262
49.35 178310
49.4 178358
49.45 178406
49.5 178454
49.55 178502
49.6 178550
49.65 178598
49.7 178646
49.75 178694
49.8 178742
49.85 167749
49.9 167777
49.95 167807
50 167839
50.05 167869
50.1 167901
50.15 167930
50.2 167962
50.25 167992
50.3 168024
50.35 168053
50.4 168086
50.45 168115
50.5 168147
50.55 168177
50.6 168209
50.65 168238
50.7 168270
50.75 168300
50.8 168332
50.85 168361
50.9 168394
50.95 168423
51 168455
51.05 168485
51.1 168517
51.15 168546
51.2 168578
51.25 168608
51.3 168640
51.35 168669
51.4 168701
51.45 168731
51.5 168763
51.55 168792
51.6 168825
51.65 168854
51.7 168886
51.75 168916
51.8 168948
51.85 168977
51.9 169009
51.95 169039
52 169071
52.05 169100
52.1 169132
52.15 169162
52.2 169194
52.25 169224
52.3 169256
52.35 169285
52.4 169317
52.45 169347
52.5 169379
52.55 169408
52.6 169440
52.65 169470
52.7 169502
52.75 169531
52.8 169564
52.85 169593
52.9 169625
52.95 169655
53 169687
53.05 169716
53.1 169748
53.15 169778
53.2 169810
53.25 169839
53.3 169871
53.35 169901
53.4 169933
53.45 169962
53.5 169995
53.55 170024
53.6 170056
53.65 170086
53.7 170118
53.75 170147
53.8 22485.6
53.85 22488.7
53.9 22492.4
53.95 22496.3
54 22500.3
54.05 22504.4
54.1 22508.5
54.15 22512.5
54.2 22516.6
54.25 22520.7
54.3 22524.8
54.35 22528.8
54.4 22532.9
54.45 22537
54.5 22541.1
54.55 22545.1
54.6 22549.2
54.65 22553.3
54.7 22557.4
54.75 22561.4
54.8 22565.5
54.85 22569.6
54.9 22573.7
54.95 22577.7
55 22581.8
55.05 22585.9
55.1 22590
55.15 22594
55.2 22598.1
55.25 22602.2
55.3 22606.3
55.35 22610.3
55.4 22614.4
55.45 22618.5
55.5 22622.6
55.55 22626.6
55.6 22630.7
55.65 22634.8
55.7 22638.9
55.75 22642.9
55.8 22647
55.85 22651.1
55.9 22655.2
55.95 22659.2
56 22663.3
56.05 22667.4
56.1 22671.5
56.15 22675.6
56.2 22679.6
56.25 22683.7
56.3 22687.8
56.35 22691.9
56.4 22695.9
56.45 22700
56.5 22704.1
56.55 22708.2
56.6 22712.2
56.65 22716.3
56.7 22720.4
56.75 22724.5
56.8 22728.5
56.85 22732.6
56.9 22736.7
56.95 22740.8
57 22744.8
57.05 22748.9
57.1 22753
57.15 22757.1
57.2 22761.1
57.25 22765.2
57.3 22769.3
57.35 22773.4
57.4 22777.4
57.45 22781.5
57.5 22785.6
57.55 22789.7
57.6 22793.7
57.65 22797.8
57.7 22801.9
57.75 22806
57.8 22810
57.85 22814.1
57.9 22818.2
57.95 22822.3
58 22826.4
58.05 22830.4
58.1 22834.5
58.15 22838.6
58.2 22842.7
58.25 22846.7
58.3 22850.8
58.35 22854.9
58.4 22859
58.45 22863
58.5 22867.1
58.55 22871.2
58.6 22875.3
58.65 22879.3
58.7 22883.4
58.75 22887.5
