# M29 3D pushover in X: mass-proportional load, control node 1005
# control displacement (mm), base shear (N)
0 0
0.05 4701.48
0.1 9402.96
0.15 10989.7
0.2 11533
0.25 12018.9
0.3 12504.7
0.35 12990.5
0.4 13476.3
0.45 13962.1
0.5 14448
0.55 14933.8
0.6 15419.6
0.65 15905.4
0.7 16391.3
0.75 16877.1
0.8 17362.9
0.85 17848.7
0.9 18334.5
0.95 18820.4
1 19306.2
1.05 19792
1.1 20277.8
1.15 20763.6
1.2 21249.5
1.25 21735.3
1.3 22221.1
1.35 22706.9
1.4 23192.8
1.45 23678.6
1.5 24164.4
1.55 24650.2
1.6 25136
1.65 25621.9
1.7 26107.7
1.75 26593.5
1.8 27079.3
1.85 27565.1
1.9 28051
1.95 28536.8
2 29022.6
2.05 29508.4
2.1 29994.3
2.15 30480.1
2.2 30965.9
2.25 31451.7
2.3 31937.5
2.35 32423.4
2.4 32909.2
2.45 33395
2.5 33880.8
2.55 34366.6
2.6 34852.5
2.65 35338.3
2.7 35824.1
2.75 36309.9
2.8 36795.8
2.85 37281.6
2.9 37767.4
2.95 38253.2
3 38739
3.05 39224.9
3.1 39710.7
3.15 40196.5
3.2 40682.3
3.25 41168.1
3.3 41654
3.35 42139.8
3.4 42625.6
3.45 43111.4
3.5 43597.3
3.55 44083.1
3.6 44568.9
3.65 45054.7
3.7 45540.5
3.75 46026.4
3.8 46512.2
3.85 46998
3.9 47483.8
3.95 47969.6
4 48455.5
4.05 48941.3
4.1 49427.1
4.15 49912.9
4.2 50398.7
4.25 50884.6
4.3 51370.4
4.35 51856.2
4.4 52342
4.45 52827.9
4.5 53313.7
4.55 53799.5
4.6 54285.3
4.65 54771.1
4.7 55257
4.75 55742.8
4.8 56228.6
4.85 56714.4
4.9 57200.2
4.95 57686.1
5 58171.9
5.05 58657.7
5.1 59143.5
5.15 59629.4
5.2 60115.2
5.25 60601
5.3 61086.8
5.35 61572.6
5.4 62058.5
5.45 62544.3
5.5 63030.1
5.55 63515.9
5.6 64001.7
5.65 64487.6
5.7 64973.4
5.75 65459.2
5.8 65945
5.85 66430.9
5.9 66916.7
5.95 67402.5
6 67888.3
6.05 68374.1
6.1 68860
6.15 69345.8
6.2 69831.6
6.25 70317.4
6.3 70803.2
6.35 71289.1
6.4 71774.9
6.45 72260.7
6.5 72746.5
6.55 73232.4
6.6 73718.2
6.65 74204
6.7 74689.8
6.75 75175.6
6.8 75661.5
6.85 76147.3
6.9 76633.1
6.95 77118.9
7 77604.7
7.05 78090.6
7.1 78576.4
7.15 79062.2
7.2 79548
7.25 80033.9
7.3 80519.7
7.35 81005.5
7.4 81491.3
7.45 81977.1
7.5 82463
7.55 82948.8
7.6 83434.6
7.65 83920.4
7.7 84406.2
7.75 84892.1
7.8 85377.9
7.85 85863.7
7.9 86349.5
7.95 86835.4
8 87321.2
8.05 87807
8.1 88292.8
8.15 88778.6
8.2 89264.5
8.25 89750.3
8.3 90236.1
8.35 90721.9
8.4 91207.7
8.45 91693.6
8.5 92179.4
8.55 92665.2
8.6 93151
8.65 93636.9
8.7 94122.7
8.75 94608.5
8.8 95094.3
8.85 95580.1
8.9 96066
8.95 96551.8
9 97037.6
9.05 97523.4
9.1 98009.2
9.15 98495.1
9.2 98980.9
9.25 99466.7
9.3 99952.5
9.35 100438
9.4 100924
9.45 101410
9.5 101896
9.55 102382
9.6 102867
9.65 103353
9.7 103839
9.75 104325
9.8 104811
9.85 105297
9.9 105782
9.95 106268
10 106754
10.05 107240
10.1 107723
10.15 108172
10.2 108603
10.25 109033
10.3 109464
10.35 109895
10.4 110326
10.45 110757
10.5 111187
10.55 111616
10.6 112027
10.65 112430
10.7 112834
10.75 113237
10.8 113641
10.85 114045
10.9 114448
10.95 114852
11 115255
11.05 115659
11.1 116063
11.15 116466
11.2 116870
11.25 117273
11.3 117677
11.35 118081
11.4 118484
11.45 118888
11.5 119291
11.55 119695
11.6 120099
11.65 120502
11.7 120906
11.75 121309
11.8 121713
11.85 122117
11.9 122520
11.95 122924
12 123327
12.05 123679
12.1 124022
12.15 124365
12.2 124707
12.25 125050
12.3 125393
12.35 125736
12.4 126078
12.45 126421
12.5 126764
12.55 127106
12.6 127449
12.65 127792
12.7 128135
12.75 128477
12.8 128820
12.85 129163
12.9 129506
12.95 129848
13 130191
13.05 130534
13.1 130877
13.15 131219
13.2 131562
13.25 131905
13.3 132248
13.35 132590
13.4 132933
13.45 133276
13.5 133619
13.55 133961
13.6 134304
13.65 134647
13.7 134990
13.75 135332
13.8 135675
13.85 136018
13.9 136361
13.95 136703
14 137046
14.05 137389
14.1 137732
14.15 138074
14.2 138417
14.25 138760
14.3 139103
14.35 139445
14.4 139788
14.45 140131
14.5 140474
14.55 140816
14.6 141159
14.65 141502
14.7 141844
14.75 142187
14.8 142530
14.85 142873
14.9 143215
14.95 143558
15 143901
15.05 144244
15.1 144586
15.15 144929
15.2 145272
15.25 145615
15.3 145957
15.35 146300
15.4 146643
15.45 146986
15.5 147328
15.55 147671
15.6 148014
15.65 148357
15.7 148699
15.75 149042
15.8 149385
15.85 149728
15.9 150070
15.95 150413
16 150756
16.05 151099
16.1 151441
16.15 151784
16.2 152127
16.25 152470
16.3 152812
16.35 153155
16.4 153498
16.45 153841
16.5 154183
16.55 154526
16.6 154869
16.65 155211
16.7 155554
16.75 155897
16.8 156240
16.85 156582
16.9 156925
16.95 157268
17 157611
17.05 157953
17.1 158296
17.15 158634
17.2 158917
17.25 159067
17.3 159208
17.35 159349
17.4 159490
17.45 159631
17.5 159772
17.55 159913
17.6 160054
17.65 160195
17.7 160336
17.75 160477
17.8 160618
17.85 160758
17.9 160899
17.95 161040
18 161181
18.05 161295
18.1 161357
18.15 161392
18.2 161427
18.25 161463
18.3 161498
18.35 161533
18.4 161568
18.45 161604
18.5 161639
18.55 161674
18.6 161709
18.65 161745
18.7 161780
18.75 161815
18.8 161850
18.85 161885
18.9 161921
18.95 161956
19 161991
19.05 162026
19.1 162062
19.15 162097
19.2 162132
19.25 162167
19.3 162203
19.35 162238
19.4 162273
19.45 162308
19.5 162344
19.55 162379
19.6 162414
19.65 162449
19.7 162485
19.75 162520
19.8 162555
19.85 162590
19.9 162626
19.95 162661
20 162696
20.05 162731
20.1 162767
20.15 162802
20.2 162837
20.25 162872
20.3 162908
20.35 162943
20.4 162978
20.45 163013
20.5 163048
20.55 163084
20.6 163119
20.65 163154
20.7 163189
20.75 163225
20.8 163260
20.85 163295
20.9 163330
20.95 163366
21 163401
21.05 163436
21.1 163471
21.15 163507
21.2 163542
21.25 163577
21.3 163612
21.35 163648
21.4 163683
21.45 163718
21.5 163753
21.55 163789
21.6 163824
21.65 163859
21.7 163894
21.75 163930
21.8 163965
21.85 164000
21.9 164035
21.95 164070
22 164106
22.05 164141
22.1 164176
22.15 164211
22.2 164247
22.25 164282
22.3 164317
22.35 164352
22.4 164388
22.45 164423
22.5 164458
22.55 164493
22.6 164529
22.65 164564
22.7 164599
22.75 164634
22.8 164670
22.85 164705
22.9 164740
22.95 164775
23 164811
23.05 164846
23.1 164881
23.15 164916
23.2 164952
23.25 164987
23.3 165022
23.35 165057
23.4 165092
23.45 165128
23.5 165163
23.55 165198
23.6 165233
23.65 165269
23.7 165304
23.75 165339
23.8 165374
23.85 165410
23.9 165445
23.95 165480
24 165515
24.05 165530
24.1 165540
24.15 165551
24.2 165561
24.25 165571
24.3 165581
24.35 165591
24.4 165601
24.45 165611
24.5 165621
24.55 165631
24.6 165641
24.65 165651
24.7 165661
24.75 165671
24.8 165681
24.85 165691
24.9 165701
24.95 165711
25 165721
25.05 165731
25.1 165741
25.15 165751
25.2 165761
25.25 165772
25.3 165782
25.35 165792
25.4 165802
25.45 165812
25.5 165822
25.55 165832
25.6 165842
25.65 165852
25.7 165862
25.75 165872
25.8 165882
25.85 165892
25.9 165902
25.95 165912
26 165922
26.05 165932
26.1 165942
26.15 165952
26.2 165962
26.25 165972
26.3 165982
26.35 165993
26.4 166003
26.45 166013
26.5 166023
26.55 166033
26.6 166043
26.65 166053
26.7 166063
26.75 166073
26.8 166083
26.85 166093
26.9 166103
26.95 166113
27 166123
27.05 166133
27.1 166143
27.15 166153
27.2 166163
27.25 166173
27.3 166183
27.35 166193
27.4 166203
27.45 166214
27.5 166224
27.55 166234
27.6 166244
27.65 166254
27.7 166264
27.75 166274
27.8 166284
27.85 166294
27.9 166304
27.95 166314
28 166324
28.05 166334
28.1 166344
28.15 166354
28.2 166364
28.25 166374
28.3 166384
28.35 166394
28.4 166404
28.45 166414
28.5 166424
28.55 166435
28.6 166445
28.65 166455
28.7 166465
28.75 166475
28.8 166485
28.85 166495
28.9 166505
28.95 166515
29 166525
29.05 166535
29.1 166545
29.15 166555
29.2 166565
29.25 166575
29.3 166585
29.35 166595
29.4 166605
29.45 166615
29.5 166625
29.55 166635
29.6 166645
29.65 166656
29.7 166666
29.75 166676
29.8 166686
29.85 166696
29.9 166706
29.95 166716
30 166726
30.05 166736
30.1 166746
30.15 166756
30.2 166766
30.25 166776
30.3 166786
30.35 166796
30.4 166806
30.45 166816
30.5 166826
30.55 166836
30.6 166846
30.65 166856
30.7 166866
30.75 166877
30.8 166887
30.85 166897
30.9 166907
30.95 166917
31 166927
31.05 166937
31.1 166947
31.15 166957
31.2 166967
31.25 166977
31.3 166987
31.35 166997
31.4 167007
31.45 167017
31.5 167027
31.55 167037
31.6 167047
31.65 167057
31.7 167067
31.75 167077
31.8 167087
31.85 167098
31.9 167108
31.95 167118
32 167128
32.05 167138
32.1 167148
32.15 167158
32.2 167168
32.25 167178
32.3 167188
32.35 167198
32.4 167208
32.45 167218
32.5 167228
32.55 167238
32.6 167248
32.65 167258
32.7 167268
32.75 167278
32.8 167288
32.85 167298
32.9 167308
32.95 167319
33 167329
33.05 167339
33.1 167349
33.15 167359
33.2 167369
33.25 167379
33.3 167389
33.35 167399
33.4 167409
33.45 167419
33.5 167429
33.55 167439
33.6 167449
33.65 167459
33.7 167469
33.75 167479
33.8 167489
33.85 167499
33.9 167509
33.95 167519
34 167529
34.05 167540
34.1 167550
34.15 167560
34.2 167570
34.25 167580
34.3 167590
34.35 167600
34.4 167610
34.45 167620
34.5 167630
34.55 167640
34.6 167650
34.65 167660
34.7 167670
34.75 167680
34.8 167690
34.85 167700
34.9 167710
34.95 167720
35 167730
35.05 167740
35.1 167750
35.15 83259.8
35.2 84618.1
35.25 85976.5
35.3 87334.8
35.35 88693.2
35.4 90051.5
35.45 91409.9
35.5 92768.2
35.55 93719.4
35.6 74265.4
35.65 75173.3
35.7 75727.9
35.75 47507.5
35.8 47834.9
35.85 48162
35.9 48487.7
35.95 48813.3
36 49054.8
36.05 40022
36.1 40181.4
36.15 40339.9
36.2 40498.3
36.25 40588.9
36.3 31503.2
36.35 31509.3
36.4 31515.4
36.45 31521.5
36.5 31527.6
36.55 31533.7
36.6 31539.8
36.65 31545.9
36.7 31552
36.75 31558
36.8 31564.1
36.85 31570.2
36.9 31576.3
36.95 31582.4
37 31588.5
37.05 31594.6
37.1 31600.7
37.15 31606.8
37.2 31612.9
37.25 31619
37.3 31625.1
37.35 31631.2
37.4 31637.3
37.45 31643.3
37.5 31649.4
37.55 31655.5
37.6 31661.6
37.65 31667.7
37.7 31673.8
37.75 31679.9
37.8 31686
37.85 31692.1
37.9 31698.2
37.95 31704.3
38 31710.4
38.05 31716.5
38.1 31722.5
38.15 31728.6
38.2 31734.7
38.25 31740.8
38.3 31746.9
38.35 31753
38.4 31759.1
38.45 31765.2
38.5 31771.3
38.55 31777.4
38.6 31783.5
38.65 31789.6
38.7 31795.7
38.75 31801.7
38.8 31807.8
38.85 31813.9
38.9 31820
38.95 31826.1
39 31832.2
39.05 31838.3
39.1 31844.4
39.15 31850.5
39.2 31856.6
39.25 31862.7
39.3 31868.8
39.35 31874.9
39.4 31880.9
39.45 31887
39.5 31893.1
39.55 31899.2
39.6 31905.3
39.65 31911.4
39.7 31917.5
39.75 31923.6
39.8 31929.7
39.85 31935.8
39.9 31941.9
39.95 31948
40 31954.1
40.05 31960.1
40.1 31966.2
40.15 31972.3
40.2 31978.4
40.25 31984.5
40.3 31990.6
40.35 31996.7
40.4 32002.8
40.45 32008.9
40.5 32015
40.55 32021.1
40.6 32027.2
40.65 32033.3
40.7 32039.3
40.75 32045.4
40.8 32051.5
40.85 32057.6
40.9 32063.7
40.95 32069.8
41 32075.9
41.05 32082
41.1 32088.1
41.15 32094.2
41.2 32100.3
41.25 32106.4
41.3 32112.5
41.35 32118.5
41.4 32124.6
41.45 32130.7
41.5 32136.8
41.55 32142.9
41.6 32149
41.65 32155.1
41.7 32161.2
41.75 32167.3
41.8 32173.4
41.85 32179.5
41.9 32185.6
41.95 32191.7
42 32197.7
42.05 32203.8
42.1 32209.9
42.15 32216
42.2 32222.1
42.25 32228.2
42.3 32234.3
42.35 32240.4
42.4 32246.5
42.45 32252.6
42.5 32258.7
42.55 32264.8
42.6 32270.9
42.65 32276.9
42.7 32283
42.75 32289.1
42.8 32295.2
42.85 32301.3
42.9 32307.4
42.95 32313.5
43 32319.6
43.05 32325.7
43.1 32331.8
43.15 32337.9
43.2 32344
43.25 32350.1
43.3 32356.2
43.35 32362.2
43.4 32368.3
43.45 32374.4
43.5 32380.5
43.55 32386.6
43.6 32392.7
43.65 32398.8
43.7 32404.9
43.75 32411
43.8 32417.1
43.85 32423.2
43.9 32429.3
43.95 32435.4
44 32441.4
44.05 32447.5
44.1 32453.6
44.15 32459.7
44.2 32465.8
44.25 32471.9
44.3 32478
44.35 32484.1
44.4 32490.2
44.45 32496.3
44.5 32502.4
44.55 32508.5
44.6 32514.6
44.65 32520.6
44.7 32526.7
44.75 32532.8
44.8 32538.9
44.85 32545
44.9 32551.1
44.95 32557.2
45 32563.3
45.05 32569.4
45.1 32575.5
45.15 32581.6
45.2 32587.7
45.25 32593.8
45.3 32599.8
45.35 32605.9
45.4 32612
45.45 32618.1
45.5 32624.2
45.55 32630.3
45.6 32636.4
45.65 32642.5
45.7 32648.6
45.75 32654.7
45.8 32660.8
45.85 32666.9
45.9 32673
45.95 32679
46 32685.1
46.05 32691.2
46.1 32697.3
46.15 32703.4
46.2 32709.5
46.25 32715.6
46.3 32721.7
46.35 32727.8
46.4 32733.9
46.45 32740
46.5 32746.1
46.55 32752.2
46.6 32758.2
46.65 32764.3
46.7 32770.4
46.75 32776.5
46.8 32782.6
46.85 32788.7
46.9 32794.8
46.95 32800.9
47 32807
47.05 32813.1
47.1 32819.2
47.15 32825.3
47.2 32831.4
47.25 32837.4
47.3 32843.5
47.35 32849.6
47.4 32855.7
47.45 32861.8
47.5 32867.9
47.55 32874
47.6 32880.1
47.65 32886.2
47.7 32892.3
47.75 32898.4
47.8 32904.5
47.85 32910.6
47.9 32916.6
47.95 32922.7
48 32928.8
48.05 32934.9
48.1 32941
48.15 32947.1
48.2 32953.2
48.25 32959.3
48.3 32965.4
48.35 32971.5
48.4 32977.6
48.45 32983.7
48.5 32989.8
48.55 32995.8
48.6 33001.9
48.65 33008
48.7 33014.1
48.75 33020.2
48.8 33026.3
48.85 33032.4
48.9 33038.5
48.95 33044.6
49 33050.7
49.05 33056.8
49.1 33062.9
49.15 33069
49.2 33075.1
49.25 33081.1
49.3 33087.2
49.35 33093.3
49.4 33099.4
49.45 33105.5
49.5 33111.6
49.55 33117.7
49.6 33123.8
49.65 33129.9
49.7 33136
49.75 33142.1
49.8 33148.2
49.85 33154.3
49.9 33160.3
49.95 33166.4
50 33172.5
50.05 33178.6
50.1 33184.7
50.15 33190.8
50.2 33196.9
50.25 33203
50.3 33209.1
50.35 33215.2
50.4 33221.3
50.45 33227.4
50.5 33233.5
50.55 33239.5
50.6 33245.6
50.65 33251.7
50.7 33257.8
50.75 33263.9
50.8 33270
50.85 33276.1
50.9 33282.2
50.95 33288.3
51 33294.4
51.05 33300.5
51.1 33306.6
51.15 33312.7
51.2 33318.7
51.25 33324.8
51.3 33330.9
51.35 33337
51.4 33343.1
51.45 33349.2
51.5 33355.3
51.55 33361.4
51.6 33367.5
51.65 33373.6
51.7 33379.7
51.75 33385.8
51.8 33391.9
51.85 33397.9
51.9 33404
51.95 33410.1
52 33416.2
52.05 33422.3
52.1 33428.4
52.15 33434.5
52.2 33440.6
52.25 33446.7
52.3 33452.8
52.35 33458.9
52.4 33465
52.45 33471.1
52.5 33477.1
52.55 33483.2
52.6 33489.3
52.65 33495.4
52.7 33501.5
52.75 33507.6
52.8 33513.7
52.85 33519.8
52.9 33525.9
52.95 33532
53 33538.1
53.05 33544.2
53.1 33550.3
53.15 33556.3
53.2 33562.4
53.25 33568.5
53.3 33574.6
53.35 33580.7
53.4 33586.8
53.45 33592.9
53.5 33599
53.55 33605.1
53.6 33611.2
53.65 33617.3
53.7 33623.4
53.75 33629.5
53.8 33635.5
53.85 33641.6
53.9 33647.7
53.95 33653.8
54 33659.9
54.05 33666
54.1 33672.1
54.15 33678.2
54.2 33684.3
54.25 33690.4
54.3 33696.5
54.35 33702.6
54.4 33708.7
54.45 33714.7
54.5 33720.8
54.55 33726.9
54.6 33733
54.65 33739.1
54.7 33745.2
54.75 33751.3
54.8 33757.4
54.85 33763.5
54.9 33769.6
54.95 33775.7
55 33781.8
55.05 33787.9
55.1 33794
55.15 33800
55.2 33806.1
55.25 33812.2
55.3 33818.3
55.35 33824.4
55.4 33830.5
55.45 33836.6
55.5 33842.7
55.55 33848.8
55.6 33854.9
55.65 33861
55.7 33867.1
55.75 33873.2
55.8 33879.2
55.85 33885.3
55.9 33891.4
55.95 33897.5
56 33903.6
56.05 33909.7
56.1 33915.8
56.15 33921.9
56.2 33928
56.25 33934.1
56.3 33940.2
56.35 33946.3
56.4 33952.4
56.45 33958.4
56.5 33964.5
56.55 33970.6
56.6 33976.7
56.65 33982.8
56.7 33988.9
56.75 33995
56.8 34001.1
56.85 34007.2
56.9 34013.3
56.95 34019.4
57 34025.5
57.05 34031.6
57.1 34037.6
57.15 34043.7
57.2 34049.8
57.25 34055.9
57.3 34062
57.35 34068.1
57.4 34074.2
57.45 34080.3
57.5 34086.4
57.55 34092.5
57.6 34098.6
57.65 34104.7
57.7 34110.8
57.75 34116.8
57.8 34122.9
57.85 34129
57.9 34135.1
57.95 34141.2
58 34147.3
58.05 34153.4
58.1 34159.5
58.15 34165.6
58.2 34171.7
58.25 34177.8
58.3 34183.9
58.35 34190
58.4 34196
58.45 34202.1
58.5 34208.2
58.55 34214.3
58.6 34220.4
58.65 34226.5
58.7 34232.6
58.75 34238.7
58.8 34244.8
58.85 34250.9
58.9 34257
58.95 34263.1
59 34269.2
59.05 34275.2
59.1 34281.3
59.15 34287.4
59.2 34293.5
59.25 34299.6
59.3 34305.7
59.35 34311.8
59.4 34317.9
59.45 34324
59.5 34330.1
59.55 34336.2
59.6 34342.3
59.65 34348.4
59.7 34354.4
59.75 34360.5
59.8 34366.6
59.85 34372.7
59.9 34378.8
59.95 34384.9
60 34391
