0.30 2.00 2.63 4.05 6.66 6.82 9.37 9.26 10.39 11.11
1.61 3.72 5.94 6.54 9.11 10.19 9.79 10.78 10.84 11.05
0.17 1.91 2.62 4.72 5.42 6.01 7.85 7.71 7.57 8.45
0.35 1.69 3.87 5.97 7.29 8.62 9.13 9.49 10.55 10.76
0.58 2.32 3.25 4.23 6.69 7.81 9.69 10.42 12.01 12.42
0.58 1.80 3.75 4.89 5.73 6.61 9.71 9.75 10.43 12.03
1.33 2.45 4.26 5.66 6.12 8.38 8.72 9.58 11.37 14.11
1.86 5.22 5.98 6.91 9.03 10.51 15.45 14.82 17.19 19.51
0.67 2.73 4.15 4.59 5.90 7.50 8.32 10.52 10.57 11.36
0.41 2.86 3.82 4.71 7.43 9.12 9.96 11.80 11.24 11.72
0.92 2.44 6.36 8.75 9.72 12.34 13.93 17.96 22.24 24.00
0.89 2.72 5.14 6.80 8.64 11.37 12.54 13.81 24.10 24.29
1.75 4.02 5.18 6.59 8.40 10.31 12.46 11.86 11.50 12.52
0.74 1.85 4.65 5.96 7.97 9.13 10.59 10.69 12.86 11.35
0.22 1.69 2.34 3.66 6.96 6.08 7.02 6.93 8.24 11.72
0.13 1.59 3.14 3.39 6.03 7.24 9.34 10.30 11.04 9.16
0.27 1.33 4.39 5.81 6.71 8.07 10.01 10.28 13.29 11.97
0.28 2.09 2.60 4.00 6.75 7.48 10.42 11.73 9.93 11.28
3.41 8.55 12.69 16.55 20.47 24.08 27.31 28.37 29.28 28.25
2.51 4.46 5.35 7.90 9.78 11.21 15.20 14.42 14.46 15.51
1.46 3.63 3.98 5.11 8.52 12.34 11.82 9.49 8.97 9.52
0.68 2.68 4.06 5.37 9.13 9.09 10.16 11.01 13.24 12.61
0.32 1.03 2.25 2.95 4.16 5.90 7.41 8.25 8.08 9.20
0.36 2.02 2.73 4.36 7.42 9.53 10.87 10.01 9.53 9.12
0.23 1.86 3.14 3.58 5.92 7.56 9.42 10.43 12.11 12.23
0.11 2.00 2.96 4.01 5.28 6.75 9.71 9.50 8.79 8.75
2.97 5.57 8.64 10.87 12.64 14.50 16.76 23.94 24.30 26.10
2.01 3.62 4.77 5.98 8.34 11.30 15.34 16.59 15.32 15.90
2.78 4.42 7.59 8.39 11.21 11.80 12.09 15.30 16.38 18.30
2.38 3.41 5.70 6.67 9.08 12.10 13.73 15.56 16.89 17.67
1.22 3.92 6.07 7.54 8.96 8.94 11.29 12.49 13.83 14.11
0.68 2.09 3.56 4.54 5.29 7.64 8.56 9.43 11.00 11.40
1.98 3.14 4.76 6.01 7.88 9.34 10.46 12.10 12.33 12.96
1.24 2.81 4.65 5.56 7.90 10.74 12.10 12.29 14.25 14.73
0.16 1.13 2.58 4.19 6.16 8.30 10.21 11.66 11.63 11.74
1.21 5.19 6.39 6.63 8.44 10.90 12.60 12.54 12.88 12.68
0.27 1.57 2.93 4.75 5.87 7.85 8.47 9.26 11.23 12.25
0.68 2.58 3.77 5.71 8.17 9.28 9.66 10.72 9.61 10.91
0.72 3.18 5.47 7.38 8.68 11.04 11.06 10.40 8.78 9.70
0.16 1.23 2.52 3.11 4.57 6.60 8.21 9.32 9.45 9.65
2.92 4.40 7.15 8.85 10.97 13.65 18.05 20.20 24.23 26.11
1.68 3.69 6.10 6.83 9.19 11.19 13.72 14.97 15.46 15.53
0.87 2.27 4.01 4.83 6.29 8.83 10.36 11.65 11.96 13.21
1.18 3.80 6.09 7.01 8.09 8.60 10.88 10.89 11.88 12.70
