# M30 3D pushover in Y: mass-proportional load, control node 1014
# control displacement (mm), base shear (N)
0 0
0.0499999 5597.71
0.0999999 10739.2
0.15 11594.4
0.2 12125
0.25 12655.7
0.3 13186.3
0.35 13717
0.4 14247.6
0.45 14778.3
0.5 15308.9
0.55 15839.6
0.6 16370.2
0.65 16900.9
0.7 17431.5
0.75 17962.2
0.8 18492.8
0.85 19023.5
0.9 19554.1
0.95 20084.8
1 20615.4
1.05 21146.1
1.1 21676.7
1.15 22207.4
1.2 22738
1.25 23268.7
1.3 23799.3
1.35 24330
1.4 24860.6
1.45 25391.3
1.5 25921.9
1.55 26452.6
1.6 26983.2
1.65 27513.9
1.7 28044.5
1.75 28575.2
1.8 29105.8
1.85 29636.5
1.9 30167.1
1.95 30697.8
2 31228.4
2.05 31759.1
2.1 32289.7
2.15 32820.4
2.2 33351
2.25 33881.7
2.3 34412.3
2.35 34943
2.4 35473.6
2.45 36004.3
2.5 36534.9
2.55 37065.5
2.6 37596.2
2.65 38126.8
2.7 38657.5
2.75 39188.1
2.8 39718.8
2.85 40249.4
2.9 40780.1
2.95 41310.7
3 41841.4
3.05 42372
3.1 42902.7
3.15 43433.3
3.2 43964
3.25 44494.6
3.3 45025.3
3.35 45555.9
3.4 46086.6
3.45 46617.2
3.5 47147.9
3.55 47678.5
3.6 48209.2
3.65 48739.8
3.7 49270.5
3.75 49801.1
3.8 50331.8
3.85 50862.4
3.9 51393.1
3.95 51923.7
4 52454.4
4.05 52985
4.1 53515.7
4.15 54046.3
4.2 54577
4.25 55107.6
4.3 55638.3
4.35 56168.9
4.4 56699.6
4.45 57230.2
4.5 57760.9
4.55 58291.5
4.6 58822.2
4.65 59352.8
4.7 59883.5
4.75 60414.1
4.8 60944.8
4.85 61475.4
4.9 62006.1
4.95 62536.7
5 63067.4
5.05 63598
5.1 64128.7
5.15 64659.3
5.2 65190
5.25 65720.6
5.3 66251.3
5.35 66781.9
5.4 67312.6
5.45 67843.2
5.5 68373.9
5.55 68904.5
5.6 69435.2
5.65 69965.8
5.7 70496.5
5.75 71027.1
5.8 71557.8
5.85 72088.4
5.9 72619
5.95 73149.7
6 73680.3
6.05 74211
6.1 74741.6
6.15 75272.3
6.2 75802.9
6.25 76333.6
6.3 76864.2
6.35 77394.9
6.4 77925.5
6.45 78456.2
6.5 78986.8
6.55 79517.5
6.6 80048.1
6.65 80578.8
6.7 81109.4
6.75 81640.1
6.8 82170.7
6.85 82701.4
6.9 83232
6.95 83762.7
7 84293.3
7.05 84824
7.1 85354.6
7.15 85885.3
7.2 86416.1
7.25 86946.9
7.3 87477.7
7.35 88008.5
7.4 88539.3
7.45 89070.1
7.5 89600.9
7.55 90131.7
7.6 90662.6
7.65 91193.4
7.7 91724.2
7.75 92255
7.8 92785.8
7.85 93316.6
7.9 93847.4
7.95 94378.2
8 94909
8.05 95439.8
8.1 95970.7
8.15 96501.5
8.2 97032.3
8.25 97563.1
8.3 98093.9
8.35 98624.7
8.4 99155.5
8.45 99686.3
8.5 100217
8.55 100748
8.6 101279
8.65 101810
8.7 102340
8.75 102871
8.8 103402
8.85 103933
8.9 104464
8.95 104995
9 105526
9.05 106056
9.1 106587
9.15 107118
9.2 107649
9.25 108180
9.3 108711
9.35 109242
9.4 109772
9.45 110303
9.5 110834
9.55 111365
9.6 111896
9.65 112427
9.7 112958
9.75 113488
9.8 114019
9.85 114550
9.9 115081
9.95 115612
10 116143
10.05 116674
10.1 117204
10.15 117735
10.2 118266
10.25 118797
10.3 119328
10.35 119858
10.4 120388
10.45 120906
10.5 121424
10.55 121942
10.6 122460
10.65 122978
10.7 123496
10.75 124014
10.8 124532
10.85 125049
10.9 125567
10.95 126085
11 126603
11.05 127121
11.1 127634
11.15 128115
11.2 128589
11.25 129063
11.3 129504
11.35 129946
11.4 130388
11.45 130826
11.5 131259
11.55 131693
11.6 132126
11.65 132560
11.7 132994
11.75 133428
11.8 133861
11.85 134294
11.9 134699
11.95 135046
12 135392
12.05 135651
12.1 135903
12.15 136156
12.2 136408
12.25 136660
12.3 136898
12.35 137116
12.4 137335
12.45 137553
12.5 137772
12.55 137990
12.6 138209
12.65 138427
12.7 138646
12.75 138864
12.8 139083
12.85 139301
12.9 139520
12.95 139738
13 139957
13.05 140175
13.1 140394
13.15 140612
13.2 140831
13.25 141049
13.3 141267
13.35 141486
13.4 141704
13.45 141923
13.5 142141
13.55 142360
13.6 142578
13.65 142797
13.7 143015
13.75 143234
13.8 143452
13.85 143671
13.9 143889
13.95 144108
14 144326
14.05 144545
14.1 144763
14.15 144982
14.2 145200
14.25 145419
14.3 145637
14.35 145856
14.4 146074
14.45 146293
14.5 146511
14.55 146729
14.6 146948
14.65 147166
14.7 147385
14.75 147603
14.8 147822
14.85 148040
14.9 148259
14.95 148477
15 148695
15.05 148914
15.1 149132
15.15 149351
15.2 149569
15.25 149788
15.3 150006
15.35 150225
15.4 150443
15.45 150662
15.5 150880
15.55 151098
15.6 151317
15.65 151535
15.7 151754
15.75 151972
15.8 152191
15.85 152409
15.9 152628
15.95 152846
16 153064
16.05 153283
16.1 153501
16.15 153720
16.2 153938
16.25 154157
16.3 154375
16.35 154594
16.4 154812
16.45 155030
16.5 155249
16.55 155467
16.6 155686
16.65 155904
16.7 156123
16.75 156341
16.8 156560
16.85 156778
16.9 156997
16.95 157215
17 157433
17.05 157649
17.1 157866
17.15 158082
17.2 158299
17.25 158513
17.3 158720
17.35 158927
17.4 159134
17.45 159341
17.5 159549
17.55 159756
17.6 159963
17.65 160170
17.7 160360
17.75 160523
17.8 160686
17.85 160849
17.9 161012
17.95 161175
18 161338
18.05 161501
18.1 161664
18.15 161826
18.2 161989
18.25 162152
18.3 162315
18.35 162478
18.4 162641
18.45 162804
18.5 162967
18.55 163130
18.6 163293
18.65 163456
18.7 163619
18.75 163782
18.8 163944
18.85 164107
18.9 164270
18.95 164433
19 164596
19.05 164759
19.1 164922
19.15 165085
19.2 165248
19.25 165411
19.3 165574
19.35 165737
19.4 165900
19.45 166062
19.5 166225
19.55 166388
19.6 166551
19.65 166714
19.7 166877
19.75 167040
19.8 167203
19.85 167366
19.9 167529
19.95 167692
20 167855
20.05 168017
20.1 168180
20.15 168344
20.2 168507
20.25 168670
20.3 168833
20.35 168996
20.4 169159
20.45 169323
20.5 169486
20.55 169649
20.6 169812
20.65 169975
20.7 170138
20.75 170302
20.8 170465
20.85 170628
20.9 170791
20.95 170954
21 171118
21.05 171281
21.1 171444
21.15 171607
21.2 171770
21.25 171933
21.3 172097
21.35 172260
21.4 172423
21.45 172586
21.5 172749
21.55 172912
21.6 173076
21.65 173239
21.7 173402
21.75 173565
21.8 173728
21.85 173891
21.9 174055
21.95 174215
22 174374
22.05 174528
22.1 174670
22.15 174802
22.2 174929
22.25 175056
22.3 175182
22.35 175309
22.4 175436
22.45 175563
22.5 175690
22.55 175796
22.6 175897
22.65 175997
22.7 176098
22.75 176198
22.8 176299
22.85 176400
22.9 176500
22.95 176601
23 176700
23.05 176797
23.1 176893
23.15 176983
23.2 177073
23.25 177162
23.3 177252
23.35 177342
23.4 177427
23.45 177505
23.5 177584
23.55 177663
23.6 177741
23.65 177820
23.7 177899
23.75 177978
23.8 178056
23.85 178128
23.9 178190
23.95 178251
24 178313
24.05 178358
24.1 178402
24.15 178436
24.2 178468
24.25 178499
24.3 178531
24.35 178563
24.4 178594
24.45 178626
24.5 178657
24.55 178689
24.6 178720
24.65 178752
24.7 178784
24.75 178815
24.8 178847
24.85 178878
24.9 178910
24.95 178941
25 178973
25.05 179005
25.1 179036
25.15 179068
25.2 179099
25.25 179131
25.3 179162
25.35 179194
25.4 179226
25.45 179257
25.5 179289
25.55 179320
25.6 179352
25.65 179383
25.7 179415
25.75 179447
25.8 179478
25.85 179510
25.9 179541
25.95 179573
26 179604
26.05 179636
26.1 179668
26.15 179699
26.2 179731
26.25 179762
26.3 179794
26.35 179825
26.4 179857
26.45 179889
26.5 179920
26.55 179952
26.6 179983
26.65 180015
26.7 180046
26.75 180078
26.8 180110
26.85 180141
26.9 180173
26.95 180204
27 180236
27.05 180268
27.1 180299
27.15 180331
27.2 180362
27.25 180394
27.3 180425
27.35 180457
27.4 180489
27.45 180520
27.5 180552
27.55 180583
27.6 180615
27.65 180646
27.7 180678
27.75 180710
27.8 180741
27.85 180773
27.9 180804
27.95 180836
28 180867
28.05 180899
28.1 180931
28.15 180962
28.2 180994
28.25 181025
28.3 181057
28.35 181088
28.4 181120
28.45 181152
28.5 181183
28.55 181215
28.6 181246
28.65 181278
28.7 181309
28.75 181341
28.8 181373
28.85 181404
28.9 181436
28.95 181467
29 181499
29.05 181530
29.1 181562
29.15 181594
29.2 181625
29.25 181657
29.3 181688
29.35 181720
29.4 181751
29.45 181783
29.5 181815
29.55 181846
29.6 181878
29.65 181909
29.7 181941
29.75 181973
29.8 182004
29.85 182036
29.9 182067
29.95 182099
30 182130
30.05 182162
30.1 182194
30.15 182225
30.2 182257
30.25 182288
30.3 182320
30.35 182351
30.4 182383
30.45 182415
30.5 182446
30.55 182478
30.6 182509
30.65 182541
30.7 182572
30.75 182604
30.8 182636
30.85 182667
30.9 182699
30.95 182730
31 182762
31.05 182793
31.1 182825
31.15 182857
31.2 182888
31.25 182920
31.3 182951
31.35 182983
31.4 183014
31.45 183046
31.5 183078
31.55 183109
31.6 183141
31.65 183172
31.7 183204
31.75 183235
31.8 183267
31.85 183299
31.9 183330
31.95 183362
32 183393
32.05 183425
32.1 183456
32.15 183488
32.2 183520
32.25 183551
32.3 183583
32.35 183614
32.4 183646
32.45 183678
32.5 183709
32.55 183741
32.6 183772
32.65 183804
32.7 183835
32.75 183867
32.8 183899
32.85 183930
32.9 183962
32.95 183993
33 184025
33.05 184056
33.1 171049
33.15 171081
33.2 171112
33.25 171143
33.3 171174
33.35 171205
33.4 171236
33.45 171268
33.5 171299
33.55 171330
33.6 171361
33.65 171392
33.7 171424
33.75 171455
33.8 171486
33.85 171517
33.9 171548
33.95 43268.1
34 43276.6
34.05 43285
34.1 43293.5
34.15 43301.9
34.2 43310.3
34.25 43318.8
34.3 43327.2
34.35 43335.7
34.4 43344.1
34.45 31938.1
34.5 31944.4
34.55 31950.6
34.6 31956.8
34.65 31963
34.7 31969.2
34.75 31975.5
34.8 31981.7
34.85 31987.9
34.9 31994.1
34.95 32000.4
35 32006.6
35.05 32012.8
35.1 32019
35.15 32025.2
35.2 32031.5
35.25 32037.7
35.3 32043.9
35.35 32050.1
35.4 32056.3
35.45 32062.6
35.5 32068.8
35.55 32075
35.6 32081.2
35.65 32087.4
35.7 32093.7
35.75 32099.9
35.8 32106.1
35.85 32112.3
35.9 32118.5
35.95 32124.8
36 32131
36.05 32137.2
36.1 32143.4
36.15 32149.7
36.2 32155.9
36.25 32162.1
36.3 32168.3
36.35 32174.5
36.4 32180.8
36.45 32187
36.5 32193.2
36.55 32199.4
36.6 32205.6
36.65 32211.9
36.7 32218.1
36.75 32224.3
36.8 32230.5
36.85 32236.7
36.9 32243
36.95 32249.2
37 32255.4
37.05 32261.6
37.1 32267.9
37.15 32274.1
37.2 32280.3
37.25 32286.5
37.3 32292.7
37.35 32299
37.4 32305.2
37.45 32311.4
37.5 32317.6
37.55 32323.8
37.6 32330.1
37.65 32336.3
37.7 32342.5
37.75 32348.7
37.8 32354.9
37.85 32361.2
37.9 32367.4
37.95 32373.6
38 32379.8
38.05 32386.1
38.1 32392.3
38.15 32398.5
38.2 32404.7
38.25 32410.9
38.3 32417.2
38.35 32423.4
38.4 32429.6
38.45 32435.8
38.5 32442
38.55 32448.3
38.6 32454.5
38.65 32460.7
38.7 32466.9
38.75 32473.1
38.8 32479.4
38.85 32485.6
38.9 32491.8
38.95 32498
39 32504.2
39.05 32510.5
39.1 32516.7
39.15 32522.9
39.2 32529.1
39.25 32535.4
39.3 32541.6
39.35 32547.8
39.4 32554
39.45 32560.2
39.5 32566.5
39.55 32572.7
39.6 32578.9
39.65 32585.1
39.7 32591.3
39.75 32597.6
39.8 32603.8
39.85 32610
39.9 32616.2
39.95 32622.4
40 32628.7
40.05 32634.9
40.1 32641.1
40.15 32647.3
40.2 32653.6
40.25 32659.8
40.3 32666
40.35 32672.2
40.4 32678.4
40.45 32684.7
40.5 32690.9
40.55 32697.1
40.6 32703.3
40.65 32709.5
40.7 32715.8
40.75 32722
40.8 32728.2
40.85 32734.4
40.9 32740.6
40.95 32746.9
41 32753.1
41.05 32759.3
41.1 32765.5
41.15 32771.7
41.2 32778
41.25 32784.2
41.3 32790.4
41.35 32796.6
41.4 32802.9
41.45 32809.1
41.5 32815.3
41.55 32821.5
41.6 32827.7
41.65 32834
41.7 32840.2
41.75 32846.4
41.8 32852.6
41.85 32858.8
41.9 32865.1
41.95 32871.3
42 32877.5
42.05 32883.7
42.1 32890
42.15 32896.2
42.2 32902.4
42.25 32908.6
42.3 32914.8
42.35 32921.1
42.4 32927.3
42.45 32933.5
42.5 32939.7
42.55 32946
42.6 32952.2
42.65 32958.4
42.7 32964.6
42.75 32970.8
42.8 32977.1
42.85 32983.3
42.9 32989.5
42.95 32995.7
43 33001.9
43.05 33008.2
43.1 33014.4
43.15 33020.6
43.2 33026.8
43.25 33033.1
43.3 33039.3
43.35 33045.5
43.4 33051.7
43.45 33057.9
43.5 33064.2
43.55 33070.4
43.6 33076.6
43.65 33082.8
43.7 33089
43.75 33095.3
43.8 33101.5
43.85 33107.7
43.9 33113.9
43.95 33120.2
44 33126.4
44.05 33132.6
44.1 33138.8
44.15 33145
44.2 33151.3
44.25 33157.5
44.3 33163.7
44.35 33169.9
44.4 33176.1
44.45 33182.4
44.5 21728.3
44.55 21732.4
44.6 21736.4
44.65 21740.5
44.7 21744.6
44.75 21748.7
44.8 21752.7
44.85 21756.8
44.9 21760.9
44.95 21765
45 21769.1
45.05 21773.1
45.1 21777.2
45.15 21781.3
45.2 21785.4
45.25 21789.4
45.3 21793.5
45.35 21797.6
45.4 21801.7
45.45 21805.7
45.5 21809.8
45.55 21813.9
45.6 21818
45.65 21822
45.7 21826.1
45.75 21830.2
45.8 21834.3
45.85 21838.3
45.9 21842.4
45.95 21846.5
46 21850.6
46.05 21854.6
46.1 21858.7
46.15 21862.8
46.2 21866.9
46.25 21871
46.3 21875
46.35 21879.1
46.4 21883.2
46.45 21887.3
46.5 21891.3
46.55 21895.4
46.6 21899.5
46.65 21903.6
46.7 21907.6
46.75 21911.7
46.8 21915.8
46.85 21919.9
46.9 21923.9
46.95 21928
47 21932.1
47.05 21936.2
47.1 21940.2
47.15 21944.3
47.2 21948.4
47.25 21952.5
47.3 21956.6
47.35 21960.6
47.4 21964.7
47.45 21968.8
47.5 21972.9
47.55 21976.9
47.6 21981
47.65 21985.1
47.7 21989.2
47.75 21993.2
47.8 21997.3
47.85 22001.4
47.9 22005.5
47.95 22009.5
48 22013.6
48.05 22017.7
48.1 22021.8
48.15 22025.8
48.2 22029.9
48.25 22034
48.3 22038.1
48.35 22042.1
48.4 22046.2
48.45 22050.3
48.5 22054.4
48.55 22058.5
48.6 22062.5
48.65 22066.6
48.7 22070.7
48.75 22074.8
48.8 22078.8
48.85 22082.9
48.9 22087
48.95 22091.1
49 22095.1
49.05 22099.2
49.1 22103.3
49.15 22107.4
49.2 22111.4
49.25 22115.5
49.3 22119.6
49.35 22123.7
49.4 22127.7
49.45 22131.8
49.5 22135.9
49.55 22140
49.6 22144.1
49.65 22148.1
49.7 22152.2
49.75 22156.3
49.8 22160.4
49.85 22164.4
49.9 22168.5
49.95 22172.6
50 22176.7
50.05 22180.7
50.1 22184.8
50.15 22188.9
50.2 22193
50.25 22197
50.3 22201.1
50.35 22205.2
50.4 22209.3
50.45 22213.3
50.5 22217.4
50.55 22221.5
50.6 22225.6
50.65 22229.6
50.7 22233.7
50.75 22237.8
50.8 22241.9
50.85 22246
50.9 22250
50.95 22254.1
51 22258.2
51.05 22262.3
51.1 22266.3
51.15 22270.4
51.2 22274.5
51.25 22278.6
51.3 22282.6
51.35 22286.7
51.4 22290.8
51.45 22294.9
51.5 22298.9
51.55 22303
51.6 22307.1
51.65 22311.2
51.7 22315.2
51.75 22319.3
51.8 22323.4
51.85 22327.5
51.9 22331.5
51.95 22335.6
52 22339.7
52.05 22343.8
52.1 22347.9
52.15 22351.9
52.2 22356
52.25 22360.1
52.3 22364.2
52.35 22368.2
52.4 22372.3
52.45 22376.4
52.5 22380.5
52.55 22384.5
52.6 22388.6
52.65 22392.7
52.7 22396.8
52.75 22400.8
52.8 22404.9
52.85 22409
52.9 22413.1
52.95 22417.1
53 22421.2
53.05 22425.3
53.1 22429.4
53.15 22433.5
53.2 22437.5
53.25 22441.6
53.3 22445.7
53.35 22449.8
53.4 22453.8
53.45 22457.9
53.5 22462
53.55 22466.1
53.6 22470.1
53.65 22474.2
53.7 22478.3
53.75 22482.4
53.8 22486.4
53.85 22490.5
53.9 22494.6
53.95 22498.7
54 22502.7
54.05 22506.8
54.1 22510.9
54.15 22515
54.2 22519
54.25 22523.1
54.3 22527.2
54.35 22531.3
54.4 22535.4
54.45 22539.4
54.5 22543.5
54.55 22547.6
54.6 22551.7
54.65 22555.7
54.7 22559.8
54.75 22563.9
54.8 22568
54.85 22572
54.9 22576.1
54.95 22580.2
55 22584.3
55.05 22588.3
55.1 22592.4
55.15 22596.5
55.2 22600.6
55.25 22604.6
55.3 22608.7
55.35 22612.8
55.4 22616.9
55.45 22621
55.5 22625
55.55 22629.1
55.6 22633.2
55.65 22637.3
55.7 22641.3
55.75 22645.4
55.8 22649.5
55.85 22653.6
55.9 22657.6
55.95 22661.7
56 22665.8
56.05 22669.9
56.1 22673.9
56.15 22678
56.2 22682.1
56.25 22686.2
56.3 22690.2
56.35 22694.3
56.4 22698.4
56.45 22702.5
56.5 22706.5
56.55 22710.6
56.6 22714.7
56.65 22718.8
56.7 22722.9
56.75 22726.9
56.8 22731
56.85 22735.1
56.9 22739.2
56.95 22743.2
57 22747.3
57.05 22751.4
57.1 22755.5
57.15 22759.5
57.2 22763.6
57.25 22767.7
57.3 22771.8
57.35 22775.8
57.4 22779.9
57.45 22784
57.5 22788.1
57.55 22792.1
57.6 22796.2
57.65 22800.3
57.7 22804.4
57.75 22808.5
57.8 22812.5
57.85 22816.6
57.9 22820.7
57.95 22824.8
58 22828.8
58.05 22832.9
58.1 22837
58.15 22841.1
58.2 22845.1
58.25 22849.2
58.3 22853.3
58.35 22857.4
58.4 22861.4
58.45 22865.5
58.5 22869.6
58.55 22873.7
58.6 22877.7
58.65 22881.8
58.7 22885.9
58.75 22890
