# M30 3D pushover in X: mass-proportional load, control node 1005
# control displacement (mm), base shear (N)
0 0
0.05 4200.31
0.1 8400.62
0.15 10151.1
0.2 10798.9
0.25 11252.4
0.3 11705.9
0.35 12159.3
0.4 12612.8
0.45 13066.3
0.5 13519.8
0.55 13973.2
0.6 14426.7
0.65 14880.2
0.7 15333.7
0.75 15787.2
0.8 16240.6
0.85 16694.1
0.9 17147.6
0.95 17601.1
1 18054.6
1.05 18508
1.1 18961.5
1.15 19415
1.2 19868.5
1.25 20322
1.3 20775.4
1.35 21228.9
1.4 21682.4
1.45 22135.9
1.5 22589.3
1.55 23042.8
1.6 23496.3
1.65 23949.8
1.7 24403.3
1.75 24856.7
1.8 25310.2
1.85 25763.7
1.9 26217.2
1.95 26670.7
2 27124.1
2.05 27577.6
2.1 28031.1
2.15 28484.6
2.2 28938
2.25 29391.5
2.3 29845
2.35 30298.5
2.4 30752
2.45 31205.4
2.5 31658.9
2.55 32112.4
2.6 32565.9
2.65 33019.4
2.7 33472.8
2.75 33926.3
2.8 34379.8
2.85 34833.3
2.9 35286.8
2.95 35740.2
3 36193.7
3.05 36647.2
3.1 37100.7
3.15 37554.1
3.2 38007.6
3.25 38461.1
3.3 38914.6
3.35 39368.1
3.4 39821.5
3.45 40275
3.5 40728.5
3.55 41182
3.6 41635.5
3.65 42088.9
3.7 42542.4
3.75 42995.9
3.8 43449.4
3.85 43902.8
3.9 44356.3
3.95 44809.8
4 45263.3
4.05 45716.8
4.1 46170.2
4.15 46623.7
4.2 47077.2
4.25 47530.7
4.3 47984.2
4.35 48437.6
4.4 48891.1
4.45 49344.6
4.5 49798.1
4.55 50251.6
4.6 50705
4.65 51158.5
4.7 51612
4.75 52065.5
4.8 52518.9
4.85 52972.4
4.9 53425.9
4.95 53879.4
5 54332.9
5.05 54786.3
5.1 55239.8
5.15 55693.3
5.2 56146.8
5.25 56600.3
5.3 57053.7
5.35 57507.2
5.4 57960.7
5.45 58414.2
5.5 58867.6
5.55 59321.1
5.6 59774.6
5.65 60228.1
5.7 60681.6
5.75 61135
5.8 61588.5
5.85 62042
5.9 62495.5
5.95 62949
6 63402.4
6.05 63855.9
6.1 64309.4
6.15 64762.9
6.2 65216.4
6.25 65669.8
6.3 66123.3
6.35 66576.8
6.4 67030.3
6.45 67483.7
6.5 67937.2
6.55 68390.7
6.6 68844.2
6.65 69297.7
6.7 69751.1
6.75 70204.6
6.8 70658.1
6.85 71111.6
6.9 71565.1
6.95 72018.5
7 72472
7.05 72925.5
7.1 73379
7.15 73832.4
7.2 74285.9
7.25 74739.4
7.3 75192.9
7.35 75646.4
7.4 76099.8
7.45 76553.3
7.5 77006.8
7.55 77460.3
7.6 77913.8
7.65 78367.2
7.7 78820.7
7.75 79274.2
7.8 79727.7
7.85 80181.1
7.9 80634.6
7.95 81088.1
8 81541.6
8.05 81995.1
8.1 82448.5
8.15 82902
8.2 83355.5
8.25 83809
8.3 84262.5
8.35 84715.9
8.4 85169.4
8.45 85622.9
8.5 86076.4
8.55 86529.9
8.6 86983.3
8.65 87436.8
8.7 87890.3
8.75 88343.8
8.8 88797.2
8.85 89250.7
8.9 89704.2
8.95 90157.7
9 90611.2
9.05 91064.6
9.1 91518.1
9.15 91971.6
9.2 92425.1
9.25 92878.6
9.3 93332
9.35 93785.5
9.4 94239
9.45 94692.5
9.5 95145.9
9.55 95599.4
9.6 96052.9
9.65 96506.4
9.7 96959.9
9.75 97413.3
9.8 97866.8
9.85 98320.3
9.9 98773.8
9.95 99227.3
10 99680.7
10.05 100134
10.1 100588
10.15 101032
10.2 101442
10.25 101840
10.3 102239
10.35 102637
10.4 103036
10.45 103435
10.5 103833
10.55 104232
10.6 104631
10.65 105029
10.7 105428
10.75 105822
10.8 106200
10.85 106572
10.9 106944
10.95 107316
11 107687
11.05 108059
11.1 108431
11.15 108803
11.2 109175
11.25 109547
11.3 109919
11.35 110291
11.4 110663
11.45 111035
11.5 111407
11.55 111778
11.6 112150
11.65 112522
11.7 112894
11.75 113266
11.8 113638
11.85 114010
11.9 114382
11.95 114754
12 115126
12.05 115466
12.1 115797
12.15 116128
12.2 116460
12.25 116791
12.3 117122
12.35 117454
12.4 117785
12.45 118116
12.5 118448
12.55 118779
12.6 119111
12.65 119442
12.7 119773
12.75 120105
12.8 120436
12.85 120767
12.9 121099
12.95 121430
13 121761
13.05 122093
13.1 122424
13.15 122755
13.2 123087
13.25 123418
13.3 123749
13.35 124081
13.4 124412
13.45 124743
13.5 125075
13.55 125406
13.6 125737
13.65 126069
13.7 126400
13.75 126731
13.8 127063
13.85 127394
13.9 127725
13.95 128057
14 128388
14.05 128719
14.1 129051
14.15 129382
14.2 129713
14.25 130045
14.3 130376
14.35 130707
14.4 131039
14.45 131370
14.5 131701
14.55 132033
14.6 132364
14.65 132695
14.7 133027
14.75 133358
14.8 133689
14.85 134021
14.9 134352
14.95 134683
15 135015
15.05 135346
15.1 135677
15.15 136009
15.2 136340
15.25 136671
15.3 137003
15.35 137334
15.4 137665
15.45 137997
15.5 138328
15.55 138659
15.6 138991
15.65 139322
15.7 139653
15.75 139985
15.8 140316
15.85 140647
15.9 140979
15.95 141310
16 141641
16.05 141973
16.1 142304
16.15 142635
16.2 142967
16.25 143298
16.3 143629
16.35 143961
16.4 144292
16.45 144623
16.5 144955
16.55 145286
16.6 145617
16.65 145949
16.7 146280
16.75 146611
16.8 146943
16.85 147274
16.9 147605
16.95 147937
17 148268
17.05 148599
17.1 148931
17.15 149262
17.2 149577
17.25 149848
17.3 150000
17.35 150130
17.4 150260
17.45 150389
17.5 150519
17.55 150649
17.6 150778
17.65 150908
17.7 151038
17.75 151168
17.8 151297
17.85 151427
17.9 151557
17.95 151687
18 151816
18.05 151946
18.1 152076
18.15 152205
18.2 152335
18.25 152465
18.3 152587
18.35 152676
18.4 152723
18.45 152748
18.5 152773
18.55 152798
18.6 152823
18.65 152847
18.7 152872
18.75 152897
18.8 152922
18.85 152947
18.9 152972
18.95 152996
19 153021
19.05 153046
19.1 153071
19.15 153096
19.2 153120
19.25 153145
19.3 153170
19.35 153195
19.4 153220
19.45 153244
19.5 153269
19.55 153294
19.6 153319
19.65 153344
19.7 153369
19.75 153393
19.8 153418
19.85 153443
19.9 153468
19.95 153493
20 153517
20.05 153542
20.1 153567
20.15 153592
20.2 153617
20.25 153641
20.3 153666
20.35 153691
20.4 153716
20.45 153741
20.5 153766
20.55 153790
20.6 153815
20.65 153840
20.7 153865
20.75 153890
20.8 153914
20.85 153939
20.9 153964
20.95 153989
21 154014
21.05 154038
21.1 154063
21.15 154088
21.2 154113
21.25 154138
21.3 154163
21.35 154187
21.4 154212
21.45 154237
21.5 154262
21.55 154287
21.6 154311
21.65 154336
21.7 154361
21.75 154386
21.8 154411
21.85 154435
21.9 154460
21.95 154485
22 154510
22.05 154535
22.1 154560
22.15 154584
22.2 154609
22.25 154634
22.3 154659
22.35 154684
22.4 154708
22.45 154733
22.5 154758
22.55 154783
22.6 154808
22.65 154832
22.7 154857
22.75 154882
22.8 154907
22.85 154932
22.9 154957
22.95 154981
23 155006
23.05 155031
23.1 155056
23.15 155081
23.2 155105
23.25 155130
23.3 155155
23.35 155180
23.4 155205
23.45 155229
23.5 155254
23.55 155279
23.6 155304
23.65 155329
23.7 155354
23.75 155378
23.8 155403
23.85 155428
23.9 155453
23.95 155478
24 155502
24.05 155516
24.1 155524
24.15 155532
24.2 155540
24.25 155548
24.3 155556
24.35 155564
24.4 155572
24.45 155580
24.5 155588
24.55 155596
24.6 155604
24.65 155612
24.7 155620
24.75 155628
24.8 155636
24.85 155644
24.9 155652
24.95 155660
25 155668
25.05 155676
25.1 155684
25.15 155692
25.2 155700
25.25 155708
25.3 155716
25.35 155724
25.4 155732
25.45 155740
25.5 155748
25.55 155756
25.6 155764
25.65 155772
25.7 155780
25.75 155788
25.8 155796
25.85 155804
25.9 155812
25.95 155820
26 155828
26.05 155836
26.1 155844
26.15 155852
26.2 155860
26.25 155868
26.3 155876
26.35 155884
26.4 155892
26.45 155900
26.5 155908
26.55 155916
26.6 155924
26.65 155932
26.7 155940
26.75 155948
26.8 155956
26.85 155964
26.9 155972
26.95 155980
27 155988
27.05 155996
27.1 156005
27.15 156013
27.2 156021
27.25 156029
27.3 156037
27.35 156045
27.4 156053
27.45 156061
27.5 156069
27.55 156077
27.6 156085
27.65 156093
27.7 156101
27.75 156109
27.8 156117
27.85 156125
27.9 156133
27.95 156141
28 156149
28.05 156157
28.1 156165
28.15 156173
28.2 156181
28.25 156189
28.3 156197
28.35 156205
28.4 156213
28.45 156221
28.5 156229
28.55 156237
28.6 156245
28.65 156253
28.7 156261
28.75 156269
28.8 156277
28.85 156285
28.9 156293
28.95 156301
29 156309
29.05 156317
29.1 156325
29.15 156333
29.2 156341
29.25 156349
29.3 156357
29.35 156365
29.4 156373
29.45 156381
29.5 156389
29.55 156397
29.6 156405
29.65 156413
29.7 156421
29.75 156429
29.8 156437
29.85 156445
29.9 156453
29.95 156461
30 156469
30.05 156477
30.1 156485
30.15 156494
30.2 156502
30.25 156510
30.3 156518
30.35 156526
30.4 156534
30.45 156542
30.5 156550
30.55 156558
30.6 156566
30.65 156574
30.7 156582
30.75 156590
30.8 156598
30.85 156606
30.9 156614
30.95 156622
31 156630
31.05 156638
31.1 156646
31.15 156654
31.2 156662
31.25 156670
31.3 156678
31.35 156686
31.4 156694
31.45 156702
31.5 156710
31.55 156718
31.6 156726
31.65 156734
31.7 156742
31.75 156750
31.8 156758
31.85 156766
31.9 156774
31.95 156782
32 156790
32.05 156798
32.1 156806
32.15 156814
32.2 156822
32.25 156830
32.3 156838
32.35 156846
32.4 156854
32.45 156862
32.5 156870
32.55 156878
32.6 156886
32.65 156894
32.7 156902
32.75 156910
32.8 156918
32.85 156926
32.9 156934
32.95 156942
33 156950
33.05 156958
33.1 156966
33.15 156974
33.2 156983
33.25 156991
33.3 156999
33.35 157007
33.4 157015
33.45 157023
33.5 157031
33.55 157039
33.6 157047
33.65 157055
33.7 157063
33.75 157071
33.8 157079
33.85 157087
33.9 157095
33.95 157103
34 157111
34.05 157119
34.1 157127
34.15 157135
34.2 157143
34.25 157151
34.3 157159
34.35 157167
34.4 157175
34.45 157183
34.5 157191
34.55 157199
34.6 157207
34.65 157215
34.7 157223
34.75 157231
34.8 157239
34.85 157247
34.9 157255
34.95 157263
35 157271
35.05 157279
35.1 157287
35.15 127737
35.2 130208
35.25 132574
35.3 134314
35.35 122208
35.4 123538
35.45 124026
35.5 64750.8
35.55 65413.8
35.6 66076.7
35.65 66739.7
35.7 67402.7
35.75 68065.6
35.8 68728.6
35.85 69201.6
35.9 57639.4
35.95 58074.5
36 58509.6
36.05 58944.8
36.1 59379.4
36.15 59814.1
36.2 60248.8
36.25 60683.4
36.3 61118.1
36.35 61552.8
36.4 61987.4
36.45 62422.1
36.5 62856.8
36.55 63291.4
36.6 63726
36.65 64160.6
36.7 64595.1
36.75 65029.7
36.8 65464.2
36.85 65898.8
36.9 66333.3
36.95 66767.9
37 67202.4
37.05 67637
37.1 68071.5
37.15 68506.1
37.2 68940.6
37.25 69375.2
37.3 69809.7
37.35 70244.3
37.4 70678.8
37.45 71113.4
37.5 71547.9
37.55 71982.5
37.6 72417
37.65 72851.4
37.7 73285.9
37.75 73720.4
37.8 74154.9
37.85 74541.5
37.9 74804.4
37.95 75037.4
38 75227.8
38.05 75378.9
38.1 75442
38.15 75501.6
38.2 75561.1
38.25 75620.6
38.3 75680.1
38.35 75715.3
38.4 75720.9
38.45 75726.6
38.5 75732.2
38.55 75737.8
38.6 75743.5
38.65 75749.1
38.7 75754.8
38.75 75760.4
38.8 75766.1
38.85 75771.7
38.9 75777.4
38.95 64740.5
39 65084.1
39.05 65427.6
39.1 65771.2
39.15 66114.7
39.2 66457.9
39.25 66696.6
39.3 56376.6
39.35 56639.1
39.4 56901.7
39.45 57164.2
39.5 57426.8
39.55 57640.2
39.6 57646.7
39.65 57651.8
39.7 47564.1
39.75 47752.4
39.8 47940.8
39.85 48129.2
39.9 48317.5
39.95 48505.9
40 48585.5
40.05 48590.3
40.1 21315.9
40.15 21318.3
40.2 21322.1
40.25 21326.2
40.3 21330.2
40.35 21334.3
40.4 21338.4
40.45 21342.4
40.5 21346.5
40.55 21350.6
40.6 21354.6
40.65 21358.7
40.7 21362.7
40.75 21366.8
40.8 21370.9
40.85 21374.9
40.9 21379
40.95 21383.1
41 21387.1
41.05 21391.2
41.1 21395.3
41.15 21399.3
41.2 21403.4
41.25 21407.5
41.3 21411.5
41.35 21415.6
41.4 21419.7
41.45 21423.7
41.5 21427.8
41.55 21431.9
41.6 21435.9
41.65 21440
41.7 21444.1
41.75 21448.1
41.8 21452.2
41.85 21456.3
41.9 21460.3
41.95 21464.4
42 21468.5
42.05 21472.5
42.1 21476.6
42.15 21480.7
42.2 21484.7
42.25 21488.8
42.3 21492.9
42.35 21496.9
42.4 21501
42.45 21505.1
42.5 21509.1
42.55 21513.2
42.6 21517.3
42.65 21521.3
42.7 21525.4
42.75 21529.4
42.8 21533.5
42.85 21537.6
42.9 21541.6
42.95 21545.7
43 21549.8
43.05 21553.8
43.1 21557.9
43.15 21562
43.2 21566
43.25 21570.1
43.3 21574.2
43.35 21578.2
43.4 21582.3
43.45 21586.4
43.5 21590.4
43.55 21594.5
43.6 21598.6
43.65 21602.6
43.7 21606.7
43.75 21610.8
43.8 21614.8
43.85 21618.9
43.9 21623
43.95 21627
44 21631.1
44.05 21635.2
44.1 21639.2
44.15 21643.3
44.2 21647.4
44.25 21651.4
44.3 21655.5
44.35 21659.6
44.4 21663.6
44.45 21667.7
44.5 21671.8
44.55 21675.8
44.6 21679.9
44.65 21684
44.7 21688
44.75 21692.1
44.8 21696.2
44.85 21700.2
44.9 21704.3
44.95 21708.3
45 21712.4
45.05 21716.5
45.1 21720.5
45.15 21724.6
45.2 21728.7
45.25 21732.7
45.3 21736.8
45.35 21740.9
45.4 21744.9
45.45 21749
45.5 21753.1
45.55 21757.1
45.6 21761.2
45.65 21765.3
45.7 21769.3
45.75 21773.4
45.8 21777.5
45.85 21781.5
45.9 21785.6
45.95 21789.7
46 21793.7
46.05 21797.8
46.1 21801.9
46.15 21805.9
46.2 21810
46.25 21814.1
46.3 21818.1
46.35 21822.2
46.4 21826.3
46.45 21830.3
46.5 21834.4
46.55 21838.5
46.6 21842.5
46.65 21846.6
46.7 21850.7
46.75 21854.7
46.8 21858.8
46.85 21862.9
46.9 21866.9
46.95 21871
47 21875
47.05 21879.1
47.1 21883.2
47.15 21887.2
47.2 21891.3
47.25 21895.4
47.3 21899.4
47.35 21903.5
47.4 21907.6
47.45 21911.6
47.5 21915.7
47.55 21919.8
47.6 21923.8
47.65 21927.9
47.7 21932
47.75 21936
47.8 21940.1
47.85 21944.2
47.9 21948.2
47.95 21952.3
48 21956.4
48.05 21960.4
48.1 21964.5
48.15 21968.6
48.2 21972.6
48.25 21976.7
48.3 21980.8
48.35 21984.8
48.4 21988.9
48.45 21993
48.5 21997
48.55 22001.1
48.6 22005.2
48.65 22009.2
48.7 22013.3
48.75 22017.4
48.8 22021.4
48.85 22025.5
48.9 22029.6
48.95 22033.6
49 22037.7
49.05 22041.7
49.1 22045.8
49.15 22049.9
49.2 22053.9
49.25 22058
49.3 22062.1
49.35 22066.1
49.4 22070.2
49.45 22074.3
49.5 22078.3
49.55 22082.4
49.6 22086.5
49.65 22090.5
49.7 22094.6
49.75 22098.7
49.8 22102.7
49.85 22106.8
49.9 22110.9
49.95 22114.9
50 22119
50.05 22123.1
50.1 22127.1
50.15 22131.2
50.2 22135.3
50.25 22139.3
50.3 22143.4
50.35 22147.5
50.4 22151.5
50.45 22155.6
50.5 22159.7
50.55 22163.7
50.6 22167.8
50.65 22171.9
50.7 22175.9
50.75 22180
50.8 22184.1
50.85 22188.1
50.9 22192.2
50.95 22196.3
51 22200.3
51.05 22204.4
51.1 22208.4
51.15 22212.5
51.2 22216.6
51.25 22220.6
51.3 22224.7
51.35 22228.8
51.4 22232.8
51.45 22236.9
51.5 22241
51.55 22245
51.6 22249.1
51.65 22253.2
51.7 22257.2
51.75 22261.3
51.8 22265.4
51.85 22269.4
51.9 22273.5
51.95 22277.6
52 22281.6
52.05 22285.7
52.1 22289.8
52.15 22293.8
52.2 22297.9
52.25 22302
52.3 22306
52.35 22310.1
52.4 22314.2
52.45 22318.2
52.5 22322.3
52.55 22326.4
52.6 22330.4
52.65 22334.5
52.7 22338.6
52.75 22342.6
52.8 22346.7
52.85 22350.8
52.9 22354.8
52.95 22358.9
53 22363
53.05 22367
53.1 22371.1
53.15 22375.1
53.2 22379.2
53.25 22383.3
53.3 22387.3
53.35 22391.4
53.4 22395.5
53.45 22399.5
53.5 22403.6
53.55 22407.7
53.6 22411.7
53.65 22415.8
53.7 22419.9
53.75 22423.9
53.8 22428
53.85 22432.1
53.9 22436.1
53.95 22440.2
54 22444.3
54.05 22448.3
54.1 22452.4
54.15 22456.5
54.2 22460.5
54.25 22464.6
54.3 22468.7
54.35 22472.7
54.4 22476.8
54.45 22480.9
54.5 22484.9
54.55 22489
54.6 22493.1
54.65 22497.1
54.7 22501.2
54.75 22505.3
54.8 22509.3
54.85 22513.4
54.9 22517.5
54.95 22521.5
55 22525.6
55.05 22529.7
55.1 22533.7
55.15 22537.8
55.2 22541.9
55.25 22545.9
55.3 22550
55.35 22554
55.4 22558.1
55.45 22562.2
55.5 22566.2
55.55 22570.3
55.6 22574.4
55.65 22578.4
55.7 22582.5
55.75 22586.6
55.8 22590.6
55.85 22594.7
55.9 22598.8
55.95 22602.8
56 22606.9
56.05 22611
56.1 22615
56.15 22619.1
56.2 22623.2
56.25 22627.2
56.3 22631.3
56.35 22635.4
56.4 22639.4
56.45 22643.5
56.5 22647.6
56.55 22651.6
56.6 22655.7
56.65 22659.8
56.7 22663.8
56.75 22667.9
56.8 22672
56.85 22676
56.9 22680.1
56.95 22684.2
57 22688.2
57.05 22692.3
57.1 22696.4
57.15 22700.4
57.2 22704.5
57.25 22708.6
57.3 22712.6
57.35 22716.7
57.4 22720.7
57.45 22724.8
57.5 22728.9
57.55 22732.9
57.6 22737
57.65 22741.1
57.7 22745.1
57.75 22749.2
57.8 22753.3
57.85 22757.3
57.9 22761.4
57.95 22765.5
58 22769.5
58.05 22773.6
58.1 22777.7
58.15 22781.7
58.2 22785.8
58.25 22789.9
58.3 22793.9
58.35 22798
58.4 22802.1
58.45 22806.1
58.5 22810.2
58.55 22814.3
58.6 22818.3
58.65 22822.4
58.7 22826.5
58.75 22830.5
58.8 22834.6
58.85 22838.7
58.9 22842.7
58.95 22846.8
59 22850.9
59.05 22854.9
59.1 22859
59.15 22863.1
59.2 22867.1
59.25 22871.2
59.3 22875.3
59.35 22879.3
59.4 22883.4
59.45 22887.4
59.5 22891.5
59.55 22895.6
59.6 22899.6
59.65 22903.7
59.7 22907.8
59.75 22911.8
59.8 22915.9
59.85 22920
59.9 22924
59.95 22928.1
60 22932.2
