0.43 1.87 2.52 4.02 5.45 7.16 7.88 8.58 9.57 10.00
1.75 3.47 4.67 5.94 7.93 8.93 9.26 10.15 11.81 12.78
0.17 1.56 2.95 3.90 5.63 6.11 6.70 8.44 8.11 8.74
0.34 2.26 3.74 4.99 8.03 8.13 8.59 10.07 10.99 11.54
0.87 2.52 3.33 4.36 6.59 9.40 10.43 11.94 13.32 14.57
0.67 2.03 3.88 5.23 5.91 6.94 8.87 10.93 11.46 10.69
1.25 2.33 4.01 5.35 7.23 7.62 9.83 11.51 13.91 13.71
2.27 4.80 5.67 6.54 8.84 11.88 18.71 16.30 18.79 24.22
1.15 2.46 3.63 4.19 5.83 6.68 8.40 10.22 11.07 13.05
1.15 2.34 3.93 4.94 7.43 9.46 9.18 10.14 10.29 12.00
1.36 2.98 5.34 6.76 8.52 10.96 12.68 16.31 19.60 20.81
1.50 3.02 4.78 6.02 8.08 10.28 12.09 14.72 21.87 23.17
1.58 3.47 5.38 6.63 9.75 10.53 12.58 15.00 14.34 14.77
1.34 2.57 4.53 7.56 7.81 8.99 9.59 11.26 12.92 13.72
0.25 1.42 2.53 3.23 6.30 7.10 8.16 7.62 8.79 10.39
0.13 1.61 2.72 4.12 5.92 6.46 7.86 9.38 10.17 8.80
0.25 1.84 4.04 5.86 6.85 6.89 9.74 11.67 12.18 11.71
0.25 2.25 3.27 4.92 8.08 8.42 8.95 10.82 12.28 13.63
4.49 8.22 13.07 14.91 18.06 22.19 23.61 24.75 25.91 25.52
2.79 4.31 4.77 6.88 9.31 12.78 17.64 14.99 15.02 19.66
1.63 2.82 4.38 6.39 8.78 11.13 10.55 12.27 11.18 11.35
0.82 2.89 3.96 5.70 7.04 7.85 9.42 10.81 11.53 13.97
0.33 1.48 2.32 2.72 4.53 6.41 7.59 8.35 8.52 9.02
0.37 2.13 3.22 4.50 7.22 8.84 9.35 8.88 8.33 10.00
0.22 1.96 2.83 3.91 5.72 8.03 9.75 9.69 10.68 10.49
0.11 1.69 2.72 3.27 4.17 6.98 8.66 8.83 9.14 9.65
3.12 5.86 8.37 9.72 11.11 13.01 18.02 20.77 25.10 26.45
1.81 3.64 5.00 7.57 9.16 10.37 13.84 15.43 16.18 16.64
2.34 3.28 6.20 7.23 9.39 11.73 12.75 15.61 16.74 18.44
2.23 4.24 5.96 6.80 8.93 11.41 13.89 16.30 16.66 16.64
1.26 4.45 6.06 7.34 9.65 10.59 11.11 12.52 13.59 14.83
0.77 2.11 3.95 4.88 4.96 6.84 8.11 8.37 10.55 12.45
1.81 3.33 5.28 5.53 7.62 9.35 11.52 12.73 13.47 13.88
1.75 3.01 4.29 5.97 7.40 9.10 11.01 12.84 13.55 15.26
0.17 1.52 2.57 4.73 6.72 10.07 12.47 12.92 12.65 12.28
1.91 4.29 5.21 6.97 9.06 11.05 12.84 13.18 14.00 13.28
0.16 1.79 3.14 4.18 6.82 7.34 7.55 9.91 12.29 11.77
0.91 3.20 4.27 5.63 7.49 8.34 10.69 10.84 11.35 11.48
1.31 3.30 5.76 7.48 9.03 9.90 10.26 9.99 9.86 10.78
0.19 1.43 2.88 3.36 4.57 6.37 7.68 9.00 9.28 9.55
2.56 4.75 6.54 8.22 10.80 15.43 16.65 19.97 27.06 29.30
2.04 3.69 5.45 6.97 8.42 11.01 13.49 16.08 16.61 17.80
1.32 2.06 3.80 4.68 5.47 8.06 9.78 12.40 14.43 14.88
1.35 3.56 5.59 6.31 9.05 11.02 10.53 12.00 12.62 13.32
