# M31 3D pushover in Y: mass-proportional load, control node 1014
# control displacement (mm), base shear (N)
0 0
0.0499999 5401.57
0.0999999 10072.8
0.15 10740.9
0.2 11329.2
0.25 11826.6
0.3 12324
0.35 12821.3
0.4 13318.7
0.45 13816.1
0.5 14313.5
0.55 14810.9
0.6 15308.3
0.65 15805.7
0.7 16303
0.75 16800.4
0.8 17297.8
0.85 17795.2
0.9 18292.6
0.95 18790
1 19287.4
1.05 19784.8
1.1 20282.1
1.15 20779.5
1.2 21276.9
1.25 21774.3
1.3 22271.7
1.35 22769.1
1.4 23266.5
1.45 23763.8
1.5 24261.2
1.55 24758.6
1.6 25256
1.65 25753.4
1.7 26250.8
1.75 26748.2
1.8 27245.6
1.85 27742.9
1.9 28240.3
1.95 28737.7
2 29235.1
2.05 29732.5
2.1 30229.9
2.15 30727.3
2.2 31224.7
2.25 31722
2.3 32219.4
2.35 32716.8
2.4 33214.2
2.45 33711.6
2.5 34209
2.55 34706.4
2.6 35203.7
2.65 35701.1
2.7 36198.5
2.75 36695.9
2.8 37193.3
2.85 37690.7
2.9 38188.1
2.95 38685.5
3 39182.8
3.05 39680.2
3.1 40177.6
3.15 40675
3.2 41172.4
3.25 41669.8
3.3 42167.2
3.35 42664.5
3.4 43161.9
3.45 43659.3
3.5 44156.7
3.55 44654.1
3.6 45151.5
3.65 45648.9
3.7 46146.3
3.75 46643.6
3.8 47141
3.85 47638.4
3.9 48135.8
3.95 48633.2
4 49130.6
4.05 49628
4.1 50125.4
4.15 50622.7
4.2 51120.1
4.25 51617.5
4.3 52114.9
4.35 52612.3
4.4 53109.7
4.45 53607.1
4.5 54104.4
4.55 54601.8
4.6 55099.2
4.65 55596.6
4.7 56094
4.75 56591.4
4.8 57088.8
4.85 57586.2
4.9 58083.5
4.95 58580.9
5 59078.3
5.05 59575.7
5.1 60073.1
5.15 60570.5
5.2 61067.9
5.25 61565.2
5.3 62062.6
5.35 62560
5.4 63057.4
5.45 63554.8
5.5 64052.2
5.55 64549.6
5.6 65047
5.65 65544.3
5.7 66041.7
5.75 66539.1
5.8 67036.5
5.85 67533.9
5.9 68031.3
5.95 68528.7
6 69026.1
6.05 69523.4
6.1 70020.8
6.15 70518.2
6.2 71015.6
6.25 71513
6.3 72010.4
6.35 72507.8
6.4 73005.1
6.45 73502.5
6.5 73999.9
6.55 74497.3
6.6 74994.7
6.65 75492.1
6.7 75989.5
6.75 76486.9
6.8 76984.2
6.85 77481.6
6.9 77979
6.95 78476.4
7 78973.8
7.05 79471.2
7.1 79968.6
7.15 80465.9
7.2 80962.8
7.25 81459.7
7.3 81956.7
7.35 82453.7
7.4 82950.7
7.45 83447.7
7.5 83944.7
7.55 84441.7
7.6 84938.6
7.65 85435.6
7.7 85932.6
7.75 86429.6
7.8 86926.6
7.85 87423.6
7.9 87920.5
7.95 88417.4
8 88914.2
8.05 89411.1
8.1 89908.1
8.15 90405.2
8.2 90902.3
8.25 91399.4
8.3 91896.5
8.35 92393.6
8.4 92890.7
8.45 93387.8
8.5 93884.9
8.55 94382
8.6 94879.1
8.65 95376.2
8.7 95873.3
8.75 96370.4
8.8 96867.5
8.85 97364.6
8.9 97861.7
8.95 98358.8
9 98855.9
9.05 99353
9.1 99850.1
9.15 100347
9.2 100844
9.25 101341
9.3 101839
9.35 102336
9.4 102833
9.45 103330
9.5 103827
9.55 104324
9.6 104821
9.65 105318
9.7 105815
9.75 106312
9.8 106810
9.85 107307
9.9 107804
9.95 108301
10 108798
10.05 109295
10.1 109792
10.15 110289
10.2 110786
10.25 111283
10.3 111781
10.35 112278
10.4 112775
10.45 113273
10.5 113771
10.55 114269
10.6 114768
10.65 115266
10.7 115765
10.75 116263
10.8 116757
10.85 117249
10.9 117739
10.95 118227
11 118716
11.05 119204
11.1 119692
11.15 120180
11.2 120668
11.25 121155
11.3 121636
11.35 122107
11.4 122578
11.45 123049
11.5 123513
11.55 123970
11.6 124427
11.65 124884
11.7 125321
11.75 125713
11.8 126102
11.85 126478
11.9 126779
11.95 127081
12 127382
12.05 127606
12.1 127823
12.15 128040
12.2 128256
12.25 128472
12.3 128687
12.35 128902
12.4 129118
12.45 129333
12.5 129549
12.55 129764
12.6 129979
12.65 130195
12.7 130410
12.75 130626
12.8 130841
12.85 131053
12.9 131248
12.95 131443
13 131638
13.05 131832
13.1 132027
13.15 132222
13.2 132417
13.25 132612
13.3 132807
13.35 133002
13.4 133197
13.45 133392
13.5 133587
13.55 133782
13.6 133977
13.65 134172
13.7 134367
13.75 134562
13.8 134757
13.85 134952
13.9 135147
13.95 135342
14 135537
14.05 135732
14.1 135926
14.15 136121
14.2 136316
14.25 136511
14.3 136706
14.35 136901
14.4 137096
14.45 137291
14.5 137486
14.55 137681
14.6 137876
14.65 138071
14.7 138266
14.75 138461
14.8 138656
14.85 138851
14.9 139046
14.95 139241
15 139436
15.05 139631
15.1 139826
15.15 140020
15.2 140215
15.25 140410
15.3 140605
15.35 140800
15.4 140995
15.45 141190
15.5 141385
15.55 141580
15.6 141775
15.65 141970
15.7 142165
15.75 142360
15.8 142555
15.85 142750
15.9 142945
15.95 143140
16 143335
16.05 143530
16.1 143725
16.15 143920
16.2 144114
16.25 144309
16.3 144504
16.35 144699
16.4 144894
16.45 145089
16.5 145284
16.55 145479
16.6 145674
16.65 145869
16.7 146064
16.75 146259
16.8 146454
16.85 146649
16.9 146844
16.95 147039
17 147234
17.05 147429
17.1 147624
17.15 147819
17.2 148014
17.25 148208
17.3 148403
17.35 148598
17.4 148793
17.45 148988
17.5 149183
17.55 149378
17.6 149573
17.65 149768
17.7 149963
17.75 150157
17.8 150349
17.85 150541
17.9 150734
17.95 150926
18 151118
18.05 151310
18.1 151502
18.15 151694
18.2 151886
18.25 152078
18.3 152270
18.35 152463
18.4 152633
18.45 152795
18.5 152958
18.55 153121
18.6 153284
18.65 153447
18.7 153610
18.75 153773
18.8 153936
18.85 154099
18.9 154262
18.95 154425
19 154588
19.05 154750
19.1 154913
19.15 155076
19.2 155239
19.25 155402
19.3 155565
19.35 155728
19.4 155891
19.45 156054
19.5 156217
19.55 156380
19.6 156542
19.65 156705
19.7 156868
19.75 157031
19.8 157194
19.85 157357
19.9 157520
19.95 157683
20 157846
20.05 158009
20.1 158172
20.15 158334
20.2 158497
20.25 158660
20.3 158823
20.35 158986
20.4 159149
20.45 159312
20.5 159475
20.55 159638
20.6 159801
20.65 159964
20.7 160127
20.75 160289
20.8 160452
20.85 160615
20.9 160778
20.95 160941
21 161104
21.05 161267
21.1 161430
21.15 161593
21.2 161756
21.25 161919
21.3 162081
21.35 162244
21.4 162407
21.45 162570
21.5 162733
21.55 162896
21.6 163059
21.65 163222
21.7 163380
21.75 163538
21.8 163697
21.85 163855
21.9 164013
21.95 164172
22 164330
22.05 164487
22.1 164643
22.15 164800
22.2 164957
22.25 165110
22.3 165255
22.35 165400
22.4 165546
22.45 165691
22.5 165836
22.55 165973
22.6 166110
22.65 166246
22.7 166382
22.75 166518
22.8 166654
22.85 166788
22.9 166913
22.95 167039
23 167164
23.05 167290
23.1 167415
23.15 167534
23.2 167648
23.25 167762
23.3 167866
23.35 167968
23.4 168069
23.45 168164
23.5 168256
23.55 168335
23.6 168412
23.65 168489
23.7 168567
23.75 168644
23.8 168714
23.85 168774
23.9 168834
23.95 168893
24 168953
24.05 168997
24.1 169039
24.15 169080
24.2 169122
24.25 169164
24.3 169206
24.35 169247
24.4 169289
24.45 169331
24.5 169373
24.55 169414
24.6 169456
24.65 169498
24.7 169540
24.75 169581
24.8 169623
24.85 169665
24.9 169697
24.95 169728
25 169759
25.05 169791
25.1 169822
25.15 169853
25.2 169884
25.25 169916
25.3 169947
25.35 169978
25.4 170010
25.45 170041
25.5 170072
25.55 170104
25.6 170135
25.65 170166
25.7 170198
25.75 170229
25.8 170260
25.85 170291
25.9 170323
25.95 170354
26 170385
26.05 170417
26.1 170448
26.15 170479
26.2 170511
26.25 170542
26.3 170573
26.35 170605
26.4 170636
26.45 170667
26.5 170698
26.55 170730
26.6 170761
26.65 170792
26.7 170824
26.75 170855
26.8 170886
26.85 170918
26.9 170949
26.95 170980
27 171012
27.05 171043
27.1 171074
27.15 171105
27.2 171137
27.25 171168
27.3 171199
27.35 171231
27.4 171262
27.45 171293
27.5 171325
27.55 171356
27.6 171387
27.65 171419
27.7 171450
27.75 171481
27.8 171512
27.85 171544
27.9 171575
27.95 171606
28 171638
28.05 171669
28.1 171700
28.15 171732
28.2 171763
28.25 171794
28.3 171826
28.35 171857
28.4 171888
28.45 171919
28.5 171951
28.55 171982
28.6 172013
28.65 172045
28.7 172076
28.75 172107
28.8 172139
28.85 172170
28.9 172201
28.95 172233
29 172264
29.05 172295
29.1 172326
29.15 172358
29.2 172389
29.25 172420
29.3 172452
29.35 172483
29.4 172514
29.45 172546
29.5 172577
29.55 172608
29.6 172640
29.65 172671
29.7 172702
29.75 172733
29.8 172765
29.85 172796
29.9 172827
29.95 172859
30 172890
30.05 172921
30.1 172953
30.15 172984
30.2 173015
30.25 173047
30.3 173078
30.35 173109
30.4 173140
30.45 173172
30.5 173203
30.55 173234
30.6 173266
30.65 173297
30.7 173328
30.75 173360
30.8 173391
30.85 173422
30.9 173453
30.95 173485
31 173516
31.05 173547
31.1 173579
31.15 173610
31.2 173641
31.25 173673
31.3 173704
31.35 173735
31.4 173767
31.45 173798
31.5 173829
31.55 173860
31.6 173892
31.65 173923
31.7 173954
31.75 173986
31.8 174017
31.85 174048
31.9 174080
31.95 174111
32 174142
32.05 174174
32.1 174205
32.15 174236
32.2 174267
32.25 174299
32.3 174330
32.35 174361
32.4 174393
32.45 174424
32.5 174455
32.55 174487
32.6 174518
32.65 174549
32.7 174581
32.75 174612
32.8 174643
32.85 174674
32.9 174706
32.95 174737
33 174768
33.05 174800
33.1 174831
33.15 174862
33.2 174894
33.25 174925
33.3 174956
33.35 174988
33.4 175019
33.45 175050
33.5 175081
33.55 175113
33.6 175144
33.65 175175
33.7 175207
33.75 175238
33.8 175269
33.85 175301
33.9 169630
33.95 169661
34 169692
34.05 169723
34.1 169754
34.15 169786
34.2 169817
34.25 169848
34.3 169879
34.35 169910
34.4 169941
34.45 169972
34.5 170004
34.55 170035
34.6 170066
34.65 170097
34.7 31969.8
34.75 31976
34.8 31982.2
34.85 31988.4
34.9 31994.7
34.95 32000.9
35 32007.1
35.05 32013.3
35.1 32019.6
35.15 32025.8
35.2 32032
35.25 32038.2
35.3 32044.4
35.35 32050.7
35.4 32056.9
35.45 32063.1
35.5 32069.3
35.55 32075.6
35.6 32081.8
35.65 32088
35.7 32094.2
35.75 32100.4
35.8 32106.7
35.85 32112.9
35.9 32119.1
35.95 32125.3
36 32131.6
36.05 32137.8
36.1 32144
36.15 32150.2
36.2 32156.4
36.25 32162.7
36.3 32168.9
36.35 32175.1
36.4 32181.3
36.45 32187.6
36.5 32193.8
36.55 32200
36.6 32206.2
36.65 32212.4
36.7 32218.7
36.75 32224.9
36.8 32231.1
36.85 32237.3
36.9 32243.6
36.95 32249.8
37 32256
37.05 32262.2
37.1 32268.4
37.15 32274.7
37.2 32280.9
37.25 32287.1
37.3 32293.3
37.35 32299.6
37.4 32305.8
37.45 32312
37.5 32318.2
37.55 32324.4
37.6 32330.7
37.65 32336.9
37.7 32343.1
37.75 32349.3
37.8 32355.6
37.85 32361.8
37.9 32368
37.95 32374.2
38 32380.4
38.05 32386.7
38.1 32392.9
38.15 32399.1
38.2 32405.3
38.25 32411.6
38.3 32417.8
38.35 32424
38.4 32430.2
38.45 32436.4
38.5 32442.7
38.55 32448.9
38.6 32455.1
38.65 32461.3
38.7 32467.6
38.75 32473.8
38.8 32480
38.85 32486.2
38.9 32492.4
38.95 32498.7
39 32504.9
39.05 32511.1
39.1 32517.3
39.15 32523.6
39.2 32529.8
39.25 32536
39.3 32542.2
39.35 32548.5
39.4 32554.7
39.45 32560.9
39.5 32567.1
39.55 32573.3
39.6 32579.6
39.65 32585.8
39.7 32592
39.75 32598.2
39.8 32604.5
39.85 32610.7
39.9 32616.9
39.95 32623.1
40 32629.3
40.05 32635.6
40.1 32641.8
40.15 32648
40.2 32654.2
40.25 32660.5
40.3 32666.7
40.35 32672.9
40.4 32679.1
40.45 32685.3
40.5 32691.6
40.55 32697.8
40.6 32704
40.65 32710.2
40.7 32716.5
40.75 32722.7
40.8 32728.9
40.85 32735.1
40.9 32741.3
40.95 32747.6
41 32753.8
41.05 32760
41.1 32766.2
41.15 32772.5
41.2 32778.7
41.25 32784.9
41.3 32791.1
41.35 32797.3
41.4 32803.6
41.45 32809.8
41.5 32816
41.55 32822.2
41.6 32828.5
41.65 32834.7
41.7 32840.9
41.75 32847.1
41.8 32853.3
41.85 32859.6
41.9 32865.8
41.95 32872
42 32878.2
42.05 32884.5
42.1 32890.7
42.15 32896.9
42.2 32903.1
42.25 32909.3
42.3 32915.6
42.35 32921.8
42.4 32928
42.45 32934.2
42.5 32940.5
42.55 32946.7
42.6 32952.9
42.65 32959.1
42.7 32965.3
42.75 32971.6
42.8 32977.8
42.85 32984
42.9 32990.2
42.95 32996.5
43 33002.7
43.05 33008.9
43.1 33015.1
43.15 33021.3
43.2 33027.6
43.25 33033.8
43.3 33040
43.35 33046.2
43.4 33052.5
43.45 33058.7
43.5 33064.9
43.55 33071.1
43.6 33077.3
43.65 33083.6
43.7 33089.8
43.75 33096
43.8 33102.2
43.85 33108.5
43.9 33114.7
43.95 33120.9
44 33127.1
44.05 33133.3
44.1 33139.6
44.15 33145.8
44.2 33152
44.25 33158.2
44.3 33164.5
44.35 33170.7
44.4 33176.9
44.45 33183.1
44.5 21717.2
44.55 21744.6
44.6 21737.3
44.65 21740.7
44.7 21744.9
44.75 21749
44.8 21753.1
44.85 21757.2
44.9 21761.3
44.95 21765.3
45 21769.4
45.05 21773.5
45.1 21777.6
45.15 21781.6
45.2 21785.7
45.25 21789.8
45.3 21793.9
45.35 21798
45.4 21802
45.45 21806.1
45.5 21810.2
45.55 21814.3
45.6 21818.3
45.65 21822.4
45.7 21826.5
45.75 21830.6
45.8 21834.6
45.85 21838.7
45.9 21842.8
45.95 21846.9
46 21850.9
46.05 21855
46.1 21859.1
46.15 21863.2
46.2 21867.3
46.25 21871.3
46.3 21875.4
46.35 21879.5
46.4 21883.6
46.45 21887.6
46.5 21891.7
46.55 21895.8
46.6 21899.9
46.65 21903.9
46.7 21908
46.75 21912.1
46.8 21916.2
46.85 21920.3
46.9 21924.3
46.95 21928.4
47 21932.5
47.05 21936.6
47.1 21940.6
47.15 21944.7
47.2 21948.8
47.25 21952.9
47.3 21956.9
47.35 21961
47.4 21965.1
47.45 21969.2
47.5 21973.2
47.55 21977.3
47.6 21981.4
47.65 21985.5
47.7 21989.6
47.75 21993.6
47.8 21997.7
47.85 22001.8
47.9 22005.9
47.95 22009.9
48 22014
48.05 22018.1
48.1 22022.2
48.15 22026.2
48.2 22030.3
48.25 22034.4
48.3 22038.5
48.35 22042.6
48.4 22046.6
48.45 22050.7
48.5 22054.8
48.55 22058.9
48.6 22062.9
48.65 22067
48.7 22071.1
48.75 22075.2
48.8 22079.2
48.85 22083.3
48.9 22087.4
48.95 22091.5
49 22095.5
49.05 22099.6
49.1 22103.7
49.15 22107.8
49.2 22111.9
49.25 22115.9
49.3 22120
49.35 22124.1
49.4 22128.2
49.45 22132.2
49.5 22136.3
49.55 22140.4
49.6 22144.5
49.65 22148.5
49.7 22152.6
49.75 22156.7
49.8 22160.8
49.85 22164.8
49.9 22168.9
49.95 22173
50 22177.1
50.05 22181.2
50.1 22185.2
50.15 22189.3
50.2 22193.4
50.25 22197.5
50.3 22201.5
50.35 22205.6
50.4 22209.7
50.45 22213.8
50.5 22217.8
50.55 22221.9
50.6 22226
50.65 22230.1
50.7 22234.2
50.75 22238.2
50.8 22242.3
50.85 22246.4
50.9 22250.5
50.95 22254.5
51 22258.6
51.05 22262.7
51.1 22266.8
51.15 22270.8
51.2 22274.9
51.25 22279
51.3 22283.1
51.35 22287.1
51.4 22291.2
51.45 22295.3
51.5 22299.4
51.55 22303.5
51.6 22307.5
51.65 22311.6
51.7 22315.7
51.75 22319.8
51.8 22323.8
51.85 22327.9
51.9 22332
51.95 22336.1
52 22340.1
52.05 22344.2
52.1 22348.3
52.15 22352.4
52.2 22356.5
52.25 22360.5
52.3 22364.6
52.35 22368.7
52.4 22372.8
52.45 22376.8
52.5 22380.9
52.55 22385
52.6 22389.1
52.65 22393.1
52.7 22397.2
52.75 22401.3
52.8 22405.4
52.85 22409.4
52.9 22413.5
52.95 22417.6
53 22421.7
53.05 22425.8
53.1 22429.8
53.15 22433.9
53.2 22438
53.25 22442.1
53.3 22446.1
53.35 22450.2
53.4 22454.3
53.45 22458.4
53.5 22462.4
53.55 22466.5
53.6 22470.6
53.65 22474.7
53.7 22478.8
53.75 22482.8
53.8 22486.9
53.85 22491
53.9 22495.1
53.95 22499.1
54 22503.2
54.05 22507.3
54.1 22511.4
54.15 22515.4
54.2 22519.5
54.25 22523.6
54.3 22527.7
54.35 22531.7
54.4 22535.8
54.45 22539.9
54.5 22544
54.55 22548.1
54.6 22552.1
54.65 22556.2
54.7 22560.3
54.75 22564.4
54.8 22568.4
54.85 22572.5
54.9 22576.6
54.95 22580.7
55 22584.7
55.05 22588.8
55.1 22592.9
55.15 22597
55.2 22601.1
55.25 22605.1
55.3 22609.2
55.35 22613.3
55.4 22617.4
55.45 22621.4
55.5 22625.5
55.55 22629.6
55.6 22633.7
55.65 22637.7
55.7 22641.8
55.75 22645.9
55.8 22650
55.85 22654
55.9 22658.1
55.95 22662.2
56 22666.3
56.05 22670.4
56.1 22674.4
56.15 22678.5
56.2 22682.6
56.25 22686.7
56.3 22690.7
56.35 22694.8
56.4 22698.9
56.45 22703
56.5 22707
56.55 22711.1
56.6 22715.2
56.65 22719.3
56.7 22723.3
56.75 22727.4
56.8 22731.5
56.85 22735.6
56.9 22739.7
56.95 22743.7
57 22747.8
57.05 22751.9
57.1 22756
57.15 22760
57.2 22764.1
57.25 22768.2
57.3 22772.3
57.35 22776.3
57.4 22780.4
57.45 22784.5
57.5 22788.6
57.55 22792.7
57.6 22796.7
57.65 22800.8
57.7 22804.9
57.75 22809
57.8 22813
57.85 22817.1
57.9 22821.2
57.95 22825.3
58 22829.3
58.05 22833.4
58.1 22837.5
58.15 22841.6
58.2 22845.6
58.25 22849.7
58.3 22853.8
58.35 22857.9
58.4 22862
58.45 22866
58.5 22870.1
58.55 22874.2
58.6 22878.3
58.65 22882.3
58.7 22886.4
58.75 22890.5
