0.50 1.90 2.66 4.32 6.41 8.91 9.97 9.95 11.03 11.31
2.20 4.47 5.91 6.69 9.33 9.71 9.42 9.94 11.39 12.22
0.24 1.81 3.29 4.69 6.11 6.33 7.57 9.20 7.48 8.87
0.49 2.24 4.48 4.66 6.62 9.12 9.31 10.91 11.26 11.38
0.85 2.59 3.29 4.91 6.57 9.15 11.24 12.23 13.88 14.12
0.72 2.00 4.12 5.80 6.19 7.50 10.58 11.46 12.42 12.29
1.56 2.59 4.91 5.48 6.03 8.54 9.15 10.94 14.68 15.53
2.42 5.88 6.17 7.71 10.11 11.59 19.89 17.58 16.17 22.80
1.20 2.99 4.24 4.63 6.45 7.36 8.40 12.06 10.83 11.56
0.62 2.72 4.29 4.87 7.17 10.66 9.72 12.14 11.13 13.57
1.35 2.91 6.24 8.11 9.60 12.78 15.63 19.01 23.68 24.53
1.15 2.78 5.53 6.98 9.12 11.84 13.41 15.24 26.04 27.42
1.91 4.08 5.05 7.00 9.49 10.16 13.16 12.03 13.34 14.81
1.15 2.07 5.02 6.51 8.71 9.52 11.06 11.89 15.24 14.59
0.31 1.83 2.66 3.76 7.07 7.25 7.51 7.86 9.71 12.71
0.22 1.91 3.20 3.93 7.03 7.89 8.90 10.98 11.43 9.54
0.41 1.47 4.98 6.22 7.16 8.00 10.35 11.45 14.33 12.87
0.29 2.38 2.81 4.81 7.32 9.36 11.73 11.77 11.53 12.44
4.17 8.96 13.62 17.71 21.78 24.07 28.18 28.87 27.85 29.46
3.00 4.45 5.73 7.95 10.48 13.56 17.30 15.41 15.44 17.29
1.71 3.34 4.80 6.18 10.63 13.39 12.64 10.37 10.91 10.39
0.87 3.39 4.63 6.62 9.76 9.87 10.83 11.62 13.11 13.51
0.45 1.61 2.58 3.04 4.65 6.84 7.41 8.57 8.88 10.42
0.49 2.40 3.46 4.35 8.75 10.33 11.46 10.82 10.28 10.01
0.35 2.02 3.51 4.72 6.21 7.66 9.70 11.61 13.90 12.42
0.14 2.06 3.22 4.33 5.15 8.47 10.95 9.17 8.62 8.42
3.30 6.16 9.12 11.25 13.23 15.13 17.03 27.51 25.55 28.06
1.96 3.80 4.96 6.55 9.29 11.90 15.74 17.70 17.23 18.19
3.01 3.93 7.05 8.21 11.01 11.65 12.73 16.59 17.16 18.93
2.52 4.00 5.88 7.92 9.44 12.45 15.05 15.93 18.43 19.45
1.41 4.40 6.52 8.77 8.97 9.98 12.20 13.48 15.26 15.04
0.84 2.48 3.95 5.02 5.39 8.01 8.86 9.23 11.41 11.51
2.21 4.18 5.31 5.86 8.64 10.36 12.01 11.77 14.19 13.67
1.82 3.03 4.82 5.91 8.13 10.48 11.96 13.88 16.13 16.43
0.24 1.36 2.91 4.85 6.86 9.45 11.26 13.05 13.37 12.29
2.05 5.47 6.45 7.03 9.29 11.15 13.25 14.06 14.25 13.08
0.33 1.95 3.49 4.81 6.52 7.60 8.62 10.09 12.08 12.94
1.05 3.58 4.28 6.09 9.24 9.66 10.08 12.64 11.17 12.03
1.46 3.80 6.03 8.19 10.29 11.45 11.39 10.50 10.13 9.81
0.24 1.65 3.06 3.64 4.99 7.03 8.92 9.95 9.98 10.28
2.97 4.89 6.80 9.65 11.36 16.19 19.14 21.83 29.95 32.59
2.08 3.92 5.65 7.16 9.55 11.66 15.54 15.50 15.99 100.00
1.14 2.40 4.09 4.98 6.29 8.66 9.73 11.21 14.65 15.92
1.50 3.98 6.38 7.54 8.61 9.59 10.76 12.07 13.84 13.64
