0.63 1.93 2.91 4.61 5.45 8.70 8.53 8.51 10.28 10.63
1.94 3.25 4.73 5.97 8.52 9.76 10.13 11.37 13.05 14.24
0.21 1.54 3.02 4.17 5.70 6.36 6.79 7.43 9.31 9.56
0.73 2.84 3.81 5.79 8.26 9.44 9.76 10.98 11.92 12.65
0.95 2.88 3.84 5.46 6.90 9.83 11.16 12.79 14.32 15.70
0.78 2.35 3.85 5.20 6.54 6.96 9.89 11.29 11.88 11.03
1.43 2.54 4.33 5.50 7.34 9.37 9.70 12.08 14.43 15.57
2.61 4.78 5.73 6.57 9.91 12.81 19.29 20.33 17.83 27.76
1.22 2.58 3.61 4.49 6.01 6.88 8.99 10.34 12.81 14.57
1.33 2.50 3.93 5.27 7.60 9.34 11.49 10.61 10.75 13.62
1.48 3.61 5.41 7.02 9.13 11.47 13.77 16.29 19.63 21.31
1.71 3.31 4.82 6.54 8.39 10.40 12.85 15.46 22.24 24.05
1.64 3.71 5.73 6.71 10.50 11.30 13.25 15.56 16.59 16.23
1.36 2.85 5.09 7.65 7.88 9.60 9.43 11.45 13.29 14.33
0.30 1.79 2.48 3.77 6.98 7.48 9.15 8.09 9.18 10.01
0.23 1.41 2.78 4.57 5.76 6.70 8.20 10.17 11.14 9.51
0.36 1.91 4.49 5.86 6.70 8.11 9.60 11.83 12.44 13.00
0.45 2.34 3.80 5.61 8.90 8.91 9.59 11.35 14.00 15.78
4.70 8.13 12.45 15.15 18.31 22.67 24.10 25.80 27.36 27.61
2.86 4.19 5.58 6.78 9.65 13.38 18.58 15.81 16.58 20.22
1.57 2.90 4.76 6.18 8.77 11.21 11.33 13.22 12.29 13.15
1.13 3.06 4.33 5.28 8.38 8.04 11.52 11.36 11.53 14.82
0.46 1.47 2.21 3.08 5.52 6.69 7.20 8.84 9.12 9.43
0.63 2.05 4.06 4.30 7.95 9.05 10.45 8.34 9.47 10.45
0.35 2.13 3.01 4.05 6.25 8.10 8.79 9.92 10.81 11.00
0.15 1.71 2.82 3.49 4.34 7.08 8.64 8.76 9.00 9.48
3.30 6.10 8.29 9.71 11.13 13.44 19.07 22.28 26.41 26.88
2.14 3.65 5.61 7.75 9.36 10.60 13.75 15.79 17.10 17.29
2.27 3.30 5.90 7.41 10.89 11.95 14.03 16.20 17.63 20.05
2.31 4.53 5.58 7.03 9.28 11.31 14.27 17.02 17.11 19.22
1.37 4.85 6.96 7.92 12.17 11.82 11.59 12.74 15.14 16.07
0.94 2.56 4.16 5.14 5.46 7.05 9.06 10.58 11.49 13.66
1.97 3.56 5.10 6.24 7.61 9.64 12.27 13.46 14.13 15.08
1.84 2.81 4.25 6.14 7.96 10.03 12.07 13.35 14.95 14.93
0.21 1.60 2.97 5.03 6.82 10.99 13.29 14.65 13.92 13.43
1.88 3.89 5.72 7.62 9.09 11.87 13.57 14.25 15.29 14.84
0.29 1.86 3.08 4.95 6.67 9.11 8.74 11.40 13.24 13.76
1.17 3.66 4.76 5.90 8.48 9.77 11.30 11.08 11.88 12.12
1.53 3.45 5.92 7.46 9.28 10.45 10.91 10.91 11.61 12.47
0.29 1.65 3.07 3.45 4.94 6.64 8.43 9.82 9.79 10.16
2.60 4.18 6.70 8.67 11.72 16.17 17.95 21.47 31.33 100.00
2.04 3.83 5.51 7.22 9.63 12.06 14.24 16.88 18.42 18.26
1.34 2.14 3.92 4.85 6.47 8.22 10.87 13.18 15.21 15.72
1.43 3.64 5.45 6.85 9.37 11.46 11.03 12.49 14.13 14.85
