# M31 3D pushover in X: mass-proportional load, control node 1005
# control displacement (mm), base shear (N)
0 0
0.05 3701.34
0.1 7402.69
0.15 9314.32
0.2 10066
0.25 10487.2
0.3 10908.4
0.35 11329.6
0.4 11750.8
0.45 12172
0.5 12593.2
0.55 13014.4
0.6 13435.6
0.65 13856.8
0.7 14278
0.75 14699.1
0.8 15120.3
0.85 15541.5
0.9 15962.7
0.95 16383.9
1 16805.1
1.05 17226.3
1.1 17647.5
1.15 18068.7
1.2 18489.9
1.25 18911
1.3 19332.2
1.35 19753.4
1.4 20174.6
1.45 20595.8
1.5 21017
1.55 21438.2
1.6 21859.4
1.65 22280.6
1.7 22701.8
1.75 23123
1.8 23544.1
1.85 23965.3
1.9 24386.5
1.95 24807.7
2 25228.9
2.05 25650.1
2.1 26071.3
2.15 26492.5
2.2 26913.7
2.25 27334.9
2.3 27756
2.35 28177.2
2.4 28598.4
2.45 29019.6
2.5 29440.8
2.55 29862
2.6 30283.2
2.65 30704.4
2.7 31125.6
2.75 31546.8
2.8 31968
2.85 32389.1
2.9 32810.3
2.95 33231.5
3 33652.7
3.05 34073.9
3.1 34495.1
3.15 34916.3
3.2 35337.5
3.25 35758.7
3.3 36179.9
3.35 36601
3.4 37022.2
3.45 37443.4
3.5 37864.6
3.55 38285.8
3.6 38707
3.65 39128.2
3.7 39549.4
3.75 39970.6
3.8 40391.8
3.85 40813
3.9 41234.1
3.95 41655.3
4 42076.5
4.05 42497.7
4.1 42918.9
4.15 43340.1
4.2 43761.3
4.25 44182.5
4.3 44603.7
4.35 45024.9
4.4 45446
4.45 45867.2
4.5 46288.4
4.55 46709.6
4.6 47130.8
4.65 47552
4.7 47973.2
4.75 48394.4
4.8 48815.6
4.85 49236.8
4.9 49658
4.95 50079.1
5 50500.3
5.05 50921.5
5.1 51342.7
5.15 51763.9
5.2 52185.1
5.25 52606.3
5.3 53027.5
5.35 53448.7
5.4 53869.9
5.45 54291
5.5 54712.2
5.55 55133.4
5.6 55554.6
5.65 55975.8
5.7 56397
5.75 56818.2
5.8 57239.4
5.85 57660.6
5.9 58081.8
5.95 58503
6 58924.1
6.05 59345.3
6.1 59766.5
6.15 60187.7
6.2 60608.9
6.25 61030.1
6.3 61451.3
6.35 61872.5
6.4 62293.7
6.45 62714.9
6.5 63136.1
6.55 63557.2
6.6 63978.4
6.65 64399.6
6.7 64820.8
6.75 65242
6.8 65663.2
6.85 66084.4
6.9 66505.6
6.95 66926.8
7 67348
7.05 67769.1
7.1 68190.3
7.15 68611.5
7.2 69032.7
7.25 69453.9
7.3 69875.1
7.35 70296.3
7.4 70717.5
7.45 71138.7
7.5 71559.9
7.55 71981.1
7.6 72402.2
7.65 72823.4
7.7 73244.6
7.75 73665.8
7.8 74087
7.85 74508.2
7.9 74929.4
7.95 75350.6
8 75771.8
8.05 76193
8.1 76614.1
8.15 77035.3
8.2 77456.5
8.25 77877.7
8.3 78298.9
8.35 78720.1
8.4 79141.3
8.45 79562.5
8.5 79983.7
8.55 80404.9
8.6 80826.1
8.65 81247.2
8.7 81668.4
8.75 82089.6
8.8 82510.8
8.85 82932
8.9 83353.2
8.95 83774.4
9 84195.6
9.05 84616.8
9.1 85038
9.15 85459.1
9.2 85880.3
9.25 86301.5
9.3 86722.7
9.35 87143.9
9.4 87565.1
9.45 87986.3
9.5 88407.5
9.55 88828.7
9.6 89249.9
9.65 89671.1
9.7 90092.2
9.75 90513.4
9.8 90934.6
9.85 91355.8
9.9 91777
9.95 92198.2
10 92619.4
10.05 93040.6
10.1 93461.8
10.15 93882.9
10.2 94289.3
10.25 94658.3
10.3 95024.9
10.35 95391.4
10.4 95757.9
10.45 96124.5
10.5 96491
10.55 96857.6
10.6 97224.1
10.65 97590.6
10.7 97957.2
10.75 98323.7
10.8 98690.3
10.85 99056.8
10.9 99423.3
10.95 99784.8
11 100131
11.05 100471
11.1 100811
11.15 101152
11.2 101492
11.25 101832
11.3 102172
11.35 102513
11.4 102853
11.45 103193
11.5 103533
11.55 103874
11.6 104214
11.65 104554
11.7 104894
11.75 105235
11.8 105575
11.85 105915
11.9 106255
11.95 106596
12 106936
12.05 107261
12.1 107581
12.15 107901
12.2 108221
12.25 108541
12.3 108861
12.35 109181
12.4 109501
12.45 109821
12.5 110141
12.55 110461
12.6 110781
12.65 111101
12.7 111421
12.75 111741
12.8 112061
12.85 112381
12.9 112701
12.95 113021
13 113341
13.05 113661
13.1 113980
13.15 114300
13.2 114620
13.25 114940
13.3 115260
13.35 115580
13.4 115900
13.45 116220
13.5 116540
13.55 116860
13.6 117180
13.65 117500
13.7 117820
13.75 118140
13.8 118460
13.85 118780
13.9 119100
13.95 119420
14 119740
14.05 120060
14.1 120380
14.15 120700
14.2 121020
14.25 121339
14.3 121659
14.35 121979
14.4 122299
14.45 122619
14.5 122939
14.55 123259
14.6 123579
14.65 123899
14.7 124219
14.75 124539
14.8 124859
14.85 125179
14.9 125499
14.95 125819
15 126139
15.05 126459
15.1 126779
15.15 127099
15.2 127419
15.25 127739
15.3 128059
15.35 128379
15.4 128699
15.45 129018
15.5 129338
15.55 129658
15.6 129978
15.65 130298
15.7 130618
15.75 130938
15.8 131258
15.85 131578
15.9 131898
15.95 132218
16 132538
16.05 132858
16.1 133178
16.15 133498
16.2 133818
16.25 134138
16.3 134458
16.35 134778
16.4 135098
16.45 135418
16.5 135738
16.55 136058
16.6 136377
16.65 136697
16.7 137017
16.75 137337
16.8 137657
16.85 137977
16.9 138297
16.95 138617
17 138937
17.05 139257
17.1 139577
17.15 139897
17.2 140217
17.25 140516
17.3 140779
17.35 140917
17.4 141035
17.45 141154
17.5 141273
17.55 141391
17.6 141510
17.65 141628
17.7 141747
17.75 141866
17.8 141984
17.85 142103
17.9 142221
17.95 142340
18 142458
18.05 142577
18.1 142696
18.15 142814
18.2 142933
18.25 143051
18.3 143170
18.35 143288
18.4 143407
18.45 143525
18.5 143644
18.55 143762
18.6 143864
18.65 143938
18.7 143967
18.75 143982
18.8 143996
18.85 144011
18.9 144025
18.95 144039
19 144054
19.05 144068
19.1 144083
19.15 144097
19.2 144111
19.25 144126
19.3 144140
19.35 144154
19.4 144169
19.45 144183
19.5 144198
19.55 144212
19.6 144226
19.65 144241
19.7 144255
19.75 144270
19.8 144284
19.85 144298
19.9 144313
19.95 144327
20 144341
20.05 144356
20.1 144370
20.15 144385
20.2 144399
20.25 144413
20.3 144428
20.35 144442
20.4 144457
20.45 144471
20.5 144485
20.55 144500
20.6 144514
20.65 144528
20.7 144543
20.75 144557
20.8 144572
20.85 144586
20.9 144600
20.95 144615
21 144629
21.05 144644
21.1 144658
21.15 144672
21.2 144687
21.25 144701
21.3 144715
21.35 144730
21.4 144744
21.45 144759
21.5 144773
21.55 144787
21.6 144802
21.65 144816
21.7 144831
21.75 144845
21.8 144859
21.85 144874
21.9 144888
21.95 144902
22 144917
22.05 144931
22.1 144946
22.15 144960
22.2 144974
22.25 144989
22.3 145003
22.35 145018
22.4 145032
22.45 145046
22.5 145061
22.55 145075
22.6 145089
22.65 145104
22.7 145118
22.75 145133
22.8 145147
22.85 145161
22.9 145176
22.95 145190
23 145205
23.05 145219
23.1 145233
23.15 145248
23.2 145262
23.25 145276
23.3 145291
23.35 145305
23.4 145320
23.45 145334
23.5 145348
23.55 145363
23.6 145377
23.65 145392
23.7 145406
23.75 145420
23.8 145435
23.85 145449
23.9 145463
23.95 145478
24 145492
24.05 145501
24.1 145507
24.15 145513
24.2 145519
24.25 145525
24.3 145531
24.35 145537
24.4 145543
24.45 145549
24.5 145555
24.55 145561
24.6 145567
24.65 145573
24.7 145579
24.75 145585
24.8 145591
24.85 145597
24.9 145603
24.95 145609
25 145615
25.05 145621
25.1 145627
25.15 145633
25.2 145639
25.25 145645
25.3 145651
25.35 145657
25.4 145663
25.45 145669
25.5 145675
25.55 145681
25.6 145687
25.65 145693
25.7 145699
25.75 145705
25.8 145711
25.85 145717
25.9 145723
25.95 145729
26 145735
26.05 145741
26.1 145747
26.15 145753
26.2 145759
26.25 145765
26.3 145771
26.35 145777
26.4 145783
26.45 145789
26.5 145795
26.55 145801
26.6 145807
26.65 145813
26.7 145819
26.75 145825
26.8 145831
26.85 145837
26.9 145843
26.95 145849
27 145855
27.05 145860
27.1 145866
27.15 145872
27.2 145878
27.25 145884
27.3 145890
27.35 145896
27.4 145902
27.45 145908
27.5 145914
27.55 145920
27.6 145926
27.65 145932
27.7 145938
27.75 145944
27.8 145950
27.85 145956
27.9 145962
27.95 145968
28 145974
28.05 145980
28.1 145986
28.15 145992
28.2 145998
28.25 146004
28.3 146010
28.35 146016
28.4 146022
28.45 146028
28.5 146034
28.55 146040
28.6 146046
28.65 146052
28.7 146058
28.75 146064
28.8 146070
28.85 146076
28.9 146082
28.95 146088
29 146094
29.05 146100
29.1 146106
29.15 146112
29.2 146118
29.25 146124
29.3 146130
29.35 146136
29.4 146142
29.45 146148
29.5 146154
29.55 146160
29.6 146166
29.65 146172
29.7 146178
29.75 146184
29.8 146190
29.85 146196
29.9 146202
29.95 146208
30 146214
30.05 146220
30.1 146226
30.15 146232
30.2 146238
30.25 146244
30.3 146250
30.35 146256
30.4 146262
30.45 146268
30.5 146274
30.55 146280
30.6 146286
30.65 146292
30.7 146298
30.75 146304
30.8 146310
30.85 146316
30.9 146322
30.95 146328
31 146333
31.05 146339
31.1 146345
31.15 146351
31.2 146357
31.25 146363
31.3 146369
31.35 146375
31.4 146381
31.45 146387
31.5 146393
31.55 146399
31.6 146405
31.65 146411
31.7 146417
31.75 146423
31.8 146429
31.85 146435
31.9 146441
31.95 146447
32 146453
32.05 146459
32.1 146465
32.15 146471
32.2 146477
32.25 146483
32.3 146489
32.35 146495
32.4 146501
32.45 146507
32.5 146513
32.55 146519
32.6 146525
32.65 146531
32.7 146537
32.75 146543
32.8 146549
32.85 146555
32.9 146561
32.95 146567
33 146573
33.05 146579
33.1 146585
33.15 146591
33.2 146597
33.25 146603
33.3 146609
33.35 146615
33.4 146621
33.45 146627
33.5 146633
33.55 146639
33.6 146645
33.65 146651
33.7 146657
33.75 146663
33.8 146669
33.85 146675
33.9 146681
33.95 146687
34 146693
34.05 146699
34.1 146705
34.15 146711
34.2 146717
34.25 146723
34.3 146729
34.35 146735
34.4 146741
34.45 146747
34.5 146753
34.55 146759
34.6 146765
34.65 146771
34.7 146777
34.75 146783
34.8 146789
34.85 146795
34.9 146800
34.95 146806
35 146812
35.05 146818
35.1 146824
35.15 146830
35.2 132556
35.25 135039
35.3 121928
35.35 123850
35.4 124336
35.45 98068.2
35.5 99765
35.55 101442
35.6 88995.7
35.65 90383.9
35.7 91567
35.75 80564.2
35.8 68890.1
35.85 46264.5
35.9 46697
35.95 47129.5
36 47562.1
36.05 47994.6
36.1 48427.2
36.15 48859.7
36.2 49292.2
36.25 49724.8
36.3 50157
36.35 50588.9
36.4 51020.9
36.45 51452.8
36.5 51884.8
36.55 52316.7
36.6 52748.7
36.65 53180.6
36.7 53612.6
36.75 54044.5
36.8 54476.5
36.85 54908.5
36.9 55340.4
36.95 55772.4
37 56204.3
37.05 56636.3
37.1 57068.2
37.15 57500
37.2 57931.9
37.25 58363.7
37.3 58795.5
37.35 59227.3
37.4 59659.2
37.45 60091
37.5 60522.8
37.55 60954.7
37.6 61386.5
37.65 61818.3
37.7 62250.1
37.75 62681.7
37.8 63113
37.85 63544.3
37.9 63940.4
37.95 64213.7
38 64445.1
38.05 64633.2
38.1 64791.9
38.15 64860.5
38.2 64917.9
38.25 64975.3
38.3 65032.8
38.35 65090.2
38.4 65127.2
38.45 65130.8
38.5 65134.4
38.55 65138
38.6 65141.6
38.65 65145.2
38.7 65148.9
38.75 65152.5
38.8 65156.1
38.85 65159.7
38.9 65163.3
38.95 65166.9
39 65170.6
39.05 65174.2
39.1 65177.8
39.15 65181.4
39.2 65185
39.25 65188.6
39.325 10631.4
39.375 10632.5
39.425 10634.5
39.475 10636.5
39.525 10638.6
39.575 10640.6
39.625 10642.7
39.675 10644.7
39.725 10646.7
39.775 10648.8
39.825 10650.8
39.875 10652.9
39.925 10654.9
39.975 10656.9
40.025 10659
40.075 10661
40.125 10663.1
40.175 10665.1
40.225 10667.1
40.275 10669.2
40.325 10671.2
40.375 10673.3
40.425 10675.3
40.475 10677.3
40.525 10679.4
40.575 10681.4
40.625 10683.4
40.675 10685.5
40.725 10687.5
40.775 10689.6
40.825 10691.6
40.875 10693.6
40.925 10695.7
40.975 10697.7
41.025 10699.8
41.075 10701.8
41.125 10703.8
41.175 10705.9
41.225 10707.9
41.275 10710
41.325 10712
41.375 10714
41.425 10716.1
41.475 10718.1
41.525 10720.2
41.575 10722.2
41.625 10724.2
41.675 10726.3
41.725 10728.3
41.775 10730.4
41.825 10732.4
41.875 10734.4
41.925 10736.5
41.975 10738.5
42.025 10740.6
42.075 10742.6
42.125 10744.6
42.175 10746.7
42.225 10748.7
42.275 10750.7
42.325 10752.8
42.375 10754.8
42.425 10756.9
42.475 10758.9
42.525 10760.9
42.575 10763
42.625 10765
42.675 10767.1
42.725 10769.1
42.775 10771.1
42.825 10773.2
42.875 10775.2
42.925 10777.3
42.975 10779.3
43.025 10781.3
43.075 10783.4
43.125 10785.4
43.175 10787.5
43.225 10789.5
43.275 10791.5
43.325 10793.6
43.375 10795.6
43.425 10797.7
43.475 10799.7
43.525 10801.7
43.575 10803.8
43.625 10805.8
43.675 10807.9
43.725 10809.9
43.775 10811.9
43.825 10814
43.875 10816
43.925 10818
43.975 10820.1
44.025 10822.1
44.075 10824.2
44.125 10826.2
44.175 10828.2
44.225 10830.3
44.275 10832.3
44.325 10834.4
44.375 10836.4
44.425 10838.4
44.475 10840.5
44.525 10842.5
44.575 10844.6
44.625 10846.6
44.675 10848.6
44.725 10850.7
44.775 10852.7
44.825 10854.8
44.875 10856.8
44.925 10858.8
44.975 10860.9
45.025 10862.9
45.075 10865
45.125 10867
45.175 10869
45.225 10871.1
45.275 10873.1
45.325 10875.2
45.375 10877.2
45.425 10879.2
45.475 10881.3
45.525 10883.3
45.575 10885.3
45.625 10887.4
45.675 10889.4
45.725 10891.5
45.775 10893.5
45.825 10895.5
45.875 10897.6
45.925 10899.6
45.975 10901.7
46.025 10903.7
46.075 10905.7
46.125 10907.8
46.175 10909.8
46.225 10911.9
46.275 10913.9
46.325 10915.9
46.375 10918
46.425 10920
46.475 10922.1
46.525 10924.1
46.575 10926.1
46.625 10928.2
46.675 10930.2
46.725 10932.3
46.775 10934.3
46.825 10936.3
46.875 10938.4
46.925 10940.4
46.975 10942.5
47.025 10944.5
47.075 10946.5
47.125 10948.6
47.175 10950.6
47.225 10952.6
47.275 10954.7
47.325 10956.7
47.375 10958.8
47.425 10960.8
47.475 10962.8
47.525 10964.9
47.575 10966.9
47.625 10969
47.675 10971
47.725 10973
47.775 10975.1
47.825 10977.1
47.875 10979.2
47.925 10981.2
47.975 10983.2
48.025 10985.3
48.075 10987.3
48.125 10989.4
48.175 10991.4
48.225 10993.4
48.275 10995.5
48.325 10997.5
48.375 10999.6
48.425 11001.6
48.475 11003.6
48.525 11005.7
48.575 11007.7
48.625 11009.8
48.675 11011.8
48.725 11013.8
48.775 11015.9
48.825 11017.9
48.875 11019.9
48.925 11022
48.975 11024
49.025 11026.1
49.075 11028.1
49.125 11030.1
49.175 11032.2
49.225 11034.2
49.275 11036.3
49.325 11038.3
49.375 11040.3
49.425 11042.4
49.475 11044.4
49.525 11046.5
49.575 11048.5
49.625 11050.5
49.675 11052.6
49.725 11054.6
49.775 11056.7
49.825 11058.7
49.875 11060.7
49.925 11062.8
49.975 11064.8
50.025 11066.9
50.075 11068.9
50.125 11070.9
50.175 11073
50.225 11075
50.275 11077.1
50.325 11079.1
50.375 11081.1
50.425 11083.2
50.475 11085.2
50.525 11087.2
50.575 11089.3
50.625 11091.3
50.675 11093.4
50.725 11095.4
50.775 11097.4
50.825 11099.5
50.875 11101.5
50.925 11103.6
50.975 11105.6
51.025 11107.6
51.075 11109.7
51.125 11111.7
51.175 11113.8
51.225 11115.8
51.275 11117.8
51.325 11119.9
51.375 11121.9
51.425 11124
51.475 11126
51.525 11128
51.575 11130.1
51.625 11132.1
51.675 11134.2
51.725 11136.2
51.775 11138.2
51.825 11140.3
51.875 11142.3
51.925 11144.4
51.975 11146.4
52.025 11148.4
52.075 11150.5
52.125 11152.5
52.175 11154.5
52.225 11156.6
52.275 11158.6
52.325 11160.7
52.375 11162.7
52.425 11164.7
52.475 11166.8
52.525 11168.8
52.575 11170.9
52.625 11172.9
52.675 11174.9
52.725 11177
52.775 11179
52.825 11181.1
52.875 11183.1
52.925 11185.1
52.975 11187.2
53.025 11189.2
53.075 11191.3
53.125 11193.3
53.175 11195.3
53.225 11197.4
53.275 11199.4
53.325 11201.5
53.375 11203.5
53.425 11205.5
53.475 11207.6
53.525 11209.6
53.575 11211.7
53.625 11213.7
53.675 11215.7
53.725 11217.8
53.775 11219.8
53.825 11221.8
53.875 11223.9
53.925 11225.9
53.975 11228
54.025 11230
54.075 11232
54.125 11234.1
54.175 11236.1
54.225 11238.2
54.275 11240.2
54.325 11242.2
54.375 11244.3
54.425 11246.3
54.475 11248.4
54.525 11250.4
54.575 11252.4
54.625 11254.5
54.675 11256.5
54.725 11258.6
54.775 11260.6
54.825 11262.6
54.875 11264.7
54.925 11266.7
54.975 11268.8
55.025 11270.8
55.075 11272.8
55.125 11274.9
55.175 11276.9
55.225 11279
55.275 11281
55.325 11283
55.375 11285.1
55.425 11287.1
55.475 11289.1
55.525 11291.2
55.575 11293.2
55.625 11295.3
55.675 11297.3
55.725 11299.3
55.775 11301.4
55.825 11303.4
55.875 11305.5
55.925 11307.5
55.975 11309.5
56.025 11311.6
56.075 11313.6
56.125 11315.7
56.175 11317.7
56.225 11319.7
56.275 11321.8
56.325 11323.8
56.375 11325.9
56.425 11327.9
56.475 11329.9
56.525 11332
56.575 11334
56.625 11336.1
56.675 11338.1
56.725 11340.1
56.775 11342.2
56.825 11344.2
56.875 11346.3
56.925 11348.3
56.975 11350.3
57.025 11352.4
57.075 11354.4
57.125 11356.4
57.175 11358.5
57.225 11360.5
57.275 11362.6
57.325 11364.6
57.375 11366.6
57.425 11368.7
57.475 11370.7
57.525 11372.8
57.575 11374.8
57.625 11376.8
57.675 11378.9
57.725 11380.9
57.775 11383
57.825 11385
57.875 11387
57.925 11389.1
57.975 11391.1
58.025 11393.2
58.075 11395.2
58.125 11397.2
58.175 11399.3
58.225 11401.3
58.275 11403.4
58.325 11405.4
58.375 11407.4
58.425 11409.5
58.475 11411.5
58.525 11413.6
58.575 11415.6
58.625 11417.6
58.675 11419.7
58.725 11421.7
58.775 11423.7
58.825 11425.8
58.875 11427.8
58.925 11429.9
58.975 11431.9
59.025 11433.9
59.075 11436
59.125 11438
59.175 11440.1
59.225 11442.1
59.275 11444.1
59.325 11446.2
59.375 11448.2
59.425 11450.3
59.475 11452.3
59.525 11454.3
59.575 11456.4
59.625 11458.4
59.675 11460.5
59.725 11462.5
59.775 11464.5
59.825 11466.6
59.875 11468.6
59.925 11470.7
59.975 11472.7
60.025 15.0262
