1.53 3.00 4.80 6.66 7.82 10.46 11.23 13.58 17.71 16.40
2.50 4.14 6.33 8.27 12.03 13.87 14.50 17.00 19.39 21.15
1.07 3.08 4.01 5.32 7.67 9.33 9.00 9.99 10.82 12.80
1.30 3.60 6.05 7.60 10.98 12.16 13.78 15.73 16.81 18.01
2.46 4.62 6.31 8.09 10.91 13.06 15.73 17.49 19.84 20.19
1.53 3.05 5.41 7.11 9.27 9.88 13.69 15.34 13.92 12.40
2.15 3.38 5.84 7.05 9.35 12.39 15.73 18.85 21.27 100.00
4.10 7.66 11.19 13.69 15.78 19.29 24.40 31.86 34.39 100.00
1.58 3.43 5.16 6.43 10.03 9.65 12.03 15.29 16.85 16.86
1.54 3.27 4.62 6.08 9.46 10.92 11.61 12.96 14.43 15.92
2.14 5.56 7.08 9.48 11.47 14.99 17.43 20.64 23.77 28.99
2.44 3.80 6.69 8.67 10.71 12.90 18.21 22.48 27.70 28.91
3.36 5.63 7.66 9.64 12.75 14.97 17.17 20.14 25.75 32.34
1.79 4.38 6.95 7.67 10.79 12.25 14.47 19.73 24.00 24.93
1.17 2.08 4.50 5.53 7.56 9.16 10.90 11.70 11.26 11.77
0.95 1.98 2.84 4.47 5.93 9.04 11.71 14.19 15.58 14.89
1.25 3.84 5.34 7.81 10.14 11.51 12.12 14.24 17.66 16.37
1.62 4.01 6.29 8.08 11.68 14.17 18.18 17.84 21.76 29.66
4.86 7.88 13.77 17.37 20.37 25.77 31.86 100.00 100.00 100.00
3.31 4.23 5.83 9.09 12.66 15.06 21.12 20.10 100.00 100.00
1.93 5.01 6.31 7.87 10.92 13.10 16.57 16.45 17.92 20.57
1.74 4.35 6.51 7.82 10.88 13.19 14.03 16.66 18.97 20.30
1.15 3.19 3.76 4.69 9.28 10.62 13.48 15.50 16.09 14.58
1.37 3.04 6.37 6.91 9.63 11.67 13.87 12.84 13.86 14.00
1.15 3.10 5.02 5.34 9.09 10.78 12.85 14.59 15.10 16.80
1.26 2.15 3.05 4.18 7.13 9.31 10.50 10.64 11.55 12.60
3.47 6.11 9.21 10.97 15.45 20.62 25.92 30.64 100.00 100.00
3.51 6.51 8.77 11.82 14.17 13.68 15.40 19.12 19.61 100.00
2.23 5.37 7.68 8.69 12.60 15.80 18.86 21.35 24.57 27.24
3.24 5.57 7.42 8.96 12.07 13.67 17.70 21.20 28.89 31.89
3.58 7.06 9.28 10.36 12.66 17.68 17.26 17.62 18.25 17.47
1.98 4.44 5.47 6.88 7.74 10.03 11.73 13.56 17.93 20.27
2.31 4.82 7.28 8.93 11.41 14.57 15.10 17.25 22.27 29.46
2.08 4.99 7.08 8.19 9.81 12.69 14.32 17.20 25.43 29.12
0.99 2.93 3.66 4.97 8.98 11.41 14.80 18.04 19.05 19.82
2.74 5.98 9.29 11.02 12.49 16.75 20.07 23.90 27.95 29.79
1.20 2.59 4.04 5.86 8.10 11.51 10.22 13.00 17.81 20.88
2.02 4.20 5.76 6.30 8.88 12.60 16.65 17.68 19.28 22.31
1.92 3.92 6.43 8.71 11.84 13.32 14.57 15.94 18.00 19.54
0.91 2.42 4.54 6.04 8.10 10.11 11.45 13.07 15.18 16.17
2.75 5.04 7.89 9.53 13.75 17.99 22.87 31.80 100.00 100.00
3.32 4.64 7.59 10.13 12.57 16.29 18.71 21.28 100.00 100.00
1.89 3.80 5.13 7.09 10.71 12.22 14.72 16.55 19.42 22.65
2.02 5.81 9.03 10.52 11.45 14.79 17.84 19.80 24.69 23.65
