# M61 3D pushover in Y: mass-proportional load, control node 1002
# control displacement (mm), base shear (N)
0 0
0.05 5941.16
0.1 11882.3
0.15 12857.8
0.2 13673.4
0.25 14292.8
0.3 14888.1
0.35 15483.4
0.4 16078.6
0.45 16673.9
0.5 17269.2
0.55 17864.5
0.6 18459.8
0.65 19055
0.7 19650.3
0.75 20245.6
0.8 20840.9
0.85 21436.1
0.9 22031.4
0.95 22626.7
1 23222
1.05 23817.3
1.1 24412.5
1.15 25007.8
1.2 25603.1
1.25 26198.4
1.3 26793.6
1.35 27388.9
1.4 27984.2
1.45 28579.5
1.5 29174.7
1.55 29770
1.6 30365.3
1.65 30960.6
1.7 31555.9
1.75 32151.1
1.8 32746.4
1.85 33341.7
1.9 33937
1.95 34532.2
2 35127.5
2.05 35722.8
2.1 36318.1
2.15 36913.4
2.2 37508.6
2.25 38103.9
2.3 38699.2
2.35 39294.5
2.4 39889.7
2.45 40485
2.5 41080.3
2.55 41675.6
2.6 42270.9
2.65 42866.1
2.7 43461.4
2.75 44056.7
2.8 44652
2.85 45247.2
2.9 45842.5
2.95 46437.8
3 47033.1
3.05 47628.4
3.1 48223.6
3.15 48818.9
3.2 49414.2
3.25 50009.5
3.3 50604.7
3.35 51200
3.4 51795.3
3.45 52390.6
3.5 52985.8
3.55 53581.1
3.6 54176.4
3.65 54771.7
3.7 55367
3.75 55962.2
3.8 56557.5
3.85 57152.8
3.9 57748.1
3.95 58343.3
4 58938.6
4.05 59533.9
4.1 60129.2
4.15 60724.5
4.2 61319.7
4.25 61915
4.3 62510.3
4.35 63105.6
4.4 63700.8
4.45 64296.1
4.5 64891.4
4.55 65486.7
4.6 66082
4.65 66677.2
4.7 67272.5
4.75 67867.8
4.8 68463.1
4.85 69058.3
4.9 69653.6
4.95 70248.9
5 70844.2
5.05 71439.5
5.1 72034.7
5.15 72630
5.2 73225.3
5.25 73820.6
5.3 74415.8
5.35 75011.1
5.4 75606.4
5.45 76201.7
5.5 76796.9
5.55 77392.2
5.6 77987.5
5.65 78582.8
5.7 79178.1
5.75 79773.3
5.8 80368.6
5.85 80963.9
5.9 81559.2
5.95 82154.4
6 82749.7
6.05 83345
6.1 83940.3
6.15 84535.6
6.2 85130.8
6.25 85726.1
6.3 86321.4
6.35 86916.7
6.4 87511.9
6.45 88107.2
6.5 88702.5
6.55 89297.8
6.6 89893.1
6.65 90488.3
6.7 91083.6
6.75 91678.9
6.8 92274.2
6.85 92869.4
6.9 93464.7
6.95 94060
7 94655.3
7.05 95250.6
7.1 95845.8
7.15 96441.1
7.2 97036.4
7.25 97631.7
7.3 98226.9
7.35 98822.2
7.4 99417.5
7.45 100013
7.5 100608
7.55 101203
7.6 101799
7.65 102394
7.7 102989
7.75 103584
7.8 104180
7.85 104775
7.9 105370
7.95 105966
8 106561
8.05 107156
8.1 107751
8.15 108347
8.2 108942
8.25 109537
8.3 110132
8.35 110728
8.4 111323
8.45 111918
8.5 112514
8.55 113109
8.6 113704
8.65 114299
8.7 114895
8.75 115490
8.8 116085
8.85 116681
8.9 117276
8.95 117871
9 118466
9.05 119062
9.1 119657
9.15 120252
9.2 120847
9.25 121443
9.3 122038
9.35 122633
9.4 123229
9.45 123824
9.5 124419
9.55 125014
9.6 125610
9.65 126205
9.7 126800
9.75 127396
9.8 127991
9.85 128586
9.9 129181
9.95 129777
10 130372
10.05 130967
10.1 131562
10.15 132156
10.2 132751
10.25 133345
10.3 133936
10.35 134526
10.4 135117
10.45 135707
10.5 136297
10.55 136887
10.6 137478
10.65 138068
10.7 138658
10.75 139238
10.8 139808
10.85 140377
10.9 140946
10.95 141510
11 142075
11.05 142639
11.1 143203
11.15 143766
11.2 144329
11.25 144893
11.3 145456
11.35 146019
11.4 146582
11.45 147145
11.5 147708
11.55 148271
11.6 148835
11.65 149398
11.7 149961
11.75 150524
11.8 151087
11.85 151650
11.9 152213
11.95 152776
12 153334
12.05 153618
12.1 153900
12.15 154181
12.2 154463
12.25 154745
12.3 155027
12.35 155309
12.4 155591
12.45 155873
12.5 156154
12.55 156436
12.6 156718
12.65 157000
12.7 157282
12.75 157564
12.8 157846
12.85 158127
12.9 158409
12.95 158691
13 158973
13.05 159255
13.1 159537
13.15 159819
13.2 160100
13.25 160382
13.3 160664
13.35 160946
13.4 161228
13.45 161510
13.5 161792
13.55 162073
13.6 162355
13.65 162637
13.7 162919
13.75 163201
13.8 163482
13.85 163763
13.9 164045
13.95 164326
14 164608
14.05 164889
14.1 165171
14.15 165452
14.2 165733
14.25 166015
14.3 166296
14.35 166578
14.4 166859
14.45 167140
14.5 167422
14.55 167703
14.6 167985
14.65 168266
14.7 168547
14.75 168829
14.8 169110
14.85 169392
14.9 169673
14.95 169955
15 170236
15.05 170517
15.1 170799
15.15 171080
15.2 171362
15.25 171643
15.3 171924
15.35 172206
15.4 172487
15.45 172769
15.5 173050
15.55 173332
15.6 173613
15.65 173894
15.7 174176
15.75 174457
15.8 174739
15.85 175020
15.9 175301
15.95 175583
16 175864
16.05 176146
16.1 176427
16.15 176709
16.2 176990
16.25 177271
16.3 177553
16.35 177834
16.4 178116
16.45 178397
16.5 178678
16.55 178960
16.6 179241
16.65 179523
16.7 179804
16.75 180086
16.8 180367
16.85 180648
16.9 180930
16.95 181211
17 181493
17.05 181774
17.1 182055
17.15 182337
17.2 182618
17.25 182900
17.3 183181
17.35 183463
17.4 183744
17.45 184025
17.5 184307
17.55 184588
17.6 184870
17.65 185151
17.7 185432
17.75 185714
17.8 185995
17.85 186277
17.9 186558
17.95 186839
18 187121
18.05 187402
18.1 187684
18.15 187965
18.2 188247
18.25 188528
18.3 188809
18.35 189091
18.4 189372
18.45 189654
18.5 189935
18.55 190216
18.6 190498
18.65 190779
18.7 191061
18.75 191342
18.8 191598
18.85 191842
18.9 192086
18.95 192330
19 192574
19.05 192814
19.1 193027
19.15 193240
19.2 193453
19.25 193654
19.3 193848
19.35 194042
19.4 194235
19.45 194424
19.5 194613
19.55 194802
19.6 194991
19.65 195180
19.7 195368
19.75 195557
19.8 195746
19.85 195935
19.9 196124
19.95 196313
20 196502
20.05 196691
20.1 196880
20.15 197068
20.2 197257
20.25 197446
20.3 197635
20.35 197824
20.4 198013
20.45 198202
20.5 198391
20.55 198579
20.6 198768
20.65 198957
20.7 199131
20.75 199284
20.8 199427
20.85 199570
20.9 199714
20.95 199857
21 200000
21.05 200143
21.1 200286
21.15 200429
21.2 200573
21.25 200716
21.3 200859
21.35 201002
21.4 201145
21.45 201289
21.5 201432
21.55 201568
21.6 201701
21.65 201835
21.7 201969
21.75 202103
21.8 202237
21.85 202371
21.9 202505
21.95 202638
22 202772
22.05 202906
22.1 203040
22.15 203174
22.2 203308
22.25 203441
22.3 203575
22.35 203709
22.4 203826
22.45 203936
22.5 204047
22.55 204158
22.6 204268
22.65 204379
22.7 204490
22.75 204600
22.8 204711
22.85 204822
22.9 204932
22.95 205043
23 205153
23.05 205264
23.1 205375
23.15 205485
23.2 205596
23.25 205707
23.3 205817
23.35 205928
23.4 206039
23.45 206149
23.5 206260
23.55 206371
23.6 206481
23.65 206592
23.7 206702
23.75 206813
23.8 206924
23.85 207034
23.9 207145
23.95 207256
24 207352
24.05 207382
24.1 207411
24.15 207441
24.2 207470
24.25 207500
24.3 207529
24.35 207559
24.4 207588
24.45 207617
24.5 207647
24.55 207676
24.6 207706
24.65 207735
24.7 207765
24.75 207794
24.8 207824
24.85 207853
24.9 207883
24.95 207912
25 207942
25.05 207971
25.1 208001
25.15 208030
25.2 208059
25.25 208089
25.3 208118
25.35 208148
25.4 208177
25.45 208207
25.5 208236
25.55 208266
25.6 208295
25.65 208325
25.7 208354
25.75 208384
25.8 208413
25.85 208442
25.9 208472
25.95 208501
26 208531
26.05 208560
26.1 208590
26.15 208619
26.2 208649
26.25 208678
26.3 208708
26.35 208737
26.4 208767
26.45 208796
26.5 208825
26.55 208855
26.6 208884
26.65 208914
26.7 208943
26.75 208973
26.8 209002
26.85 209032
26.9 209061
26.95 209091
27 209120
27.05 209150
27.1 209179
27.15 209209
27.2 209238
27.25 209267
27.3 209297
27.35 209326
27.4 209356
27.45 209385
27.5 209415
27.55 209444
27.6 209474
27.65 209503
27.7 209533
27.75 209562
27.8 209592
27.85 209621
27.9 209650
27.95 209680
28 209709
28.05 209739
28.1 209768
28.15 209798
28.2 209827
28.25 209857
28.3 209886
28.35 209916
28.4 209945
28.45 209975
28.5 210004
28.55 210033
28.6 210063
28.65 210092
28.7 210122
28.75 210151
28.8 210181
28.85 210210
28.9 210240
28.95 210269
29 210299
29.05 210328
29.1 210358
29.15 210387
29.2 210417
29.25 210446
29.3 210475
29.35 210505
29.4 210534
29.45 210564
29.5 210593
29.55 210623
29.6 210652
29.65 210682
29.7 210711
29.75 210741
29.8 210770
29.85 210800
29.9 210829
29.95 210858
30 210888
30.05 210917
30.1 210947
30.15 210976
30.2 211006
30.25 211035
30.3 211065
30.35 211094
30.4 211124
30.45 211153
30.5 211183
30.55 211212
30.6 211241
30.65 211271
30.7 211300
30.75 211330
30.8 211359
30.85 211389
30.9 211418
30.95 211448
31 211477
31.05 211507
31.1 211536
31.15 211566
31.2 211595
31.25 211625
31.3 211654
31.35 211683
31.4 211713
31.45 211742
31.5 211772
31.55 211801
31.6 211831
31.65 211860
31.7 211890
31.75 211919
31.8 211949
31.85 211978
31.9 212008
31.95 212037
32 212066
32.05 212096
32.1 212125
32.15 212155
32.2 212184
32.25 212214
32.3 212243
32.35 212273
32.4 212302
32.45 212332
32.5 212361
32.55 212391
32.6 212420
32.65 212449
32.7 212479
32.75 212508
32.8 212538
32.85 212567
32.9 212597
32.95 212626
33 212656
33.05 212685
33.1 212715
33.15 212744
33.2 212774
33.25 212803
33.3 212832
33.35 212862
33.4 212891
33.45 212921
33.5 212950
33.55 212980
33.6 213009
33.65 213039
33.7 213068
33.75 213098
33.8 213127
33.85 213156
33.9 213184
33.95 213210
34 213235
34.05 213260
34.1 213285
34.15 213310
34.2 213335
34.25 213360
34.3 213385
34.35 213410
34.4 213435
34.45 213460
34.5 52971.5
34.55 54148.2
34.6 55325
34.65 56501.7
34.7 57439.7
34.75 58363.3
34.8 59286.8
34.85 60065.5
34.9 60767.5
34.95 61469.5
35 61968.7
35.05 62438.2
35.1 62660.3
35.15 62672.5
35.2 62684.7
35.25 62696.8
35.3 62709
35.35 62721.2
35.4 62733.3
35.45 62745.5
35.5 62757.7
35.55 62769.9
35.6 62782
35.65 62794.2
35.7 62806.4
35.75 62818.5
35.8 62830.7
35.85 62842.9
35.9 62855.1
35.95 62867.2
36 62879.4
36.05 62891.6
36.1 62903.7
36.15 62915.9
36.2 62928.1
36.25 62940.3
36.3 62952.4
36.35 62964.6
36.4 62976.8
36.45 62988.9
36.5 63001.1
36.55 63013.3
36.6 63025.5
36.65 63037.6
36.7 63049.8
36.75 63062
36.8 63074.1
36.85 63086.3
36.9 63098.5
36.95 63110.7
37 63122.8
37.05 63135
37.1 63147.2
37.15 63159.3
37.2 63171.5
37.25 63183.7
37.3 63195.9
37.35 63208
37.4 63220.2
37.45 63232.4
37.5 63244.5
37.55 63256.7
37.6 63268.9
37.65 63281.1
37.7 63293.2
37.75 63305.4
37.8 63317.6
37.85 63329.7
37.9 63341.9
37.95 63354.1
38 63366.3
38.05 63378.4
38.1 63390.6
38.15 63402.8
38.2 63414.9
38.25 63427.1
38.3 63439.3
38.35 63451.5
38.4 63463.6
38.45 63475.8
38.5 63488
38.55 63500.1
38.6 63512.3
38.65 63524.5
38.7 63536.7
38.75 63548.8
38.8 63561
38.85 63573.2
38.9 63585.3
38.95 63597.5
39 63609.7
39.05 63621.9
39.1 63634
39.15 63646.2
39.2 63658.4
39.25 63670.5
39.3 63682.7
39.35 63694.9
39.4 63707
39.45 63719.2
39.5 63731.4
39.55 63743.6
39.6 63755.7
39.65 63767.9
39.7 63780.1
39.75 63792.2
39.8 63804.4
39.85 63816.6
39.9 63828.8
39.95 63840.9
40 63853.1
40.05 63865.3
40.1 63877.4
40.15 63889.6
40.2 63901.8
40.25 63914
40.3 63926.1
40.35 63938.3
40.4 63950.5
40.45 63962.6
40.5 63974.8
40.55 63987
40.6 63999.2
40.65 64011.3
40.7 64023.5
40.75 64035.7
40.8 64047.8
40.85 64060
40.9 64072.2
40.95 64084.4
41 64096.5
41.05 64108.7
41.1 64120.9
41.15 64133
41.2 64145.2
41.25 64157.4
41.3 64169.6
41.35 64181.7
41.4 64193.9
41.45 64206.1
41.5 64218.2
41.55 64230.4
41.6 64242.6
41.65 64254.8
41.7 64266.9
41.75 64279.1
41.8 64291.3
41.85 64303.4
41.9 64315.6
41.95 64327.8
42 64340
42.05 64352.1
42.1 64364.3
42.15 64376.5
42.2 64388.6
42.25 64400.8
42.3 64413
42.35 64425.2
42.4 64437.3
42.45 64449.5
42.5 64461.7
42.55 64473.8
42.6 64486
42.65 64498.2
42.7 64510.4
42.75 64522.5
42.8 64534.7
42.85 64546.9
42.9 64559
42.95 64571.2
43 64583.4
43.05 64595.6
43.1 64607.7
43.15 64619.9
43.2 64632.1
43.25 64644.2
43.3 64656.4
43.35 64668.6
43.4 64680.8
43.45 64692.9
43.5 64705.1
43.55 64717.3
43.6 64729.4
43.65 64741.6
43.7 64753.8
43.75 64766
43.8 64778.1
43.85 64790.3
43.9 64802.5
43.95 64814.6
44 64826.8
44.05 64839
44.1 64851.2
44.15 64863.3
44.2 64875.5
44.25 64887.7
44.3 64899.8
44.35 64912
44.4 64924.2
44.45 64936.4
44.5 64948.5
44.55 64960.7
44.6 64972.9
44.65 64985
44.7 64997.2
44.75 65009.4
44.8 65021.6
44.85 65033.7
44.9 65045.9
44.95 65058.1
45 65070.2
45.05 65082.4
45.1 65094.6
45.15 65106.8
45.2 65118.9
45.25 65131.1
45.3 65143.3
45.35 65155.4
45.4 65167.6
45.45 65179.8
45.5 65192
45.55 65204.1
45.6 65216.3
45.65 65228.5
45.7 65240.6
45.75 65252.8
45.8 65265
45.85 65277.2
45.9 65289.3
45.95 65301.5
46 65313.7
46.05 65325.8
46.1 65338
46.15 65350.2
46.2 65362.4
46.25 65374.5
46.3 65386.7
46.35 65398.9
46.4 65411
46.45 65423.2
46.5 65435.4
46.55 65447.6
46.6 65459.7
46.65 65471.9
46.7 65484.1
46.75 65496.2
46.8 65508.4
46.85 65520.6
46.9 65532.8
46.95 65544.9
47 65557.1
47.05 65569.3
47.1 65581.4
47.15 65593.6
47.2 65605.8
47.25 65618
47.3 65630.1
47.35 65642.3
47.4 65654.5
47.45 65666.6
47.5 65678.8
47.55 65691
47.6 65703.2
47.65 65715.3
47.7 65727.5
47.75 65739.7
47.8 65751.8
47.85 65764
47.9 65776.2
47.95 65788.4
48 65800.5
48.05 65812.7
48.1 65824.9
48.15 65837
48.2 65849.2
48.25 65861.4
48.3 65873.6
48.35 65885.7
48.4 65897.9
48.45 65910.1
48.5 65922.2
48.55 65934.4
48.6 65946.6
48.65 65958.8
48.7 65970.9
48.75 65983.1
48.8 65995.3
48.85 66007.4
48.9 66019.6
48.95 66031.8
49 66044
49.05 66056.1
49.1 66068.3
49.15 66080.5
49.2 66092.6
49.25 66104.8
49.3 66117
49.35 66129.2
49.4 66141.3
49.45 66153.5
49.5 66165.7
49.55 66177.8
49.6 66190
49.65 66202.2
49.7 66214.4
49.75 66226.5
49.8 66238.7
49.85 66250.9
49.9 66263
49.95 66275.2
50 66287.4
50.05 66299.5
50.1 66311.7
50.15 66323.9
50.2 66336.1
50.25 66348.2
50.3 66360.4
50.35 66372.6
50.4 66384.7
50.45 66396.9
50.5 66409.1
50.55 66421.3
50.6 66433.4
50.65 66445.6
50.7 66457.8
50.75 66469.9
50.8 66482.1
50.85 66494.3
50.9 66506.5
50.95 66518.6
51 66530.8
51.05 66543
51.1 66555.1
51.15 66567.3
51.2 66579.5
51.25 66591.7
51.3 66603.8
51.35 66616
51.4 66628.2
51.45 66640.3
51.5 66652.5
51.55 66664.7
51.6 66676.9
51.65 66689
51.7 66701.2
51.75 66713.4
51.8 66725.5
51.85 66737.7
51.9 66749.9
51.95 66762.1
52 66774.2
52.05 66786.4
52.1 66798.6
52.15 66810.7
52.2 66822.9
52.25 66835.1
52.3 66847.3
52.35 66859.4
52.4 66871.6
52.45 66883.8
52.5 66895.9
52.55 66908.1
52.6 66920.3
52.65 66932.5
52.7 66944.6
52.75 66956.8
52.8 66969
52.85 66981.1
52.9 66993.3
52.95 67005.5
53 67017.7
53.05 67029.8
53.1 67042
53.15 67054.2
53.2 67066.3
53.25 67078.5
53.3 67090.7
53.35 67102.9
53.4 67115
53.45 67127.2
53.5 67139.4
53.55 67151.5
53.6 67163.7
53.65 67175.9
53.7 67188.1
53.75 67200.2
53.8 67212.4
53.85 67224.6
53.9 67236.7
53.95 67248.9
54 67261.1
54.05 67273.3
54.1 67285.4
54.15 67297.6
54.2 67309.8
54.25 67321.9
54.3 67334.1
54.35 67346.3
54.4 67358.5
54.45 67370.6
54.5 67382.8
54.55 67395
54.6 67407.1
54.65 67419.3
54.7 67431.5
54.75 67443.7
54.8 67455.8
54.85 67468
54.9 67480.2
54.95 67492.3
55 67504.5
55.05 67516.7
55.1 67528.9
55.15 67541
55.2 67553.2
55.25 67565.4
55.3 67577.5
55.35 67589.7
55.4 67601.9
55.45 67614.1
55.5 67626.2
55.55 67638.4
55.6 67650.6
55.65 67662.7
55.7 67674.9
55.75 67687.1
55.8 67699.3
55.85 67711.4
55.9 67723.6
55.95 67735.8
56 67747.9
56.05 67760.1
56.1 67772.3
56.15 67784.5
56.2 67796.6
56.25 67808.8
56.3 67821
56.35 67833.1
56.4 67845.3
56.45 67857.5
56.5 67869.7
56.55 67881.8
56.6 67894
56.65 67906.2
56.7 67918.3
56.75 67930.5
56.8 67942.7
56.85 67954.9
56.9 67967
56.95 67979.2
57 67991.4
57.05 68003.5
57.1 68015.7
57.15 68027.9
57.2 68040.1
57.25 68052.2
57.3 68064.4
57.35 68076.6
57.4 68088.7
57.45 68100.9
57.5 68113.1
57.55 68125.3
57.6 68137.4
57.65 68149.6
57.7 68161.8
57.75 68173.9
57.8 68186.1
57.85 68198.3
57.9 68210.5
57.95 68222.6
58 68234.8
58.05 68247
58.1 68259.1
58.15 68271.3
58.2 68283.5
58.25 68295.7
58.3 68307.8
58.35 68320
58.4 68332.2
58.45 68344.3
58.5 68356.5
58.55 68368.7
58.6 68380.9
58.65 68393
58.7 68405.2
58.75 68417.4
58.8 68429.5
58.85 68441.7
58.9 68453.9
58.95 68466.1
59 68478.2
59.05 68490.4
59.1 68502.6
59.15 68514.7
59.2 68526.9
59.25 68539.1
59.3 68551.3
59.35 68563.4
59.4 68575.6
59.45 68587.8
59.5 68599.9
59.55 68612.1
59.6 68624.3
59.65 68636.5
59.7 68648.6
59.75 68660.8
59.8 68673
59.85 68685.1
59.9 68697.3
59.95 68709.5
60 68721.7
