# M61 3D pushover in X: mass-proportional load, control node 1003
# control displacement (mm), base shear (N)
0 0
0.05 5463.14
0.1 10926.3
0.15 12288.4
0.2 13033.1
0.25 13602.3
0.3 14171.6
0.35 14740.8
0.4 15310.1
0.45 15878.6
0.5 16447
0.55 17015.5
0.6 17583.9
0.65 18152.3
0.7 18720.8
0.75 19289.2
0.8 19857.6
0.85 20426.1
0.9 20994.5
0.95 21562.9
1 22131.3
1.05 22699.8
1.1 23268.2
1.15 23836.6
1.2 24405.1
1.25 24973.5
1.3 25541.9
1.35 26110.3
1.4 26678.8
1.45 27247.2
1.5 27815.6
1.55 28384.1
1.6 28952.5
1.65 29520.9
1.7 30089.3
1.75 30657.8
1.8 31226.2
1.85 31794.6
1.9 32363.1
1.95 32931.5
2 33499.9
2.05 34068.3
2.1 34636.8
2.15 35205.2
2.2 35773.6
2.25 36342.1
2.3 36910.5
2.35 37478.9
2.4 38047.3
2.45 38615.8
2.5 39184.2
2.55 39752.6
2.6 40321.1
2.65 40889.5
2.7 41457.9
2.75 42026.3
2.8 42594.8
2.85 43163.2
2.9 43731.6
2.95 44300.1
3 44868.5
3.05 45436.9
3.1 46005.4
3.15 46573.8
3.2 47142.2
3.25 47710.6
3.3 48279.1
3.35 48847.5
3.4 49415.9
3.45 49984.4
3.5 50552.8
3.55 51121.2
3.6 51689.6
3.65 52258.1
3.7 52826.5
3.75 53394.9
3.8 53963.4
3.85 54531.8
3.9 55100.2
3.95 55668.6
4 56237.1
4.05 56805.5
4.1 57373.9
4.15 57942.4
4.2 58510.8
4.25 59079.2
4.3 59647.6
4.35 60216.1
4.4 60784.5
4.45 61352.9
4.5 61921.4
4.55 62489.8
4.6 63058.2
4.65 63626.6
4.7 64195.1
4.75 64763.5
4.8 65331.9
4.85 65900.4
4.9 66468.8
4.95 67037.2
5 67605.7
5.05 68174.1
5.1 68742.5
5.15 69310.9
5.2 69879.4
5.25 70447.8
5.3 71016.2
5.35 71584.7
5.4 72153.1
5.45 72721.5
5.5 73289.9
5.55 73858.4
5.6 74426.8
5.65 74995.2
5.7 75563.7
5.75 76132.1
5.8 76700.5
5.85 77268.9
5.9 77837.4
5.95 78405.8
6 78974.2
6.05 79542.7
6.1 80111.1
6.15 80679.5
6.2 81247.9
6.25 81816.4
6.3 82384.8
6.35 82953.2
6.4 83521.7
6.45 84090.1
6.5 84658.5
6.55 85226.9
6.6 85795.4
6.65 86363.8
6.7 86932.2
6.75 87500.7
6.8 88069.1
6.85 88637.5
6.9 89206
6.95 89774.4
7 90342.8
7.05 90911.2
7.1 91479.7
7.15 92048.1
7.2 92616.5
7.25 93185
7.3 93753.4
7.35 94321.8
7.4 94890.2
7.45 95458.7
7.5 96027.1
7.55 96595.5
7.6 97164
7.65 97732.4
7.7 98300.8
7.75 98869.2
7.8 99437.7
7.85 100006
7.9 100575
7.95 101143
8 101711
8.05 102280
8.1 102848
8.15 103417
8.2 103985
8.25 104554
8.3 105122
8.35 105690
8.4 106259
8.45 106827
8.5 107396
8.55 107964
8.6 108533
8.65 109101
8.7 109669
8.75 110238
8.8 110806
8.85 111375
8.9 111943
8.95 112512
9 113080
9.05 113648
9.1 114217
9.15 114785
9.2 115354
9.25 115922
9.3 116491
9.35 117059
9.4 117627
9.45 118196
9.5 118764
9.55 119333
9.6 119901
9.65 120470
9.7 121038
9.75 121606
9.8 122175
9.85 122743
9.9 123312
9.95 123880
10 124449
10.05 125017
10.1 125583
10.15 126149
10.2 126712
10.25 127272
10.3 127831
10.35 128390
10.4 128949
10.45 129508
10.5 130068
10.55 130627
10.6 131186
10.65 131745
10.7 132304
10.75 132861
10.8 133410
10.85 133955
10.9 134500
10.95 135045
11 135590
11.05 136135
11.1 136680
11.15 137225
11.2 137770
11.25 138315
11.3 138860
11.35 139405
11.4 139950
11.45 140495
11.5 141040
11.55 141585
11.6 142130
11.65 142675
11.7 143220
11.75 143765
11.8 144310
11.85 144855
11.9 145400
11.95 145945
12 146490
12.05 147005
12.1 147417
12.15 147729
12.2 147983
12.25 148237
12.3 148491
12.35 148745
12.4 148999
12.45 149253
12.5 149507
12.55 149761
12.6 150015
12.65 150269
12.7 150523
12.75 150777
12.8 151030
12.85 151284
12.9 151538
12.95 151792
13 152046
13.05 152300
13.1 152553
13.15 152807
13.2 153061
13.25 153315
13.3 153569
13.35 153823
13.4 154076
13.45 154330
13.5 154584
13.55 154838
13.6 155092
13.65 155345
13.7 155599
13.75 155853
13.8 156107
13.85 156361
13.9 156614
13.95 156868
14 157122
14.05 157376
14.1 157630
14.15 157884
14.2 158137
14.25 158391
14.3 158645
14.35 158899
14.4 159153
14.45 159406
14.5 159660
14.55 159914
14.6 160168
14.65 160422
14.7 160675
14.75 160929
14.8 161183
14.85 161437
14.9 161691
14.95 161945
15 162198
15.05 162452
15.1 162706
15.15 162960
15.2 163214
15.25 163467
15.3 163721
15.35 163975
15.4 164229
15.45 164483
15.5 164736
15.55 164990
15.6 165244
15.65 165498
15.7 165752
15.75 166006
15.8 166259
15.85 166513
15.9 166767
15.95 167021
16 167275
16.05 167528
16.1 167782
16.15 168036
16.2 168290
16.25 168544
16.3 168797
16.35 169051
16.4 169305
16.45 169559
16.5 169813
16.55 170067
16.6 170320
16.65 170574
16.7 170828
16.75 171082
16.8 171336
16.85 171589
16.9 171843
16.95 172097
17 172351
17.05 172605
17.1 172858
17.15 173112
17.2 173366
17.25 173620
17.3 173874
17.35 174128
17.4 174381
17.45 174635
17.5 174889
17.55 175143
17.6 175397
17.65 175650
17.7 175904
17.75 176158
17.8 176412
17.85 176666
17.9 176919
17.95 177173
18 177427
18.05 177681
18.1 177935
18.15 178189
18.2 178442
18.25 178696
18.3 178950
18.35 179204
18.4 179458
18.45 179711
18.5 179965
18.55 180219
18.6 180473
18.65 180727
18.7 180980
18.75 181234
18.8 181488
18.85 181742
18.9 181989
18.95 182217
19 182424
19.05 182628
19.1 182832
19.15 183034
19.2 183221
19.25 183399
19.3 183578
19.35 183756
19.4 183934
19.45 184112
19.5 184290
19.55 184463
19.6 184624
19.65 184784
19.7 184945
19.75 185105
19.8 185266
19.85 185426
19.9 185586
19.95 185747
20 185907
20.05 186068
20.1 186228
20.15 186389
20.2 186549
20.25 186710
20.3 186868
20.35 187015
20.4 187162
20.45 187309
20.5 187456
20.55 187603
20.6 187750
20.65 187897
20.7 188044
20.75 188191
20.8 188338
20.85 188485
20.9 188632
20.95 188778
21 188925
21.05 189072
21.1 189219
21.15 189366
21.2 189513
21.25 189660
21.3 189807
21.35 189954
21.4 190101
21.45 190248
21.5 190395
21.55 190542
21.6 190688
21.65 190835
21.7 190982
21.75 191129
21.8 191276
21.85 191423
21.9 191570
21.95 191717
22 191854
22.05 191988
22.1 192123
22.15 192257
22.2 192391
22.25 192525
22.3 192660
22.35 192794
22.4 192928
22.45 193063
22.5 193197
22.55 193331
22.6 193465
22.65 193600
22.7 193734
22.75 193868
22.8 194002
22.85 194137
22.9 194271
22.95 194405
23 194539
23.05 194674
23.1 194808
23.15 194942
23.2 195076
23.25 195211
23.3 195345
23.35 195479
23.4 195613
23.45 195748
23.5 195882
23.55 196016
23.6 196151
23.65 196285
23.7 196419
23.75 196553
23.8 196688
23.85 196822
23.9 196956
23.95 197090
24 197225
24.05 197353
24.1 197456
24.15 197533
24.2 197583
24.25 197620
24.3 197656
24.35 197692
24.4 197728
24.45 197764
24.5 197801
24.55 197837
24.6 197873
24.65 197909
24.7 197946
24.75 197982
24.8 198018
24.85 198054
24.9 198091
24.95 198127
25 198163
25.05 198199
25.1 198236
25.15 198272
25.2 198308
25.25 198344
25.3 198380
25.35 198417
25.4 198453
25.45 198489
25.5 198525
25.55 198562
25.6 198598
25.65 198634
25.7 198670
25.75 198707
25.8 198743
25.85 198779
25.9 198815
25.95 198852
26 198888
26.05 198924
26.1 198960
26.15 198996
26.2 199033
26.25 199069
26.3 199105
26.35 199141
26.4 199178
26.45 199214
26.5 199250
26.55 199286
26.6 199322
26.65 199351
26.7 199375
26.75 199397
26.8 199420
26.85 199442
26.9 199464
26.95 199486
27 199509
27.05 199531
27.1 199553
27.15 199575
27.2 199598
27.25 199620
27.3 199642
27.35 199664
27.4 199687
27.45 199709
27.5 199731
27.55 199753
27.6 199775
27.65 199798
27.7 199820
27.75 199842
27.8 199864
27.85 199887
27.9 199909
27.95 199931
28 199953
28.05 199976
28.1 199998
28.15 200020
28.2 200042
28.25 200064
28.3 200087
28.35 200109
28.4 200131
28.45 200153
28.5 200176
28.55 200198
28.6 200220
28.65 200242
28.7 200265
28.75 200287
28.8 200309
28.85 200331
28.9 200353
28.95 200376
29 200398
29.05 200420
29.1 200442
29.15 200465
29.2 200487
29.25 200509
29.3 200531
29.35 200554
29.4 200576
29.45 200598
29.5 200620
29.55 200642
29.6 200665
29.65 200687
29.7 200709
29.75 200731
29.8 200754
29.85 200776
29.9 200798
29.95 200820
30 200843
30.05 200865
30.1 200887
30.15 200909
30.2 200931
30.25 200954
30.3 200976
30.35 200998
30.4 201020
30.45 201043
30.5 201065
30.55 201087
30.6 201109
30.65 201132
30.7 201154
30.75 201176
30.8 201198
30.85 201220
30.9 201243
30.95 201265
31 201287
31.05 201309
31.1 201332
31.15 201354
31.2 201376
31.25 201398
31.3 201421
31.35 201443
31.4 201465
31.45 201487
31.5 201509
31.55 201532
31.6 201554
31.65 201576
31.7 201598
31.75 201621
31.8 201643
31.85 201665
31.9 201687
31.95 201710
32 201732
32.05 201754
32.1 201776
32.15 201798
32.2 201821
32.25 201843
32.3 201865
32.35 201887
32.4 201910
32.45 201932
32.5 201954
32.55 201976
32.6 201999
32.65 202021
32.7 202043
32.75 202065
32.8 202087
32.85 202110
32.9 202132
32.95 202154
33 202176
33.05 202199
33.1 202221
33.15 202243
33.2 202265
33.25 202288
33.3 202310
33.35 202332
33.4 202354
33.45 202376
33.5 82431.8
33.55 84619
33.6 86507.9
33.65 88318.5
33.7 89834.8
33.75 91121.4
33.8 91881.8
33.85 92538.2
33.9 93087.7
33.95 93479.9
34 93512.6
34.05 93530.8
34.1 93549.1
34.15 93567.3
34.2 93585.5
34.25 93603.8
34.3 93622
34.35 93640.2
34.4 93658.5
34.45 93676.7
34.5 93694.9
34.55 93713.2
34.6 93731.4
34.65 93749.6
34.7 93767.9
34.75 93786.1
34.8 93804.3
34.85 93822.6
34.9 93840.8
34.95 93859
35 93877.3
35.05 93895.5
35.1 93913.7
35.15 93932
35.2 93950.2
35.25 93968.4
35.3 93986.7
35.35 94004.9
35.4 94023.1
35.45 94041.4
35.5 94059.6
35.55 94077.8
35.6 94096.1
35.65 94114.3
35.7 94132.5
35.75 94150.8
35.8 94169
35.85 94187.3
35.9 94205.5
35.95 94223.7
36 94242
36.05 94260.2
36.1 94278.4
36.15 94296.7
36.2 94314.9
36.25 94333.1
36.3 94351.4
36.35 94369.6
36.4 94387.8
36.45 94406.1
36.5 94424.3
36.55 94442.5
36.6 94460.8
36.65 94479
36.7 94497.2
36.75 94515.5
36.8 94533.7
36.85 94551.9
36.9 94570.2
36.95 94588.4
37 94606.6
37.05 94624.9
37.1 94643.1
37.15 94661.3
37.2 94679.6
37.25 94697.8
37.3 94716
37.35 94734.3
37.4 94752.5
37.45 94770.7
37.5 94789
37.55 94807.2
37.6 94825.4
37.65 94843.7
37.7 94861.9
37.75 94880.1
37.8 94898.4
37.85 94916.6
37.9 94934.8
37.95 94953.1
38 94971.3
38.05 94989.6
38.1 95007.8
38.15 95026
38.2 95044.3
38.25 95062.5
38.3 95080.7
38.35 95099
38.4 95117.2
38.45 95135.4
38.5 95153.7
38.55 95171.9
38.6 95190.1
38.65 95208.4
38.7 95226.6
38.75 95244.8
38.8 95263.1
38.85 95281.3
38.9 95299.5
38.95 95317.8
39 95336
39.05 95354.2
39.1 95372.5
39.15 95390.7
39.2 95408.9
39.25 95427.2
39.3 95445.4
39.35 95463.6
39.4 95481.9
39.45 95500.1
39.5 95518.3
39.55 95536.6
39.6 95554.8
39.65 95573
39.7 95591.3
39.75 95609.5
39.8 95627.7
39.85 95646
39.9 95664.2
39.95 95682.4
40 95700.7
40.05 95718.9
40.1 95737.1
40.15 95755.4
40.2 95773.6
40.25 95791.9
40.3 95810.1
40.35 95828.3
40.4 95846.6
40.45 95864.8
40.5 95883
40.55 95901.3
40.6 95919.5
40.65 95937.7
40.7 95956
40.75 95974.2
40.8 95992.4
40.85 96010.7
40.9 96028.9
40.95 96047.1
41 96065.4
41.05 96083.6
41.1 96101.8
41.15 96120.1
41.2 96138.3
41.25 96156.5
41.3 96174.8
41.35 96193
41.4 96211.2
41.45 96229.5
41.5 96247.7
41.55 96265.9
41.6 96284.2
41.65 96302.4
41.7 96320.6
41.75 96338.9
41.8 96357.1
41.85 96375.3
41.9 96393.6
41.95 96411.8
42 96430
42.05 96448.3
42.1 96466.5
42.15 96484.7
42.2 96503
42.25 96521.2
42.3 96539.4
42.35 96557.7
42.4 96575.9
42.45 96594.2
42.5 96612.4
42.55 96630.6
42.6 96648.9
42.65 96667.1
42.7 96685.3
42.75 96703.6
42.8 96721.8
42.85 96740
42.9 96758.3
42.95 96776.5
43 96794.7
43.05 96813
43.1 96831.2
43.15 96849.4
43.2 96867.7
43.25 96885.9
43.3 96904.1
43.35 96922.4
43.4 96940.6
43.45 96958.8
43.5 96977.1
43.55 96995.3
43.6 97013.5
43.65 97031.8
43.7 97050
43.75 97068.2
43.8 97086.5
43.85 97104.7
43.9 97122.9
43.95 97141.2
44 97159.4
44.05 97177.6
44.1 97195.9
44.15 97214.1
44.2 97232.3
44.25 97250.6
44.3 97268.8
44.35 97287
44.4 97305.3
44.45 97323.5
44.5 97341.7
44.55 97360
44.6 97378.2
44.65 97396.5
44.7 97414.7
44.75 97432.9
44.8 97451.2
44.85 97469.4
44.9 97487.6
44.95 97505.9
45 97524.1
45.05 97542.3
45.1 97560.6
45.15 97578.8
45.2 97597
45.25 97615.3
45.3 97633.5
45.35 97651.7
45.4 97670
45.45 97688.2
45.5 97706.4
45.55 97724.7
45.6 97742.9
45.65 97761.1
45.7 97779.4
45.75 97797.6
45.8 97815.8
45.85 97834.1
45.9 97852.3
45.95 97870.5
46 97888.8
46.05 97907
46.1 97925.2
46.15 97943.5
46.2 97961.7
46.25 97979.9
46.3 97998.2
46.35 98016.4
46.4 98034.6
46.45 98052.9
46.5 98071.1
46.55 98089.3
46.6 98107.6
46.65 98125.8
46.7 98144.1
46.75 98162.3
46.8 98180.5
46.85 98198.8
46.9 98217
46.95 98235.2
47 98253.5
47.05 98271.7
47.1 98289.9
47.15 98308.2
47.2 98326.4
47.25 98344.6
47.3 98362.9
47.35 98381.1
47.4 98399.3
47.45 98417.6
47.5 98435.8
47.55 98454
47.6 98472.3
47.65 98490.5
47.7 98508.7
47.75 98527
47.8 98545.2
47.85 98563.4
47.9 98581.7
47.95 98599.9
48 98618.1
48.05 98636.4
48.1 98654.6
48.15 98672.8
48.2 98691.1
48.25 98709.3
48.3 98727.5
48.35 98745.8
48.4 98764
48.45 98782.2
48.5 98800.5
48.55 98818.7
48.6 98836.9
48.65 98855.2
48.7 98873.4
48.75 98891.6
48.8 98909.9
48.85 98928.1
48.9 98946.4
48.95 98964.6
49 98982.8
49.05 99001.1
49.1 99019.3
49.15 99037.5
49.2 99055.8
49.25 99074
49.3 99092.2
49.35 99110.5
49.4 99128.7
49.45 99146.9
49.5 99165.2
49.55 99183.4
49.6 99201.6
49.65 99219.9
49.7 99238.1
49.75 99256.3
49.8 99274.6
49.85 99292.8
49.9 99311
49.95 99329.3
50 99347.5
50.05 99365.7
50.1 99384
50.15 99402.2
50.2 99420.4
50.25 99438.7
50.3 99456.9
50.35 99475.1
50.4 99493.4
50.45 99511.6
50.5 99529.8
50.55 99548.1
50.6 99566.3
50.65 99584.5
50.7 99602.8
50.75 99621
50.8 99639.2
50.85 99657.5
50.9 99675.7
50.95 99693.9
51 99712.2
51.05 99730.4
51.1 99748.7
51.15 99766.9
51.2 99785.1
51.25 99803.4
51.3 99821.6
51.35 99839.8
51.4 99858.1
51.45 99876.3
51.5 99894.5
51.55 99912.8
51.6 99931
51.65 99949.2
51.7 99967.5
51.75 99985.7
51.8 100004
51.85 100022
51.9 100040
51.95 100059
52 100077
52.05 100095
52.1 100113
52.15 100132
52.2 100150
52.25 100168
52.3 100186
52.35 100205
52.4 100223
52.45 100241
52.5 100259
52.55 100277
52.6 100296
52.65 100314
52.7 100332
52.75 100350
52.8 100369
52.85 100387
52.9 100405
52.95 100423
53 100442
53.05 100460
53.1 100478
53.15 100496
53.2 100514
53.25 100533
53.3 100551
53.35 100569
53.4 100587
53.45 100606
53.5 100624
53.55 100642
53.6 100660
53.65 100679
53.7 100697
53.75 100715
53.8 100733
53.85 100752
53.9 100770
53.95 100788
54 100806
54.05 100824
54.1 100843
54.15 100861
54.2 100879
54.25 100897
54.3 100916
54.35 100934
54.4 100952
54.45 100970
54.5 100989
54.55 101007
54.6 101025
54.65 101043
54.7 101062
54.75 101080
54.8 101098
54.85 101116
54.9 101134
54.95 101153
55 101171
55.05 101189
55.1 101207
55.15 101226
55.2 101244
55.25 101262
55.3 101280
55.35 101299
55.4 101317
55.45 101335
55.5 101353
55.55 101371
55.6 101390
55.65 101408
55.7 101426
55.75 101444
55.8 101463
55.85 101481
55.9 101499
55.95 101517
56 101536
56.05 101554
56.1 101572
56.15 101590
56.2 101609
56.25 101627
56.3 101645
56.35 101663
56.4 101681
56.45 101700
56.5 101718
56.55 101736
56.6 101754
56.65 101773
56.7 101791
56.75 101809
56.8 101827
56.85 101846
56.9 101864
56.95 101882
57 101900
57.05 101919
57.1 101937
57.15 101955
57.2 101973
57.25 101991
57.3 102010
57.35 102028
57.4 102046
57.45 102064
57.5 102083
57.55 102101
57.6 102119
57.65 102137
57.7 102156
57.75 102174
57.8 102192
57.85 102210
57.9 102228
57.95 102247
58 102265
58.05 102283
58.1 102301
58.15 102320
58.2 102338
58.25 102356
58.3 102374
58.35 102393
58.4 102411
58.45 102429
58.5 102447
58.55 102466
58.6 102484
58.65 102502
58.7 102520
58.75 102538
58.8 102557
58.85 102575
58.9 102593
58.95 102611
59 102630
59.05 102648
59.1 102666
59.15 102684
59.2 102703
59.25 102721
59.3 102739
59.35 102757
59.4 102776
59.45 102794
59.5 102812
59.55 102830
59.6 102848
59.65 102867
59.7 102885
59.75 102903
59.8 102921
59.85 102940
59.9 102958
59.95 102976
60 102994
