1.44 2.55 4.37 5.84 8.34 10.10 11.98 12.95 14.92 16.16
2.37 4.22 6.26 8.02 11.57 13.32 14.13 16.60 18.82 20.18
1.16 2.87 3.71 5.68 6.92 8.65 9.12 9.72 11.13 12.38
1.23 3.49 5.82 7.92 10.43 12.44 13.98 15.98 17.05 17.42
2.15 4.56 6.08 7.42 10.43 13.15 15.17 17.29 18.88 21.24
1.47 2.73 5.17 6.69 9.37 10.29 14.15 14.80 13.73 13.08
1.91 3.82 6.03 7.32 9.04 12.19 15.48 18.19 21.54 100.00
3.81 7.65 10.21 10.90 14.25 20.58 24.16 29.97 32.42 100.00
1.82 3.38 4.89 6.43 8.64 10.19 11.37 14.34 17.54 16.80
1.67 3.32 5.16 6.72 9.46 12.98 12.52 13.53 14.76 15.54
2.37 4.80 7.35 9.36 12.90 15.48 18.39 21.86 24.62 28.06
2.59 3.82 5.92 8.13 10.97 12.83 16.88 20.80 26.95 27.28
3.14 5.82 8.37 10.00 13.64 14.50 16.51 18.74 22.40 25.22
1.62 4.06 6.50 7.87 10.37 11.33 13.28 18.41 21.78 21.37
1.15 2.23 3.92 5.58 8.36 8.76 10.86 12.62 12.12 11.44
1.13 2.03 2.98 4.25 6.01 8.70 11.57 14.22 15.60 14.81
1.23 3.72 5.45 7.11 9.90 11.72 11.56 13.85 17.49 15.22
1.56 3.74 5.57 7.55 11.18 13.62 16.51 17.91 21.31 27.37
5.36 8.57 14.12 18.22 21.50 26.75 32.06 56.66 100.00 100.00
3.16 4.61 6.42 8.97 11.49 16.17 22.95 100.00 100.00 100.00
1.88 5.03 5.94 7.19 11.56 13.69 15.83 16.29 16.64 21.00
1.65 4.58 6.47 8.38 11.08 11.81 14.66 15.15 16.78 17.75
1.09 2.60 3.33 4.28 8.01 9.69 12.55 13.98 12.71 12.92
1.43 2.70 6.11 6.76 10.03 11.21 12.96 12.78 13.34 14.09
1.28 2.73 4.69 5.38 9.06 10.38 11.93 13.08 15.52 16.98
1.19 2.05 3.20 4.03 6.55 8.76 9.91 10.77 11.41 12.32
3.83 6.38 8.89 11.12 16.38 20.86 25.71 33.19 34.91 100.00
3.13 6.31 10.12 11.24 14.94 13.03 15.71 18.67 100.00 100.00
2.23 4.90 8.17 8.70 12.56 15.32 18.38 21.84 23.56 26.74
3.08 5.65 7.90 9.32 13.09 12.70 18.15 21.90 25.80 33.25
3.26 7.45 9.98 11.47 13.78 17.80 18.56 19.47 19.96 18.23
1.65 4.51 5.52 6.53 7.46 9.86 12.40 14.75 17.82 19.87
2.35 4.21 6.80 8.42 10.28 12.96 15.43 17.93 23.58 24.18
1.94 5.13 8.26 9.94 9.48 12.51 16.27 16.92 23.93 29.23
0.87 2.21 4.06 5.31 8.58 11.89 15.60 19.12 19.31 19.93
2.60 5.16 8.42 10.62 12.11 16.16 19.08 21.24 24.73 25.98
1.25 2.55 4.23 6.69 8.97 10.24 11.67 14.46 17.90 20.76
2.25 4.35 6.21 5.93 8.99 12.22 16.47 15.06 15.75 20.97
1.76 3.70 6.06 8.06 11.57 12.94 14.16 15.81 17.01 19.88
0.81 2.33 4.40 5.74 7.74 8.99 11.04 12.39 14.13 15.37
2.83 5.32 8.15 10.02 13.90 19.93 23.84 33.88 100.00 100.00
2.69 5.49 7.67 9.78 12.71 16.06 18.24 20.21 100.00 100.00
1.90 3.70 4.71 6.84 10.29 11.79 14.24 16.58 18.80 22.49
2.12 6.09 9.66 10.73 11.75 14.32 14.70 18.56 22.95 23.46
