# M62 3D pushover in Y: mass-proportional load, control node 1002
# control displacement (mm), base shear (N)
0 0
0.0499996 4815.31
0.0999996 9625.2
0.15 10546.1
0.2 11064.1
0.25 11551.9
0.3 12039.2
0.35 12525.9
0.4 13012.6
0.45 13499.2
0.5 13985.9
0.55 14469.8
0.6 14951.6
0.65 15433.4
0.7 15915.2
0.75 16397
0.8 16878.7
0.85 17360.5
0.9 17842.3
0.95 18324.1
1 18805.9
1.05 19287.6
1.1 19769.4
1.15 20251.2
1.2 20733
1.25 21214.8
1.3 21696.5
1.35 22178.3
1.4 22660.1
1.45 23141.9
1.5 23623.7
1.55 24105.4
1.6 24587.2
1.65 25069
1.7 25550.8
1.75 26032.6
1.8 26514.3
1.85 26996.1
1.9 27477.9
1.95 27959.7
2 28441.5
2.05 28923.2
2.1 29405
2.15 29886.8
2.2 30368.6
2.25 30850.4
2.3 31332.1
2.35 31813.9
2.4 32295.7
2.45 32777.5
2.5 33259.3
2.55 33741.1
2.6 34222.8
2.65 34704.6
2.7 35186.4
2.75 35668.2
2.8 36150
2.85 36631.7
2.9 37113.5
2.95 37595.3
3 38077.1
3.05 38558.9
3.1 39040.6
3.15 39522.4
3.2 40004.2
3.25 40486
3.3 40967.8
3.35 41449.5
3.4 41931.3
3.45 42413.1
3.5 42894.9
3.55 43376.7
3.6 43858.4
3.65 44340.2
3.7 44822
3.75 45303.8
3.8 45785.6
3.85 46267.3
3.9 46749.1
3.95 47230.9
4 47712.7
4.05 48194.5
4.1 48676.2
4.15 49158
4.2 49639.8
4.25 50121.6
4.3 50603.4
4.35 51085.1
4.4 51566.9
4.45 52048.7
4.5 52530.5
4.55 53012.3
4.6 53494
4.65 53975.8
4.7 54457.6
4.75 54939.4
4.8 55421.2
4.85 55902.9
4.9 56384.7
4.95 56866.5
5 57348.3
5.05 57830.1
5.1 58311.8
5.15 58793.6
5.2 59275.4
5.25 59757.2
5.3 60239
5.35 60720.7
5.4 61202.5
5.45 61684.3
5.5 62166.1
5.55 62647.9
5.6 63129.6
5.65 63611.4
5.7 64093.2
5.75 64575
5.8 65056.8
5.85 65538.5
5.9 66020.3
5.95 66502.1
6 66983.9
6.05 67465.7
6.1 67947.4
6.15 68429.2
6.2 68911
6.25 69392.8
6.3 69874.6
6.35 70356.3
6.4 70838.1
6.45 71319.9
6.5 71801.7
6.55 72283.5
6.6 72765.2
6.65 73247
6.7 73728.8
6.75 74210.6
6.8 74692.4
6.85 75174.1
6.9 75655.9
6.95 76137.7
7 76619.5
7.05 77101.3
7.1 77583
7.15 78064.8
7.2 78546.6
7.25 79028.4
7.3 79510.2
7.35 79991.9
7.4 80473.7
7.45 80955.5
7.5 81437.3
7.55 81919.1
7.6 82400.8
7.65 82882.6
7.7 83364.4
7.75 83846.2
7.8 84328
7.85 84809.7
7.9 85291.5
7.95 85773.3
8 86255.1
8.05 86736.9
8.1 87218.6
8.15 87700.4
8.2 88182.2
8.25 88664
8.3 89145.8
8.35 89627.5
8.4 90109.3
8.45 90591.1
8.5 91072.9
8.55 91554.7
8.6 92036.4
8.65 92518.2
8.7 93000
8.75 93481.8
8.8 93963.6
8.85 94445.3
8.9 94927.1
8.95 95408.9
9 95890.7
9.05 96372.5
9.1 96854.2
9.15 97336
9.2 97817.8
9.25 98299.6
9.3 98781.4
9.35 99263.1
9.4 99744.9
9.45 100227
9.5 100707
9.55 101184
9.6 101661
9.65 102138
9.7 102615
9.75 103092
9.8 103570
9.85 104047
9.9 104524
9.95 105000
10 105476
10.05 105952
10.1 106427
10.15 106903
10.2 107375
10.25 107844
10.3 108314
10.35 108783
10.4 109251
10.45 109720
10.5 110182
10.55 110639
10.6 111096
10.65 111553
10.7 112010
10.75 112467
10.8 112924
10.85 113380
10.9 113837
10.95 114294
11 114751
11.05 115208
11.1 115665
11.15 116122
11.2 116577
11.25 117032
11.3 117487
11.35 117942
11.4 118396
11.45 118851
11.5 119306
11.55 119761
11.6 120215
11.65 120670
11.7 121125
11.75 121579
11.8 122034
11.85 122489
11.9 122943
11.95 123398
12 123852
12.05 124167
12.1 124399
12.15 124631
12.2 124864
12.25 125096
12.3 125328
12.35 125561
12.4 125793
12.45 126025
12.5 126257
12.55 126490
12.6 126722
12.65 126954
12.7 127187
12.75 127419
12.8 127651
12.85 127883
12.9 128116
12.95 128348
13 128580
13.05 128813
13.1 129045
13.15 129277
13.2 129509
13.25 129742
13.3 129974
13.35 130206
13.4 130439
13.45 130671
13.5 130903
13.55 131135
13.6 131368
13.65 131600
13.7 131832
13.75 132065
13.8 132297
13.85 132529
13.9 132761
13.95 132994
14 133226
14.05 133458
14.1 133691
14.15 133923
14.2 134155
14.25 134388
14.3 134620
14.35 134852
14.4 135084
14.45 135317
14.5 135549
14.55 135781
14.6 136013
14.65 136245
14.7 136476
14.75 136708
14.8 136939
14.85 137171
14.9 137403
14.95 137634
15 137866
15.05 138097
15.1 138329
15.15 138560
15.2 138791
15.25 139022
15.3 139253
15.35 139484
15.4 139715
15.45 139946
15.5 140177
15.55 140408
15.6 140639
15.65 140870
15.7 141101
15.75 141332
15.8 141563
15.85 141794
15.9 142025
15.95 142256
16 142487
16.05 142718
16.1 142949
16.15 143180
16.2 143411
16.25 143642
16.3 143873
16.35 144104
16.4 144335
16.45 144566
16.5 144797
16.55 145028
16.6 145259
16.65 145490
16.7 145721
16.75 145952
16.8 146183
16.85 146414
16.9 146645
16.95 146876
17 147106
17.05 147337
17.1 147568
17.15 147799
17.2 148030
17.25 148254
17.3 148466
17.35 148677
17.4 148889
17.45 149100
17.5 149312
17.55 149523
17.6 149735
17.65 149946
17.7 150158
17.75 150369
17.8 150581
17.85 150792
17.9 151004
17.95 151205
18 151373
18.05 151540
18.1 151708
18.15 151875
18.2 152043
18.25 152210
18.3 152378
18.35 152545
18.4 152713
18.45 152880
18.5 153048
18.55 153215
18.6 153383
18.65 153541
18.7 153690
18.75 153826
18.8 153963
18.85 154099
18.9 154235
18.95 154371
19 154507
19.05 154643
19.1 154779
19.15 154916
19.2 155052
19.25 155188
19.3 155324
19.35 155460
19.4 155596
19.45 155732
19.5 155868
19.55 156005
19.6 156141
19.65 156277
19.7 156413
19.75 156548
19.8 156674
19.85 156800
19.9 156927
19.95 157053
20 157180
20.05 157306
20.1 157432
20.15 157559
20.2 157685
20.25 157812
20.3 157938
20.35 158065
20.4 158191
20.45 158317
20.5 158444
20.55 158570
20.6 158697
20.65 158823
20.7 158949
20.75 159076
20.8 159202
20.85 159329
20.9 159455
20.95 159581
21 159708
21.05 159834
21.1 159961
21.15 160087
21.2 160213
21.25 160340
21.3 160466
21.35 160593
21.4 160719
21.45 160845
21.5 160972
21.55 161098
21.6 161225
21.65 161351
21.7 161478
21.75 161604
21.8 161730
21.85 161857
21.9 161983
21.95 162108
22 162229
22.05 162350
22.1 162472
22.15 162593
22.2 162714
22.25 162835
22.3 162957
22.35 163078
22.4 163199
22.45 163320
22.5 163442
22.55 163563
22.6 163684
22.65 163805
22.7 163927
22.75 164048
22.8 164169
22.85 164290
22.9 164404
22.95 164515
23 164627
23.05 164739
23.1 164850
23.15 164962
23.2 165074
23.25 165185
23.3 165297
23.35 165409
23.4 165521
23.45 165632
23.5 165744
23.55 165856
23.6 165967
23.65 166079
23.7 166191
23.75 166302
23.8 166414
23.85 166526
23.9 166638
23.95 166749
24 166861
24.05 166928
24.1 166967
24.15 167005
24.2 167042
24.25 167080
24.3 167117
24.35 167155
24.4 167193
24.45 167230
24.5 167268
24.55 167305
24.6 167343
24.65 167381
24.7 167418
24.75 167456
24.8 167494
24.85 167531
24.9 167569
24.95 167606
25 167644
25.05 167682
25.1 167719
25.15 167757
25.2 167794
25.25 167832
25.3 167870
25.35 167907
25.4 167945
25.45 167982
25.5 168020
25.55 168058
25.6 168095
25.65 168133
25.7 168171
25.75 168208
25.8 168246
25.85 168283
25.9 168321
25.95 168359
26 168396
26.05 168434
26.1 168471
26.15 168509
26.2 168547
26.25 168584
26.3 168622
26.35 168660
26.4 168697
26.45 168735
26.5 168772
26.55 168810
26.6 168848
26.65 168885
26.7 168923
26.75 168960
26.8 168998
26.85 169036
26.9 169073
26.95 169111
27 169148
27.05 169186
27.1 169224
27.15 169261
27.2 169299
27.25 169337
27.3 169374
27.35 169412
27.4 169449
27.45 169487
27.5 169525
27.55 169562
27.6 169600
27.65 169637
27.7 169675
27.75 169713
27.8 169750
27.85 169788
27.9 169826
27.95 169863
28 169901
28.05 169938
28.1 169976
28.15 170014
28.2 170051
28.25 170089
28.3 170126
28.35 170164
28.4 170202
28.45 170239
28.5 170277
28.55 170314
28.6 170352
28.65 170390
28.7 170427
28.75 170465
28.8 170503
28.85 170540
28.9 170578
28.95 170615
29 170653
29.05 170691
29.1 170728
29.15 170766
29.2 170803
29.25 170841
29.3 170879
29.35 170916
29.4 170954
29.45 170992
29.5 171029
29.55 171067
29.6 171104
29.65 171142
29.7 171180
29.75 171217
29.8 171255
29.85 171292
29.9 171330
29.95 171368
30 171405
30.05 171443
30.1 171480
30.15 171518
30.2 171556
30.25 171593
30.3 171631
30.35 171669
30.4 171706
30.45 171744
30.5 171781
30.55 171819
30.6 171857
30.65 171894
30.7 171932
30.75 171969
30.8 172007
30.85 172045
30.9 172082
30.95 172120
31 172158
31.05 172195
31.1 172233
31.15 172270
31.2 172308
31.25 172346
31.3 172383
31.35 172421
31.4 172458
31.45 172496
31.5 172534
31.55 172571
31.6 172609
31.65 172646
31.7 172684
31.75 172722
31.8 172756
31.85 172781
31.9 172806
31.95 172832
32 172857
32.05 172882
32.1 172907
32.15 45119.6
32.2 46076.1
32.25 47032.6
32.3 47989.1
32.35 48755.9
32.4 49464.2
32.45 50172.5
32.5 50755.2
32.55 51243.3
32.6 51632.7
32.65 51736.6
32.7 51746.8
32.75 51756.9
32.8 51767.1
32.85 51777.2
32.9 51787.4
32.95 51797.5
33 51807.7
33.05 51817.8
33.1 51828
33.15 51838.1
33.2 51848.3
33.25 51858.4
33.3 51868.6
33.35 51878.7
33.4 51888.9
33.45 51899
33.5 51909.2
33.55 51919.4
33.6 51929.5
33.65 51939.7
33.7 51949.8
33.75 51960
33.8 51970.1
33.85 51980.3
33.9 51990.4
33.95 52000.6
34 52010.7
34.05 52020.9
34.1 52031
34.15 52041.2
34.2 52051.3
34.25 52061.5
34.3 52071.6
34.35 52081.8
34.4 52091.9
34.45 52102.1
34.5 52112.2
34.55 52122.4
34.6 52132.5
34.65 52142.7
34.7 52152.8
34.75 52163
34.8 52173.1
34.85 52183.3
34.9 52193.4
34.95 52203.6
35 52213.7
35.05 52223.9
35.1 52234
35.15 52244.2
35.2 52254.3
35.25 52264.5
35.3 52274.6
35.35 52284.8
35.4 52294.9
35.45 52305.1
35.5 52315.2
35.55 52325.4
35.6 52335.5
35.65 52345.7
35.7 52355.8
35.75 52366
35.8 52376.1
35.85 52386.3
35.9 52396.4
35.95 52406.6
36 52416.7
36.05 52426.9
36.1 52437
36.15 52447.2
36.2 52457.3
36.25 52467.5
36.3 52477.6
36.35 52487.8
36.4 52497.9
36.45 52508.1
36.5 52518.2
36.55 52528.4
36.6 52538.5
36.65 52548.7
36.7 52558.8
36.75 52569
36.8 52579.1
36.85 52589.3
36.9 52599.4
36.95 52609.6
37 52619.7
37.05 52629.9
37.1 52640
37.15 52650.2
37.2 52660.3
37.25 52670.5
37.3 52680.6
37.35 52690.8
37.4 52700.9
37.45 52711.1
37.5 52721.2
37.55 52731.4
37.6 52741.5
37.65 52751.7
37.7 52761.9
37.75 52772
37.8 52782.2
37.85 52792.3
37.9 52802.5
37.95 52812.6
38 52822.8
38.05 52832.9
38.1 52843.1
38.15 52853.2
38.2 52863.4
38.25 52873.5
38.3 52883.7
38.35 52893.8
38.4 52904
38.45 52914.1
38.5 52924.3
38.55 52934.4
38.6 52944.6
38.65 52954.7
38.7 52964.9
38.75 52975
38.8 52985.2
38.85 52995.3
38.9 53005.5
38.95 53015.6
39 53025.8
39.05 53035.9
39.1 53046.1
39.15 53056.2
39.2 53066.4
39.25 53076.5
39.3 53086.7
39.35 53096.8
39.4 53107
39.45 53117.1
39.5 53127.3
39.55 53137.4
39.6 53147.6
39.65 53157.7
39.7 53167.9
39.75 53178
39.8 53188.2
39.85 53198.3
39.9 53208.5
39.95 53218.6
40 53228.8
40.05 53238.9
40.1 53249.1
40.15 53259.2
40.2 53269.4
40.25 53279.5
40.3 53289.7
40.35 53299.8
40.4 53310
40.45 53320.1
40.5 53330.3
40.55 53340.4
40.6 53350.6
40.65 53360.7
40.7 53370.9
40.75 53381
40.8 53391.2
40.85 53401.3
40.9 53411.5
40.95 53421.6
41 53431.8
41.05 53441.9
41.1 53452.1
41.15 53462.2
41.2 53472.4
41.25 53482.5
41.3 53492.7
41.35 53502.8
41.4 53513
41.45 53523.1
41.5 53533.3
41.55 53543.4
41.6 53553.6
41.65 53563.7
41.7 53573.9
41.75 53584
41.8 53594.2
41.85 53604.4
41.9 53614.5
41.95 53624.7
42 53634.8
42.05 53645
42.1 53655.1
42.15 53665.3
42.2 53675.4
42.25 53685.6
42.3 53695.7
42.35 53705.9
42.4 53716
42.45 53726.2
42.5 53736.3
42.55 53746.5
42.6 53756.6
42.65 53766.8
42.7 53776.9
42.75 53787.1
42.8 53797.2
42.85 53807.4
42.9 53817.5
42.95 53827.7
43 53837.8
43.05 53848
43.1 53858.1
43.15 53868.3
43.2 53878.4
43.25 53888.6
43.3 53898.7
43.35 53908.9
43.4 53919
43.45 53929.2
43.5 53939.3
43.55 53949.5
43.6 53959.6
43.65 53969.8
43.7 53979.9
43.75 53990.1
43.8 54000.2
43.85 54010.4
43.9 54020.5
43.95 54030.7
44 54040.8
44.05 54051
44.1 54061.1
44.15 54071.3
44.2 54081.4
44.25 54091.6
44.3 54101.7
44.35 54111.9
44.4 54122
44.45 54132.2
44.5 54142.3
44.55 54152.5
44.6 54162.6
44.65 54172.8
44.7 54182.9
44.75 54193.1
44.8 54203.2
44.85 54213.4
44.9 54223.5
44.95 54233.7
45 54243.8
45.05 54254
45.1 54264.1
45.15 54274.3
45.2 54284.4
45.25 54294.6
45.3 54304.7
45.35 54314.9
45.4 54325
45.45 54335.2
45.5 54345.3
45.55 54355.5
45.6 54365.6
45.65 54375.8
45.7 54385.9
45.75 54396.1
45.8 54406.2
45.85 54416.4
45.9 54426.6
45.95 54436.7
46 54446.9
46.05 54457
46.1 54467.2
46.15 54477.3
46.2 54487.5
46.25 54497.6
46.3 54507.8
46.35 54517.9
46.4 54528.1
46.45 54538.2
46.5 54548.4
46.55 54558.5
46.6 54568.7
46.65 54578.8
46.7 54589
46.75 54599.1
46.8 54609.3
46.85 54619.4
46.9 54629.6
46.95 54639.7
47 54649.9
47.05 54660
47.1 54670.2
47.15 54680.3
47.2 54690.5
47.25 54700.6
47.3 54710.8
47.35 54720.9
47.4 54731.1
47.45 54741.2
47.5 54751.4
47.55 54761.5
47.6 54771.7
47.65 54781.8
47.7 54792
47.75 54802.1
47.8 54812.3
47.85 54822.4
47.9 54832.6
47.95 54842.7
48 54852.9
48.05 54863
48.1 54873.2
48.15 54883.3
48.2 54893.5
48.25 54903.6
48.3 54913.8
48.35 54923.9
48.4 54934.1
48.45 54944.2
48.5 54954.4
48.55 54964.5
48.6 54974.7
48.65 54984.8
48.7 54995
48.75 55005.1
48.8 55015.3
48.85 55025.4
48.9 55035.6
48.95 55045.7
49 55055.9
49.05 55066
49.1 55076.2
49.15 55086.3
49.2 55096.5
49.25 55106.6
49.3 55116.8
49.35 55126.9
49.4 55137.1
49.45 55147.2
49.5 55157.4
49.55 55167.5
49.6 55177.7
49.65 55187.8
49.7 55198
49.75 55208.1
49.8 55218.3
49.85 55228.4
49.9 55238.6
49.95 55248.7
50 55258.9
50.05 55269.1
50.1 55279.2
50.15 55289.4
50.2 55299.5
50.25 55309.7
50.3 55319.8
50.35 55330
50.4 55340.1
50.45 55350.3
50.5 55360.4
50.55 55370.6
50.6 55380.7
50.65 55390.9
50.7 55401
50.75 55411.2
50.8 55421.3
50.85 55431.5
50.9 55441.6
50.95 55451.8
51 55461.9
51.05 55472.1
51.1 55482.2
51.15 55492.4
51.2 55502.5
51.25 55512.7
51.3 55522.8
51.35 55533
51.4 55543.1
51.45 55553.3
51.5 55563.4
51.55 55573.6
51.6 55583.7
51.65 55593.9
51.7 55604
51.75 55614.2
51.8 55624.3
51.85 55634.5
51.9 55644.6
51.95 55654.8
52 55664.9
52.05 55675.1
52.1 55685.2
52.15 55695.4
52.2 55705.5
52.25 55715.7
52.3 55725.8
52.35 55736
52.4 55746.1
52.45 55756.3
52.5 55766.4
52.55 55776.6
52.6 55786.7
52.65 55796.9
52.7 55807
52.75 55817.2
52.8 55827.3
52.85 55837.5
52.9 55847.6
52.95 55857.8
53 55867.9
53.05 55878.1
53.1 55888.2
53.15 55898.4
53.2 55908.5
53.25 55918.7
53.3 55928.8
53.35 55939
53.4 55949.1
53.45 55959.3
53.5 55969.4
53.55 55979.6
53.6 55989.7
53.65 55999.9
53.7 56010
53.75 56020.2
53.8 56030.3
53.85 56040.5
53.9 56050.6
53.95 56060.8
54 56070.9
54.05 56081.1
54.1 56091.3
54.15 56101.4
54.2 56111.6
54.25 56121.7
54.3 56131.9
54.35 56142
54.4 56152.2
54.45 56162.3
54.5 56172.5
54.55 56182.6
54.6 56192.8
54.65 56202.9
54.7 56213.1
54.75 56223.2
54.8 56233.4
54.85 56243.5
54.9 56253.7
54.95 56263.8
55 56274
55.05 56284.1
55.1 56294.3
55.15 56304.4
55.2 56314.6
55.25 56324.7
55.3 56334.9
55.35 56345
55.4 56355.2
55.45 56365.3
55.5 56375.5
55.55 56385.6
55.6 56395.8
55.65 56405.9
55.7 56416.1
55.75 56426.2
55.8 56436.4
55.85 56446.5
55.9 56456.7
55.95 56466.8
56 56477
56.05 56487.1
56.1 56497.3
56.15 56507.4
56.2 56517.6
56.25 56527.7
56.3 56537.9
56.35 56548
56.4 56558.2
56.45 56568.3
56.5 56578.5
56.55 56588.6
56.6 56598.8
56.65 56608.9
56.7 56619.1
56.75 56629.2
56.8 56639.4
56.85 56649.5
56.9 56659.7
56.95 56669.8
57 56680
57.05 56690.1
57.1 56700.3
57.15 56710.4
57.2 56720.6
57.25 56730.7
57.3 56740.9
57.35 56751
57.4 56761.2
57.45 56771.3
57.5 56781.5
57.55 56791.6
57.6 56801.8
57.65 56811.9
57.7 56822.1
57.75 56832.2
57.8 56842.4
57.85 56852.5
57.9 56862.7
57.95 56872.8
58 56883
58.05 56893.1
58.1 56903.3
58.15 56913.4
58.2 56923.6
58.25 56933.8
58.3 56943.9
58.35 56954.1
58.4 56964.2
58.45 56974.4
58.5 56984.5
58.55 56994.7
58.6 57004.8
58.65 57015
58.7 57025.1
58.75 57035.3
58.8 57045.4
58.85 57055.6
58.9 57065.7
58.95 57075.9
59 57086
59.05 57096.2
59.1 57106.3
59.15 57116.5
59.2 57126.6
59.25 57136.8
59.3 57146.9
59.35 57157.1
59.4 57167.2
59.45 57177.4
59.5 57187.5
59.55 57197.7
59.6 57207.8
59.65 57218
59.7 57228.1
59.75 57238.3
59.8 57248.4
59.85 57258.6
59.9 57268.7
59.95 57278.9
60 57289
