# M62 3D pushover in X: mass-proportional load, control node 1003
# control displacement (mm), base shear (N)
0 0
0.0499999 5183.9
0.0999999 10324.2
0.15 11073
0.2 11767.9
0.25 12280.5
0.3 12793.2
0.35 13305.9
0.4 13818.6
0.45 14331.2
0.5 14843.9
0.55 15356.6
0.6 15869.2
0.65 16381.9
0.7 16894.6
0.75 17407.2
0.8 17919.9
0.85 18432.6
0.9 18945.3
0.95 19457.9
1 19970.6
1.05 20483.3
1.1 20995.9
1.15 21508.6
1.2 22021.3
1.25 22533.9
1.3 23046.6
1.35 23559.3
1.4 24071.9
1.45 24584.6
1.5 25097.3
1.55 25610
1.6 26122.6
1.65 26635.3
1.7 27148
1.75 27660.6
1.8 28173.3
1.85 28686
1.9 29198.6
1.95 29711.3
2 30224
2.05 30736.6
2.1 31249.3
2.15 31762
2.2 32274.7
2.25 32787.3
2.3 33300
2.35 33812.7
2.4 34325.3
2.45 34838
2.5 35350.7
2.55 35863.3
2.6 36376
2.65 36888.7
2.7 37401.4
2.75 37914
2.8 38426.7
2.85 38939.4
2.9 39452
2.95 39964.7
3 40477.4
3.05 40990
3.1 41502.7
3.15 42015.4
3.2 42528
3.25 43040.7
3.3 43553.4
3.35 44066.1
3.4 44578.7
3.45 45091.4
3.5 45604.1
3.55 46116.7
3.6 46629.4
3.65 47142.1
3.7 47654.7
3.75 48167.4
3.8 48680.1
3.85 49192.7
3.9 49705.4
3.95 50218.1
4 50730.8
4.05 51243.4
4.1 51756.1
4.15 52268.8
4.2 52781.4
4.25 53294.1
4.3 53806.8
4.35 54319.4
4.4 54832.1
4.45 55344.8
4.5 55857.5
4.55 56370.1
4.6 56882.8
4.65 57395.5
4.7 57908.1
4.75 58420.8
4.8 58933.5
4.85 59446.1
4.9 59958.8
4.95 60471.5
5 60984.1
5.05 61496.8
5.1 62009.5
5.15 62522.2
5.2 63034.8
5.25 63547.5
5.3 64060.2
5.35 64572.8
5.4 65085.5
5.45 65598.2
5.5 66110.8
5.55 66623.5
5.6 67136.2
5.65 67648.8
5.7 68161.5
5.75 68674.2
5.8 69186.9
5.85 69699.5
5.9 70212.2
5.95 70724.9
6 71237.5
6.05 71750.2
6.1 72262.9
6.15 72775.5
6.2 73288.2
6.25 73800.9
6.3 74313.5
6.35 74826.2
6.4 75338.9
6.45 75851.6
6.5 76364.2
6.55 76876.9
6.6 77389.6
6.65 77902.2
6.7 78414.9
6.75 78927.6
6.8 79440.2
6.85 79952.9
6.9 80465.6
6.95 80978.3
7 81490.9
7.05 82003.6
7.1 82516.3
7.15 83028.9
7.2 83541.6
7.25 84054.3
7.3 84566.9
7.35 85079.6
7.4 85592.3
7.45 86104.9
7.5 86617.6
7.55 87130.3
7.6 87643
7.65 88155.6
7.7 88668.3
7.75 89181
7.8 89693.6
7.85 90206.3
7.9 90719
7.95 91231.6
8 91744.3
8.05 92257
8.1 92769.6
8.15 93282.3
8.2 93795
8.25 94307.7
8.3 94820.3
8.35 95333
8.4 95845.7
8.45 96358.3
8.5 96871
8.55 97383.7
8.6 97896.3
8.65 98409
8.7 98921.7
8.75 99434.4
8.8 99947
8.85 100460
8.9 100970
8.95 101481
9 101991
9.05 102502
9.1 103012
9.15 103522
9.2 104033
9.25 104543
9.3 105053
9.35 105564
9.4 106074
9.45 106584
9.5 107094
9.55 107603
9.6 108113
9.65 108617
9.7 109120
9.75 109623
9.8 110126
9.85 110629
9.9 111132
9.95 111635
10 112138
10.05 112641
10.1 113144
10.15 113646
10.2 114149
10.25 114651
10.3 115154
10.35 115657
10.4 116159
10.45 116662
10.5 117164
10.55 117667
10.6 118169
10.65 118672
10.7 119174
10.75 119676
10.8 120166
10.85 120655
10.9 121144
10.95 121633
11 122122
11.05 122611
11.1 123100
11.15 123589
11.2 124078
11.25 124567
11.3 125056
11.35 125545
11.4 126034
11.45 126523
11.5 127012
11.55 127501
11.6 127990
11.65 128478
11.7 128967
11.75 129456
11.8 129945
11.85 130434
11.9 130923
11.95 131412
12 131851
12.05 132096
12.1 132327
12.15 132559
12.2 132790
12.25 133022
12.3 133254
12.35 133485
12.4 133717
12.45 133948
12.5 134180
12.55 134411
12.6 134643
12.65 134874
12.7 135106
12.75 135337
12.8 135569
12.85 135801
12.9 136032
12.95 136264
13 136495
13.05 136727
13.1 136958
13.15 137190
13.2 137421
13.25 137653
13.3 137884
13.35 138116
13.4 138348
13.45 138579
13.5 138811
13.55 139042
13.6 139274
13.65 139505
13.7 139737
13.75 139968
13.8 140200
13.85 140431
13.9 140663
13.95 140894
14 141126
14.05 141358
14.1 141589
14.15 141821
14.2 142052
14.25 142284
14.3 142515
14.35 142747
14.4 142978
14.45 143210
14.5 143441
14.55 143673
14.6 143905
14.65 144136
14.7 144368
14.75 144599
14.8 144831
14.85 145062
14.9 145294
14.95 145525
15 145757
15.05 145988
15.1 146220
15.15 146452
15.2 146683
15.25 146915
15.3 147146
15.35 147378
15.4 147609
15.45 147841
15.5 148072
15.55 148304
15.6 148535
15.65 148767
15.7 148998
15.75 149230
15.8 149462
15.85 149693
15.9 149925
15.95 150156
16 150388
16.05 150619
16.1 150851
16.15 151082
16.2 151312
16.25 151533
16.3 151755
16.35 151977
16.4 152198
16.45 152420
16.5 152642
16.55 152863
16.6 153085
16.65 153307
16.7 153528
16.75 153750
16.8 153971
16.85 154193
16.9 154415
16.95 154636
17 154858
17.05 155080
17.1 155301
17.15 155523
17.2 155744
17.25 155966
17.3 156188
17.35 156409
17.4 156631
17.45 156853
17.5 157048
17.55 157238
17.6 157425
17.65 157600
17.7 157776
17.75 157952
17.8 158127
17.85 158303
17.9 158478
17.95 158654
18 158829
18.05 159005
18.1 159181
18.15 159356
18.2 159532
18.25 159707
18.3 159883
18.35 160058
18.4 160234
18.45 160410
18.5 160585
18.55 160761
18.6 160936
18.65 161084
18.7 161207
18.75 161329
18.8 161452
18.85 161551
18.9 161640
18.95 161730
19 161819
19.05 161908
19.1 161997
19.15 162086
19.2 162175
19.25 162264
19.3 162353
19.35 162442
19.4 162532
19.45 162621
19.5 162710
19.55 162799
19.6 162888
19.65 162977
19.7 163066
19.75 163155
19.8 163244
19.85 163334
19.9 163423
19.95 163512
20 163601
20.05 163690
20.1 163779
20.15 163868
20.2 163957
20.25 164046
20.3 164135
20.35 164225
20.4 164314
20.45 164403
20.5 164492
20.55 164581
20.6 164670
20.65 164759
20.7 164848
20.75 164937
20.8 165027
20.85 165116
20.9 165205
20.95 165294
21 165383
21.05 165472
21.1 165561
21.15 165650
21.2 165739
21.25 165829
21.3 165918
21.35 166007
21.4 166096
21.45 166185
21.5 166274
21.55 166363
21.6 166452
21.65 166541
21.7 166631
21.75 166720
21.8 166809
21.85 166898
21.9 166987
21.95 167076
22 167165
22.05 167254
22.1 167343
22.15 167433
22.2 167522
22.25 167611
22.3 167700
22.35 167789
22.4 167878
22.45 167967
22.5 168056
22.55 168145
22.6 168235
22.65 168324
22.7 168413
22.75 168502
22.8 168591
22.85 168680
22.9 168769
22.95 168858
23 168947
23.05 169036
23.1 169126
23.15 169215
23.2 169304
23.25 169393
23.3 169482
23.35 169571
23.4 169660
23.45 169749
23.5 169838
23.55 169928
23.6 170017
23.65 170106
23.7 170195
23.75 170284
23.8 170373
23.85 170462
23.9 170551
23.95 170640
24 170722
24.05 170756
24.1 170775
24.15 170795
24.2 170814
24.25 170834
24.3 170853
24.35 170873
24.4 170892
24.45 170912
24.5 170931
24.55 170951
24.6 170970
24.65 79276.4
24.7 80977.3
24.75 82678.1
24.8 84162
24.85 85513.6
24.9 86620.5
24.95 87575.2
25 88244.1
25.05 88859
25.1 89286.2
25.15 89383.4
25.2 89399.9
25.25 89416.4
25.3 89432.9
25.35 89449.4
25.4 89465.9
25.45 89482.4
25.5 89498.9
25.55 89515.4
25.6 89531.9
25.65 89548.4
25.7 89564.9
25.75 89581.4
25.8 89597.9
25.85 89614.4
25.9 89630.9
25.95 80573.9
26 80590.2
26.05 80606.4
26.1 80622.6
26.15 80638.8
26.2 80655.1
26.25 80671.3
26.3 80687.5
26.35 80703.7
26.4 80720
26.45 80736.2
26.5 80752.4
26.55 80768.6
26.6 80784.8
26.65 80801.1
26.7 80817.3
26.75 80833.5
26.8 80849.7
26.85 80866
26.9 80882.2
26.95 80898.4
27 80914.6
27.05 80930.9
27.1 80947.1
27.15 80963.3
27.2 80979.5
27.25 80995.8
27.3 81012
27.35 81028.2
27.4 81044.4
27.45 81060.7
27.5 81076.9
27.55 81093.1
27.6 81109.3
27.65 81125.5
27.7 81141.8
27.75 81158
27.8 81174.2
27.85 81190.4
27.9 81206.7
27.95 81222.9
28 81239.1
28.05 81255.3
28.1 81271.6
28.15 81287.8
28.2 81304
28.25 81320.2
28.3 81336.5
28.35 81352.7
28.4 81368.9
28.45 81385.1
28.5 81401.3
28.55 81417.6
28.6 81433.8
28.65 81450
28.7 81466.2
28.75 81482.5
28.8 81498.7
28.85 81514.9
28.9 81531.1
28.95 81547.4
29 81563.6
29.05 81579.8
29.1 81596
29.15 81612.3
29.2 81628.5
29.25 81644.7
29.3 81660.9
29.35 81677.2
29.4 81693.4
29.45 81709.6
29.5 81725.8
29.55 81742
29.6 81758.3
29.65 81774.5
29.7 81790.7
29.75 81806.9
29.8 81823.2
29.85 81839.4
29.9 81855.6
29.95 81871.8
30 81888.1
30.05 81904.3
30.1 81920.5
30.15 81936.7
30.2 81953
30.25 81969.2
30.3 81985.4
30.35 82001.6
30.4 82017.9
30.45 82034.1
30.5 82050.3
30.55 82066.5
30.6 82082.7
30.65 82099
30.7 82115.2
30.75 82131.4
30.8 82147.6
30.85 82163.9
30.9 82180.1
30.95 82196.3
31 82212.5
31.05 82228.8
31.1 82245
31.15 82261.2
31.2 82277.4
31.25 82293.7
31.3 82309.9
31.35 82326.1
31.4 82342.3
31.45 82358.5
31.5 82374.8
31.55 82391
31.6 82407.2
31.65 82423.4
31.7 82439.7
31.75 82455.9
31.8 82472.1
31.85 82488.3
31.9 82504.6
31.95 82520.8
32 82537
32.05 82553.2
32.1 82569.5
32.15 82585.7
32.2 82601.9
32.25 82618.1
32.3 82634.4
32.35 82650.6
32.4 82666.8
32.45 82683
32.5 82699.2
32.55 82715.5
32.6 82731.7
32.65 82747.9
32.7 82764.1
32.75 82780.4
32.8 82796.6
32.85 82812.8
32.9 82829
32.95 82845.3
33 82861.5
33.05 82877.7
33.1 82893.9
33.15 82910.2
33.2 82926.4
33.25 82942.6
33.3 82958.8
33.35 82975
33.4 82991.3
33.45 83007.5
33.5 83023.7
33.55 83039.9
33.6 83056.2
33.65 83072.4
33.7 83088.6
33.75 83104.8
33.8 83121.1
33.85 83137.3
33.9 83153.5
33.95 83169.7
34 83186
34.05 83202.2
34.1 83218.4
34.15 83234.6
34.2 83250.9
34.25 83267.1
34.3 83283.3
34.35 83299.5
34.4 83315.7
34.45 83332
34.5 83348.2
34.55 83364.4
34.6 83380.6
34.65 83396.9
34.7 83413.1
34.75 83429.3
34.8 83445.5
34.85 83461.8
34.9 83478
34.95 83494.2
35 83510.4
35.05 83526.7
35.1 83542.9
35.15 83559.1
35.2 83575.3
35.25 83591.6
35.3 83607.8
35.35 83624
35.4 83640.2
35.45 83656.4
35.5 83672.7
35.55 83688.9
35.6 83705.1
35.65 83721.3
35.7 83737.6
35.75 83753.8
35.8 83770
35.85 83786.2
35.9 83802.5
35.95 83818.7
36 83834.9
36.05 83851.1
36.1 83867.4
36.15 83883.6
36.2 83899.8
36.25 83916
36.3 83932.2
36.35 83948.5
36.4 83964.7
36.45 83980.9
36.5 83997.1
36.55 84013.4
36.6 84029.6
36.65 84045.8
36.7 84062
36.75 84078.3
36.8 84094.5
36.85 84110.7
36.9 84126.9
36.95 84143.2
37 84159.4
37.05 84175.6
37.1 84191.8
37.15 84208.1
37.2 84224.3
37.25 84240.5
37.3 84256.7
37.35 84272.9
37.4 84289.2
37.45 84305.4
37.5 84321.6
37.55 84337.8
37.6 84354.1
37.65 84370.3
37.7 84386.5
37.75 84402.7
37.8 84419
37.85 84435.2
37.9 84451.4
37.95 84467.6
38 84483.9
38.05 84500.1
38.1 84516.3
38.15 84532.5
38.2 84548.7
38.25 84565
38.3 84581.2
38.35 84597.4
38.4 84613.6
38.45 84629.9
38.5 84646.1
38.55 84662.3
38.6 84678.5
38.65 84694.8
38.7 84711
38.75 84727.2
38.8 84743.4
38.85 84759.7
38.9 84775.9
38.95 84792.1
39 84808.3
39.05 84824.6
39.1 84840.8
39.15 84857
39.2 84873.2
39.25 84889.4
39.3 84905.7
39.35 84921.9
39.4 84938.1
39.45 84954.3
39.5 84970.6
39.55 84986.8
39.6 85003
39.65 85019.2
39.7 85035.5
39.75 85051.7
39.8 85067.9
39.85 85084.1
39.9 85100.4
39.95 85116.6
40 85132.8
40.05 85149
40.1 85165.3
40.15 85181.5
40.2 85197.7
40.25 85213.9
40.3 85230.1
40.35 85246.4
40.4 85262.6
40.45 85278.8
40.5 85295
40.55 85311.3
40.6 85327.5
40.65 85343.7
40.7 85359.9
40.75 85376.2
40.8 85392.4
40.85 85408.6
40.9 85424.8
40.95 85441.1
41 85457.3
41.05 85473.5
41.1 85489.7
41.15 85505.9
41.2 85522.2
41.25 85538.4
41.3 85554.6
41.35 85570.8
41.4 85587.1
41.45 85603.3
41.5 85619.5
41.55 85635.7
41.6 85652
41.65 85668.2
41.7 85684.4
41.75 85700.6
41.8 85716.9
41.85 85733.1
41.9 85749.3
41.95 85765.5
42 85781.8
42.05 85798
42.1 85814.2
42.15 85830.4
42.2 85846.6
42.25 85862.9
42.3 85879.1
42.35 85895.3
42.4 85911.5
42.45 85927.8
42.5 85944
42.55 85960.2
42.6 85976.4
42.65 85992.7
42.7 86008.9
42.75 86025.1
42.8 86041.3
42.85 86057.6
42.9 86073.8
42.95 86090
43 86106.2
43.05 86122.4
43.1 86138.7
43.15 86154.9
43.2 86171.1
43.25 86187.3
43.3 86203.6
43.35 86219.8
43.4 86236
43.45 86252.2
43.5 86268.5
43.55 86284.7
43.6 86300.9
43.65 86317.1
43.7 86333.4
43.75 86349.6
43.8 86365.8
43.85 86382
43.9 86398.3
43.95 86414.5
44 86430.7
44.05 86446.9
44.1 86463.1
44.15 86479.4
44.2 86495.6
44.25 86511.8
44.3 86528
44.35 86544.3
44.4 86560.5
44.45 86576.7
44.5 86592.9
44.55 86609.2
44.6 86625.4
44.65 86641.6
44.7 86657.8
44.75 86674.1
44.8 86690.3
44.85 86706.5
44.9 86722.7
44.95 86738.9
45 86755.2
45.05 86771.4
45.1 86787.6
45.15 86803.8
45.2 86820.1
45.25 86836.3
45.3 86852.5
45.35 86868.7
45.4 86885
45.45 86901.2
45.5 86917.4
45.55 86933.6
45.6 86949.9
45.65 86966.1
45.7 86982.3
45.75 86998.5
45.8 87014.8
45.85 87031
45.9 87047.2
45.95 87063.4
46 87079.6
46.05 87095.9
46.1 87112.1
46.15 87128.3
46.2 87144.5
46.25 87160.8
46.3 87177
46.35 87193.2
46.4 87209.4
46.45 87225.7
46.5 87241.9
46.55 87258.1
46.6 87274.3
46.65 87290.6
46.7 87306.8
46.75 87323
46.8 87339.2
46.85 87355.5
46.9 87371.7
46.95 87387.9
47 87404.1
47.05 87420.3
47.1 87436.6
47.15 87452.8
47.2 87469
47.25 87485.2
47.3 87501.5
47.35 87517.7
47.4 87533.9
47.45 87550.1
47.5 87566.4
47.55 87582.6
47.6 87598.8
47.65 87615
47.7 87631.3
47.75 87647.5
47.8 87663.7
47.85 87679.9
47.9 87696.1
47.95 87712.4
48 87728.6
48.05 87744.8
48.1 87761
48.15 87777.3
48.2 87793.5
48.25 87809.7
48.3 87825.9
48.35 87842.2
48.4 87858.4
48.45 87874.6
48.5 87890.8
48.55 87907.1
48.6 87923.3
48.65 87939.5
48.7 87955.7
48.75 87972
48.8 87988.2
48.85 88004.4
48.9 88020.6
48.95 88036.8
49 88053.1
49.05 88069.3
49.1 88085.5
49.15 88101.7
49.2 88118
49.25 88134.2
49.3 88150.4
49.35 88166.6
49.4 88182.9
49.45 88199.1
49.5 88215.3
49.55 88231.5
49.6 88247.8
49.65 88264
49.7 88280.2
49.75 88296.4
49.8 88312.6
49.85 88328.9
49.9 88345.1
49.95 88361.3
50 88377.5
50.05 88393.8
50.1 88410
50.15 88426.2
50.2 88442.4
50.25 88458.7
50.3 88474.9
50.35 88491.1
50.4 88507.3
50.45 88523.6
50.5 88539.8
50.55 88556
50.6 88572.2
50.65 88588.5
50.7 88604.7
50.75 88620.9
50.8 88637.1
50.85 88653.3
50.9 88669.6
50.95 88685.8
51 88702
51.05 88718.2
51.1 88734.5
51.15 88750.7
51.2 88766.9
51.25 88783.1
51.3 88799.4
51.35 88815.6
51.4 88831.8
51.45 88848
51.5 88864.3
51.55 88880.5
51.6 88896.7
51.65 88912.9
51.7 88929.2
51.75 88945.4
51.8 88961.6
51.85 88977.8
51.9 88994
51.95 89010.3
52 89026.5
52.05 89042.7
52.1 89058.9
52.15 89075.2
52.2 89091.4
52.25 89107.6
52.3 89123.8
52.35 89140.1
52.4 89156.3
52.45 89172.5
52.5 89188.7
52.55 89205
52.6 89221.2
52.65 89237.4
52.7 89253.6
52.75 89269.8
52.8 89286.1
52.85 89302.3
52.9 89318.5
52.95 89334.7
53 89351
53.05 89367.2
53.1 89383.4
53.15 89399.6
53.2 89415.9
53.25 89432.1
53.3 89448.3
53.35 89464.5
53.4 89480.8
53.45 89497
53.5 89513.2
53.55 89529.4
53.6 89545.7
53.65 89561.9
53.7 89578.1
53.75 89594.3
53.8 89610.5
53.85 89626.8
53.9 89643
53.95 89659.2
54 89675.4
54.05 89691.7
54.1 89707.9
54.15 89724.1
54.2 89740.3
54.25 89756.6
54.3 89772.8
54.35 89789
54.4 89805.2
54.45 89821.5
54.5 89837.7
54.55 89853.9
54.6 89870.1
54.65 89886.3
54.7 89902.6
54.75 89918.8
54.8 89935
54.85 89951.2
54.9 89967.5
54.95 89983.7
55 89999.9
55.05 90016.1
55.1 90032.4
55.15 90048.6
55.2 90064.8
55.25 90081
55.3 90097.3
55.35 90113.5
55.4 90129.7
55.45 90145.9
55.5 90162.2
55.55 90178.4
55.6 90194.6
55.65 90210.8
55.7 90227
55.75 90243.3
55.8 90259.5
55.85 90275.7
55.9 90291.9
55.95 90308.2
56 90324.4
56.05 90340.6
56.1 90356.8
56.15 90373.1
56.2 90389.3
56.25 90405.5
56.3 90421.7
56.35 90438
56.4 90454.2
56.45 90470.4
56.5 90486.6
56.55 90502.9
56.6 90519.1
56.65 90535.3
56.7 90551.5
56.75 90567.7
56.8 90584
56.85 90600.2
56.9 90616.4
56.95 90632.6
57 90648.9
57.05 90665.1
57.1 90681.3
57.15 90697.5
57.2 90713.8
57.25 90730
57.3 90746.2
57.35 90762.4
57.4 90778.7
57.45 90794.9
57.5 90811.1
57.55 90827.3
57.6 90843.5
57.65 90859.8
57.7 90876
57.75 90892.2
57.8 90908.4
57.85 90924.7
57.9 90940.9
57.95 90957.1
58 90973.3
58.05 90989.6
58.1 91005.8
58.15 91022
58.2 91038.2
58.25 91054.5
58.3 91070.7
58.35 91086.9
58.4 91103.1
58.45 91119.4
58.5 91135.6
58.55 91151.8
58.6 91168
58.65 91184.2
58.7 91200.5
58.75 91216.7
58.8 91232.9
58.85 91249.1
58.9 91265.4
58.95 91281.6
59 91297.8
59.05 91314
59.1 91330.3
59.15 91346.5
59.2 91362.7
59.25 91378.9
59.3 91395.2
59.35 91411.4
59.4 91427.6
59.45 91443.8
59.5 91460
59.55 91476.3
59.6 91492.5
59.65 91508.7
59.7 91524.9
59.75 91541.2
59.8 91557.4
59.85 91573.6
59.9 91589.8
59.95 91606.1
60 91622.3
