1.84 4.51 6.80 8.45 10.39 12.84 16.64 17.55 18.91 100.00
3.00 5.51 8.44 11.16 15.35 17.56 19.64 22.78 32.65 100.00
1.56 3.62 5.20 7.50 10.68 12.69 15.91 17.75 18.87 21.80
2.12 5.34 7.22 9.51 13.20 15.10 16.70 18.84 20.49 21.92
3.47 7.21 9.12 11.32 14.28 16.62 20.66 25.85 27.43 33.04
2.10 4.20 8.19 8.65 9.86 13.05 15.32 19.11 16.98 14.74
2.32 4.68 8.75 9.75 11.59 15.20 17.22 100.00 100.00 100.00
5.36 11.26 12.39 15.00 17.13 20.59 34.57 100.00 100.00 100.00
2.19 4.44 5.72 8.46 11.81 11.85 12.59 17.26 23.67 25.31
2.04 4.14 6.49 10.00 14.35 13.00 15.65 17.19 17.12 19.31
3.63 6.79 8.82 10.06 14.10 19.75 23.74 27.96 100.00 100.00
3.06 6.95 10.78 12.78 15.45 23.51 28.22 34.10 100.00 100.00
3.90 7.24 9.37 11.08 16.64 21.09 32.38 100.00 100.00 100.00
2.47 6.46 8.65 10.11 12.50 14.98 18.45 100.00 100.00 100.00
1.66 3.27 4.90 6.32 8.98 11.77 13.65 15.48 15.31 17.50
1.56 3.51 4.32 6.96 8.58 11.86 14.60 17.43 19.96 19.67
2.03 5.46 6.57 9.19 13.31 14.09 15.20 17.43 17.45 21.38
2.19 5.45 9.99 13.62 18.25 20.60 28.37 27.58 45.37 100.00
5.33 9.29 15.34 20.01 25.60 31.77 100.00 100.00 100.00 100.00
3.82 6.46 9.67 10.85 15.47 18.94 100.00 100.00 100.00 100.00
2.90 5.98 7.38 10.41 14.70 16.44 23.93 24.00 44.01 100.00
3.14 6.36 8.08 10.65 13.79 17.73 21.38 24.31 25.53 100.00
2.06 3.84 6.02 8.02 11.65 14.25 17.84 21.28 22.47 22.18
2.01 4.34 8.52 10.08 11.65 15.01 16.30 16.87 18.81 21.65
1.47 5.67 8.13 9.47 13.21 16.36 22.25 26.51 28.37 34.53
1.26 3.39 5.26 7.07 9.98 12.37 13.31 15.18 16.60 18.42
4.74 8.70 12.68 16.82 22.80 27.25 34.01 100.00 100.00 100.00
3.94 6.44 8.56 11.69 15.48 14.23 16.69 100.00 100.00 100.00
3.90 8.36 9.39 11.35 16.00 20.24 23.23 26.98 100.00 100.00
4.43 8.30 10.10 12.45 15.56 20.35 23.55 29.98 100.00 100.00
3.76 7.70 9.79 11.22 15.13 19.58 20.65 22.43 23.46 24.05
3.13 5.21 7.41 8.35 11.15 15.01 17.79 20.34 25.48 30.74
4.09 8.74 10.94 12.07 16.13 18.62 24.86 100.00 100.00 100.00
3.09 4.91 8.07 10.53 11.32 13.75 17.16 25.53 100.00 100.00
1.37 5.05 6.66 7.67 10.94 12.40 15.66 19.35 100.00 100.00
4.61 8.48 11.92 13.56 17.21 22.43 30.70 57.48 100.00 100.00
1.84 4.11 4.98 8.28 10.88 12.09 15.29 15.39 18.45 100.00
2.65 5.42 7.02 7.20 10.28 13.53 21.95 29.91 100.00 100.00
2.71 6.00 8.97 12.09 14.73 16.96 18.90 21.64 24.19 28.33
2.05 4.27 6.55 8.06 11.62 14.15 15.38 17.08 19.89 21.19
3.77 7.58 9.40 13.62 16.46 21.17 33.76 100.00 100.00 100.00
3.91 6.09 8.49 11.48 14.01 18.59 21.98 100.00 100.00 100.00
3.33 6.81 9.05 11.25 16.42 18.52 22.68 26.71 100.00 100.00
3.21 9.40 10.94 13.66 14.74 17.24 21.31 27.27 44.83 43.21
