1.79 4.22 6.55 8.70 11.31 13.89 15.96 18.04 18.49 100.00
3.04 5.64 8.90 11.54 15.52 17.94 19.86 22.60 31.00 100.00
1.49 3.65 5.09 6.92 9.61 12.21 15.18 16.93 17.61 20.53
2.01 4.93 7.29 9.61 12.97 15.56 16.95 18.84 20.33 21.28
3.54 6.85 9.41 11.41 14.32 16.37 20.69 26.18 26.97 31.09
2.06 4.13 7.89 8.43 10.26 13.27 15.21 18.69 17.57 14.84
2.10 4.14 7.83 10.19 11.18 14.61 17.71 100.00 100.00 100.00
4.98 11.44 12.67 15.21 18.06 22.35 34.33 100.00 100.00 100.00
2.16 4.62 6.41 8.48 11.21 12.27 12.98 17.07 21.59 23.31
2.22 4.56 6.99 9.90 13.10 13.59 14.04 16.58 18.95 19.84
3.89 7.33 9.38 10.13 14.10 18.65 23.71 28.77 100.00 100.00
3.14 7.22 10.46 12.72 16.95 22.03 26.94 34.06 100.00 100.00
3.87 7.11 9.56 11.99 17.17 21.28 30.66 100.00 100.00 100.00
2.48 5.57 8.05 9.66 12.32 15.01 17.15 100.00 100.00 100.00
1.40 2.78 4.68 6.31 9.67 12.43 13.63 14.79 16.07 17.40
1.46 3.40 4.15 6.78 8.71 12.00 14.41 17.16 19.92 19.65
2.07 5.19 6.94 9.69 13.38 14.28 15.57 17.45 17.59 100.00
2.16 6.51 10.12 14.05 18.69 22.58 26.81 25.46 33.62 50.83
4.95 8.21 14.72 18.36 22.87 28.83 100.00 100.00 100.00 100.00
3.32 6.46 9.06 10.26 14.78 20.70 100.00 100.00 100.00 100.00
2.62 5.10 7.41 10.21 14.99 16.59 22.21 22.53 39.48 100.00
3.27 6.60 9.29 11.44 14.41 16.53 19.10 22.43 26.98 100.00
1.92 3.48 6.24 8.36 12.28 14.12 17.94 17.95 19.61 21.46
2.06 4.23 8.37 10.37 11.28 15.17 16.61 17.83 18.53 19.84
1.55 5.76 7.72 8.95 12.50 15.73 20.89 24.35 25.83 30.00
1.15 3.56 5.35 7.12 9.99 12.07 13.80 14.76 16.53 18.65
4.62 8.13 12.78 16.93 22.46 27.65 33.81 100.00 100.00 100.00
3.64 6.40 9.72 12.97 16.39 14.98 14.85 100.00 100.00 100.00
3.86 7.84 9.40 11.17 15.62 20.24 23.61 27.11 100.00 100.00
4.25 7.91 10.27 12.03 15.22 18.76 21.59 29.19 100.00 100.00
4.04 7.72 9.30 10.88 15.70 19.48 20.71 21.69 22.89 22.95
2.93 4.89 6.91 8.65 11.75 15.83 18.31 21.31 26.67 31.23
4.18 8.74 10.95 13.15 16.41 20.59 25.70 34.79 100.00 100.00
3.31 5.23 8.52 10.85 11.85 13.58 16.64 100.00 100.00 100.00
1.42 4.58 6.00 7.02 10.14 12.33 15.83 19.44 100.00 100.00
4.58 8.07 12.18 14.34 16.98 23.29 30.56 44.71 100.00 100.00
1.66 4.20 4.93 7.53 10.43 12.76 14.73 15.09 100.00 100.00
2.64 5.50 7.02 7.20 10.72 13.43 22.05 26.97 33.80 100.00
2.63 5.99 8.96 11.95 15.22 17.50 19.87 21.18 23.27 28.10
1.80 4.24 6.60 7.94 11.56 14.29 15.69 17.66 20.35 21.84
3.90 7.18 9.83 12.74 16.53 22.06 32.69 100.00 100.00 100.00
3.70 6.57 8.65 11.14 14.99 18.41 21.69 100.00 100.00 100.00
3.32 6.63 8.97 11.01 16.26 17.92 21.39 24.73 29.59 34.33
3.44 9.29 10.56 13.58 14.84 17.00 20.74 28.67 100.00 100.00
