# M63 3D pushover in X: mass-proportional load, control node 1003
# control displacement (mm), base shear (N)
0 0
0.0499999 3920.92
0.0999999 7772.15
0.15 8381.5
0.2 8877.21
0.25 9265.8
0.3 9654.39
0.35 10043
0.4 10430.6
0.45 10816.9
0.5 11203.3
0.55 11589.6
0.6 11976
0.65 12362.3
0.7 12748.7
0.75 13135.1
0.8 13521.4
0.85 13907.8
0.9 14294.1
0.95 14680.5
1 15066.8
1.05 15453.2
1.1 15839.6
1.15 16225.9
1.2 16612.3
1.25 16998.6
1.3 17385
1.35 17771.3
1.4 18157.7
1.45 18544
1.5 18930.4
1.55 19316.8
1.6 19703.1
1.65 20089.5
1.7 20475.8
1.75 20862.2
1.8 21248.5
1.85 21634.9
1.9 22021.3
1.95 22407.6
2 22794
2.05 23180.3
2.1 23566.7
2.15 23953
2.2 24339.4
2.25 24725.7
2.3 25112.1
2.35 25498.5
2.4 25884.8
2.45 26271.2
2.5 26657.5
2.55 27043.9
2.6 27430.2
2.65 27816.6
2.7 28203
2.75 28589.3
2.8 28975.7
2.85 29362
2.9 29748.4
2.95 30134.7
3 30521.1
3.05 30907.4
3.1 31293.8
3.15 31680.2
3.2 32066.5
3.25 32452.9
3.3 32839.2
3.35 33225.6
3.4 33611.9
3.45 33998.3
3.5 34384.7
3.55 34771
3.6 35157.4
3.65 35543.7
3.7 35930.1
3.75 36316.4
3.8 36702.8
3.85 37089.1
3.9 37475.5
3.95 37861.9
4 38248.2
4.05 38634.6
4.1 39020.9
4.15 39407.3
4.2 39793.6
4.25 40180
4.3 40566.4
4.35 40952.7
4.4 41339.1
4.45 41725.4
4.5 42111.8
4.55 42498.1
4.6 42884.5
4.65 43270.8
4.7 43657.2
4.75 44043.6
4.8 44429.9
4.85 44816.3
4.9 45202.6
4.95 45589
5 45975.3
5.05 46361.7
5.1 46748.1
5.15 47134.4
5.2 47520.8
5.25 47907.1
5.3 48293.5
5.35 48679.8
5.4 49066.2
5.45 49452.5
5.5 49838.9
5.55 50225.3
5.6 50611.6
5.65 50998
5.7 51384.3
5.75 51770.7
5.8 52157
5.85 52543.4
5.9 52929.8
5.95 53316.1
6 53702.5
6.05 54088.8
6.1 54475.2
6.15 54861.5
6.2 55247.9
6.25 55634.2
6.3 56020.6
6.35 56407
6.4 56793.3
6.45 57179.7
6.5 57566
6.55 57952.4
6.6 58338.7
6.65 58725.1
6.7 59111.4
6.75 59497.8
6.8 59884.2
6.85 60270.5
6.9 60656.9
6.95 61043.2
7 61429.6
7.05 61815.9
7.1 62202.3
7.15 62588.7
7.2 62975
7.25 63361.4
7.3 63747.7
7.35 64134.1
7.4 64520.4
7.45 64906.8
7.5 65293.1
7.55 65679.5
7.6 66065.9
7.65 66452.2
7.7 66838.6
7.75 67224.9
7.8 67611.3
7.85 67997.6
7.9 68384
7.95 68770.4
8 69156.7
8.05 69543.1
8.1 69929.4
8.15 70315.8
8.2 70702.1
8.25 71088.5
8.3 71474.8
8.35 71861.2
8.4 72247.6
8.45 72633.9
8.5 73020.3
8.55 73406.6
8.6 73793
8.65 74179.3
8.7 74565.7
8.75 74952.1
8.8 75338.4
8.85 75724.8
8.9 76111.1
8.95 76497.5
9 76883.8
9.05 77270.2
9.1 77656.5
9.15 78042.9
9.2 78429.3
9.25 78815.6
9.3 79202
9.35 79584.9
9.4 79966.5
9.45 80348
9.5 80729.6
9.55 81111.2
9.6 81491.5
9.65 81871.4
9.7 82251.3
9.75 82631.2
9.8 83011.1
9.85 83391
9.9 83770.9
9.95 84150.9
10 84530.8
10.05 84910.7
10.1 85290.6
10.15 85670.5
10.2 86050.4
10.25 86430.3
10.3 86810.2
10.35 87190.1
10.4 87570
10.45 87950
10.5 88329.9
10.55 88709.8
10.6 89089.7
10.65 89460.6
10.7 89827
10.75 90193.5
10.8 90559.9
10.85 90926.3
10.9 91292.8
10.95 91659.2
11 92025.7
11.05 92392.1
11.1 92758.5
11.15 93125
11.2 93491.4
11.25 93857.8
11.3 94224.3
11.35 94590.7
11.4 94957.2
11.45 95323.6
11.5 95690
11.55 96056.5
11.6 96422.9
11.65 96789.4
11.7 97155.8
11.75 97522.2
11.8 97888.7
11.85 98255.1
11.9 98621.6
11.95 98988
12 99296.9
12.05 99484.9
12.1 99665.5
12.15 99846.1
12.2 100027
12.25 100207
12.3 100388
12.35 100568
12.4 100749
12.45 100930
12.5 101110
12.55 101290
12.6 101470
12.65 101651
12.7 101831
12.75 102011
12.8 102192
12.85 102372
12.9 102552
12.95 102732
13 102913
13.05 103093
13.1 103273
13.15 103454
13.2 103634
13.25 103814
13.3 103994
13.35 104175
13.4 104355
13.45 104535
13.5 104716
13.55 104896
13.6 105076
13.65 105256
13.7 105437
13.75 105617
13.8 105797
13.85 105978
13.9 106158
13.95 106338
14 106518
14.05 106699
14.1 106879
14.15 107059
14.2 107240
14.25 107420
14.3 107600
14.35 107780
14.4 107961
14.45 108141
14.5 108321
14.55 108502
14.6 108682
14.65 108862
14.7 109042
14.75 109223
14.8 109403
14.85 109583
14.9 109764
14.95 109944
15 110124
15.05 110304
15.1 110485
15.15 110665
15.2 110845
15.25 111026
15.3 111206
15.35 111386
15.4 111566
15.45 111747
15.5 111927
15.55 112107
15.6 112288
15.65 112468
15.7 112648
15.75 112828
15.8 113009
15.85 113189
15.9 113369
15.95 113550
16 113730
16.05 113910
16.1 114090
16.15 114271
16.2 114451
16.25 114631
16.3 114812
16.35 114992
16.4 115172
16.45 115352
16.5 115533
16.55 115713
16.6 115893
16.65 116074
16.7 116254
16.75 116434
16.8 116614
16.85 116795
16.9 116975
16.95 117155
17 117336
17.05 117516
17.1 117696
17.15 117871
17.2 118031
17.25 118190
17.3 118350
17.35 118509
17.4 118669
17.45 118828
17.5 118987
17.55 119147
17.6 119306
17.65 119466
17.7 119625
17.75 119784
17.8 119944
17.85 120103
17.9 120263
17.95 120422
18 120582
18.05 120741
18.1 120900
18.15 121054
18.2 121197
18.25 121341
18.3 121484
18.35 121628
18.4 121771
18.45 121905
18.5 122012
18.55 122105
18.6 122198
18.65 122291
18.7 122384
18.75 122478
18.8 122571
18.85 122664
18.9 122757
18.95 122850
19 122943
19.05 123036
19.1 123129
19.15 123222
19.2 123315
19.25 123408
19.3 123501
19.35 123594
19.4 123687
19.45 123780
19.5 123873
19.55 123966
19.6 124059
19.65 124152
19.7 124245
19.75 124338
19.8 124432
19.85 124525
19.9 124618
19.95 124711
20 124804
20.05 124897
20.1 124990
20.15 125083
20.2 125176
20.25 125269
20.3 125362
20.35 125455
20.4 125548
20.45 125641
20.5 125734
20.55 125827
20.6 125920
20.65 126013
20.7 126106
20.75 126199
20.8 126292
20.85 126386
20.9 126479
20.95 126572
21 126665
21.05 126758
21.1 126851
21.15 126944
21.2 127037
21.25 127130
21.3 127223
21.35 127316
21.4 127409
21.45 127502
21.5 127595
21.55 127688
21.6 127781
21.65 127874
21.7 127967
21.75 128060
21.8 128153
21.85 128247
21.9 128340
21.95 128433
22 128526
22.05 128619
22.1 128712
22.15 128805
22.2 128898
22.25 128991
22.3 129084
22.35 129177
22.4 129270
22.45 129363
22.5 129456
22.55 129549
22.6 129642
22.65 129735
22.7 129828
22.75 129921
22.8 130014
22.85 130107
22.9 130201
22.95 130294
23 130387
23.05 130480
23.1 130573
23.15 130666
23.2 130759
23.25 130852
23.3 130945
23.35 131038
23.4 131131
23.45 131224
23.5 131317
23.55 131410
23.6 131503
23.65 131596
23.7 131689
23.75 131782
23.8 131875
23.85 131968
23.9 132061
23.95 132155
24 132221
24.05 132252
24.1 132280
24.15 132303
24.2 132317
24.25 132332
24.3 132347
24.35 132361
24.4 132376
24.45 132391
24.5 132405
24.55 132420
24.6 132435
24.65 132449
24.7 132464
24.75 132478
24.8 132493
24.85 132508
24.9 132522
24.95 132537
25 132552
25.05 132566
25.1 132581
25.15 132596
25.2 132610
25.25 132625
25.3 132640
25.35 132654
25.4 132669
25.45 132684
25.5 132698
25.55 132713
25.6 132728
25.65 132742
25.7 132757
25.75 132772
25.8 132786
25.85 132801
25.9 132816
25.95 132830
26 132845
26.05 132860
26.1 132874
26.15 132889
26.2 132904
26.25 132918
26.3 132933
26.35 132948
26.4 132962
26.45 132977
26.5 132991
26.55 133006
26.6 133021
26.65 133035
26.7 133050
26.75 133065
26.8 133079
26.85 133094
26.9 133109
26.95 133123
27 133138
27.05 133153
27.1 133167
27.15 133182
27.2 133197
27.25 133211
27.3 133226
27.35 133241
27.4 133255
27.45 133270
27.5 133285
27.55 133299
27.6 133314
27.65 133329
27.7 133343
27.75 133358
27.8 133373
27.85 133387
27.9 133402
27.95 133417
28 133431
28.05 133446
28.1 133461
28.15 133475
28.2 133490
28.25 133505
28.3 133519
28.35 133534
28.4 133548
28.45 133563
28.5 133578
28.55 133592
28.6 133607
28.65 133622
28.7 133636
28.75 133651
28.8 133666
28.85 133680
28.9 133695
28.95 133710
29 133724
29.05 133739
29.1 133754
29.15 133768
29.2 133783
29.25 133798
29.3 133812
29.35 133827
29.4 133842
29.45 133856
29.5 133871
29.55 133886
29.6 133900
29.65 133915
29.7 133930
29.75 133944
29.8 133959
29.85 133974
29.9 133988
29.95 134003
30 134018
30.05 134032
30.1 134047
30.15 134061
30.2 134076
30.25 134091
30.3 134105
30.35 134120
30.4 134135
30.45 134149
30.5 134164
30.55 134179
30.6 134193
30.65 134208
30.7 134223
30.75 134237
30.8 134252
30.85 134267
30.9 134281
30.95 134296
31 134311
31.05 134325
31.1 134340
31.15 134355
31.2 134369
31.25 57327.3
31.3 58580.8
31.35 59751.8
31.4 60682.1
31.45 61160.7
31.5 61630.9
31.55 61819
31.6 61831.1
31.65 61843.3
31.7 61855.5
31.75 61867.7
31.8 61879.9
31.85 61892
31.9 61904.2
31.95 61916.4
32 61928.6
32.05 61940.7
32.1 61952.9
32.15 61965.1
32.2 61977.3
32.25 61989.5
32.3 62001.6
32.35 62013.8
32.4 62026
32.45 62038.2
32.5 62050.4
32.55 62062.5
32.6 62074.7
32.65 62086.9
32.7 62099.1
32.75 62111.3
32.8 62123.4
32.85 62135.6
32.9 62147.8
32.95 62160
33 62172.2
33.05 62184.3
33.1 62196.5
33.15 62208.7
33.2 62220.9
33.25 62233.1
33.3 62245.2
33.35 62257.4
33.4 62269.6
33.45 62281.8
33.5 62293.9
33.55 62306.1
33.6 62318.3
33.65 62330.5
33.7 62342.7
33.75 62354.8
33.8 62367
33.85 62379.2
33.9 62391.4
33.95 62403.6
34 62415.7
34.05 62427.9
34.1 62440.1
34.15 62452.3
34.2 62464.5
34.25 62476.6
34.3 62488.8
34.35 62501
34.4 62513.2
34.45 62525.4
34.5 62537.5
34.55 62549.7
34.6 62561.9
34.65 62574.1
34.7 62586.3
34.75 62598.4
34.8 62610.6
34.85 62622.8
34.9 62635
34.95 62647.1
35 62659.3
35.05 62671.5
35.1 62683.7
35.15 62695.9
35.2 62708
35.25 62720.2
35.3 62732.4
35.35 62744.6
35.4 62756.8
35.45 62768.9
35.5 62781.1
35.55 62793.3
35.6 62805.5
35.65 62817.7
35.7 62829.8
35.75 62842
35.8 62854.2
35.85 62866.4
35.9 62878.6
35.95 62890.7
36 62902.9
36.05 62915.1
36.1 62927.3
36.15 62939.5
36.2 62951.6
36.25 62963.8
36.3 62976
36.35 62988.2
36.4 63000.3
36.45 63012.5
36.5 63024.7
36.55 63036.9
36.6 63049.1
36.65 63061.2
36.7 63073.4
36.75 63085.6
36.8 63097.8
36.85 63110
36.9 63122.1
36.95 63134.3
37 63146.5
37.05 63158.7
37.1 63170.9
37.15 63183
37.2 63195.2
37.25 63207.4
37.3 63219.6
37.35 63231.8
37.4 63243.9
37.45 63256.1
37.5 63268.3
37.55 63280.5
37.6 63292.7
37.65 63304.8
37.7 63317
37.75 63329.2
37.8 63341.4
37.85 63353.5
37.9 63365.7
37.95 63377.9
38 63390.1
38.05 63402.3
38.1 63414.4
38.15 63426.6
38.2 63438.8
38.25 63451
38.3 63463.2
38.35 63475.3
38.4 63487.5
38.45 63499.7
38.5 63511.9
38.55 63524.1
38.6 63536.2
38.65 63548.4
38.7 63560.6
38.75 63572.8
38.8 63585
38.85 63597.1
38.9 63609.3
38.95 63621.5
39 63633.7
39.05 63645.9
39.1 63658
39.15 63670.2
39.2 63682.4
39.25 63694.6
39.3 63706.7
39.35 63718.9
39.4 63731.1
39.45 63743.3
39.5 63755.5
39.55 63767.6
39.6 63779.8
39.65 63792
39.7 63804.2
39.75 63816.4
39.8 63828.5
39.85 63840.7
39.9 63852.9
39.95 63865.1
40 63877.3
40.05 63889.4
40.1 63901.6
40.15 63913.8
40.2 63926
40.25 63938.2
40.3 63950.3
40.35 63962.5
40.4 63974.7
40.45 63986.9
40.5 63999.1
40.55 64011.2
40.6 64023.4
40.65 64035.6
40.7 64047.8
40.75 64059.9
40.8 64072.1
40.85 64084.3
40.9 64096.5
40.95 64108.7
41 64120.8
41.05 64133
41.1 64145.2
41.15 64157.4
41.2 64169.6
41.25 64181.7
41.3 64193.9
41.35 64206.1
41.4 64218.3
41.45 64230.5
41.5 64242.6
41.55 64254.8
41.6 64267
41.65 64279.2
41.7 64291.4
41.75 64303.5
41.8 64315.7
41.85 64327.9
41.9 64340.1
41.95 64352.3
42 64364.4
42.05 64376.6
42.1 64388.8
42.15 64401
42.2 64413.1
42.25 64425.3
42.3 64437.5
42.35 64449.7
42.4 64461.9
42.45 64474
42.5 64486.2
42.55 64498.4
42.6 64510.6
42.65 64522.8
42.7 64534.9
42.75 64547.1
42.8 64559.3
42.85 64571.5
42.9 64583.7
42.95 64595.8
43 64608
43.05 64620.2
43.1 64632.4
43.15 64644.6
43.2 64656.7
43.25 64668.9
43.3 64681.1
43.35 64693.3
43.4 64705.4
43.45 64717.6
43.5 64729.8
43.55 64742
43.6 64754.2
43.65 64766.3
43.7 64778.5
43.75 64790.7
43.8 64802.9
43.85 64815.1
43.9 64827.2
43.95 64839.4
44 64851.6
44.05 64863.8
44.1 64876
44.15 64888.1
44.2 64900.3
44.25 64912.5
44.3 64924.7
44.35 64936.9
44.4 64949
44.45 64961.2
44.5 64973.4
44.55 64985.6
44.6 64997.8
44.65 65009.9
44.7 65022.1
44.75 65034.3
44.8 65046.5
44.85 65058.6
44.9 65070.8
44.95 65083
45 65095.2
45.05 65107.4
45.1 65119.5
45.15 65131.7
45.2 65143.9
45.25 65156.1
45.3 65168.3
45.35 65180.4
45.4 65192.6
45.45 65204.8
45.5 65217
45.55 65229.2
45.6 65241.3
45.65 65253.5
45.7 65265.7
45.75 65277.9
45.8 65290.1
45.85 65302.2
45.9 65314.4
45.95 65326.6
46 65338.8
46.05 65351
46.1 65363.1
46.15 65375.3
46.2 65387.5
46.25 65399.7
46.3 65411.8
46.35 65424
46.4 65436.2
46.45 65448.4
46.5 65460.6
46.55 65472.7
46.6 65484.9
46.65 65497.1
46.7 65509.3
46.75 65521.5
46.8 65533.6
46.85 65545.8
46.9 65558
46.95 65570.2
47 65582.4
47.05 65594.5
47.1 65606.7
47.15 65618.9
47.2 65631.1
47.25 65643.3
47.3 65655.4
47.35 65667.6
47.4 65679.8
47.45 65692
47.5 65704.2
47.55 65716.3
47.6 65728.5
47.65 65740.7
47.7 65752.9
47.75 65765
47.8 65777.2
47.85 65789.4
47.9 65801.6
47.95 65813.8
48 65825.9
48.05 65838.1
48.1 65850.3
48.15 65862.5
48.2 65874.7
48.25 65886.8
48.3 65899
48.35 65911.2
48.4 65923.4
48.45 65935.6
48.5 65947.7
48.55 65959.9
48.6 65972.1
48.65 65984.3
48.7 65996.5
48.75 66008.6
48.8 66020.8
48.85 66033
48.9 66045.2
48.95 66057.4
49 66069.5
49.05 66081.7
49.1 66093.9
49.15 66106.1
49.2 66118.2
49.25 66130.4
49.3 66142.6
49.35 66154.8
49.4 66167
49.45 66179.1
49.5 66191.3
49.55 66203.5
49.6 66215.7
49.65 66227.9
49.7 66240
49.75 66252.2
49.8 66264.4
49.85 66276.6
49.9 66288.8
49.95 66300.9
50 66313.1
50.05 66325.3
50.1 66337.5
50.15 66349.7
50.2 66361.8
50.25 66374
50.3 66386.2
50.35 66398.4
50.4 66410.6
50.45 66422.7
50.5 66434.9
50.55 66447.1
50.6 66459.3
50.65 66471.4
50.7 66483.6
50.75 66495.8
50.8 66508
50.85 66520.2
50.9 66532.3
50.95 66544.5
51 66556.7
51.05 66568.9
51.1 66581.1
51.15 66593.2
51.2 66605.4
51.25 66617.6
51.3 66629.8
51.35 66642
51.4 66654.1
51.45 66666.3
51.5 66678.5
51.55 66690.7
51.6 66702.9
51.65 66715
51.7 66727.2
51.75 66739.4
51.8 66751.6
51.85 66763.8
51.9 66775.9
51.95 66788.1
52 66800.3
52.05 66812.5
52.1 66824.6
52.15 66836.8
52.2 66849
52.25 66861.2
52.3 66873.4
52.35 66885.5
52.4 66897.7
52.45 66909.9
52.5 66922.1
52.55 66934.3
52.6 66946.4
52.65 66958.6
52.7 66970.8
52.75 66983
52.8 66995.2
52.85 67007.3
52.9 67019.5
52.95 67031.7
53 67043.9
53.05 67056.1
53.1 67068.2
53.15 67080.4
53.2 67092.6
53.25 67104.8
53.3 67117
53.35 67129.1
53.4 67141.3
53.45 67153.5
53.5 67165.7
53.55 67177.8
53.6 67190
53.65 67202.2
53.7 67214.4
53.75 67226.6
53.8 67238.7
53.85 67250.9
53.9 67263.1
53.95 67275.3
54 67287.5
54.05 67299.6
54.1 67311.8
54.15 67324
54.2 67336.2
54.25 67348.4
54.3 67360.5
54.35 67372.7
54.4 67384.9
54.45 67397.1
54.5 67409.3
54.55 67421.4
54.6 67433.6
54.65 67445.8
54.7 67458
54.75 67470.2
54.8 67482.3
54.85 67494.5
54.9 67506.7
54.95 67518.9
55 67531
55.05 67543.2
55.1 67555.4
55.15 67567.6
55.2 67579.8
55.25 67591.9
55.3 67604.1
55.35 67616.3
55.4 67628.5
55.45 67640.7
55.5 67652.8
55.55 67665
55.6 67677.2
55.65 67689.4
55.7 67701.6
55.75 67713.7
55.8 67725.9
55.85 67738.1
55.9 67750.3
55.95 67762.5
56 67774.6
56.05 67786.8
56.1 67799
56.15 67811.2
56.2 67823.4
56.25 67835.5
56.3 67847.7
56.35 67859.9
56.4 67872.1
56.45 67884.2
56.5 67896.4
56.55 67908.6
56.6 67920.8
56.65 67933
56.7 67945.1
56.75 67957.3
56.8 67969.5
56.85 67981.7
56.9 67993.9
56.95 68006
57 68018.2
57.05 68030.4
57.1 68042.6
57.15 68054.8
57.2 68066.9
57.25 68079.1
57.3 68091.3
57.35 68103.5
57.4 68115.7
57.45 68127.8
57.5 68140
57.55 68152.2
57.6 68164.4
57.65 68176.5
57.7 68188.7
57.75 68200.9
57.8 68213.1
57.85 68225.3
57.9 68237.4
57.95 68249.6
58 68261.8
58.05 68274
58.1 68286.2
58.15 68298.3
58.2 68310.5
58.25 68322.7
58.3 68334.9
58.35 68347.1
58.4 68359.2
58.45 68371.4
58.5 68383.6
58.55 68395.8
58.6 68408
58.65 68420.1
58.7 68432.3
58.75 68444.5
58.8 68456.7
58.85 68468.9
58.9 68481
58.95 68493.2
59 68505.4
59.05 68517.6
59.1 68529.7
59.15 68541.9
59.2 68554.1
59.25 68566.3
59.3 68578.5
59.35 68590.6
59.4 68602.8
59.45 68615
59.5 68627.2
59.55 68639.4
59.6 68651.5
59.65 68663.7
59.7 68675.9
59.75 68688.1
59.8 68700.3
59.85 68712.4
59.9 68724.6
59.95 68736.8
60 68749
