3.75 5.95 11.03 15.10 18.96 21.42 100.00 100.00 100.00 100.00
5.05 9.91 12.73 16.14 23.83 100.00 100.00 100.00 100.00 100.00
2.93 6.15 8.03 11.00 17.74 22.26 27.99 34.59 100.00 100.00
3.73 6.86 10.18 13.95 18.70 20.28 21.06 22.51 25.31 100.00
6.14 10.59 13.26 15.45 21.32 25.50 100.00 100.00 100.00 100.00
3.34 8.39 11.44 14.93 21.14 24.00 28.12 32.52 31.91 100.00
4.13 6.44 8.66 11.24 14.99 18.99 100.00 100.00 100.00 100.00
8.33 16.22 18.98 24.87 100.00 100.00 100.00 100.00 100.00 100.00
3.55 7.15 9.70 12.89 15.92 18.31 18.72 25.16 31.63 100.00
3.73 8.28 10.18 12.75 18.53 18.53 26.12 100.00 100.00 100.00
4.84 8.92 10.71 14.36 20.63 31.09 100.00 100.00 100.00 100.00
5.38 9.38 14.06 17.89 27.96 44.91 100.00 100.00 100.00 100.00
6.03 11.57 15.82 20.30 100.00 100.00 100.00 100.00 100.00 100.00
4.91 8.51 11.87 14.04 17.09 100.00 100.00 100.00 100.00 100.00
2.52 4.70 6.47 8.92 12.71 18.21 21.23 23.81 100.00 100.00
3.14 6.62 6.74 10.07 13.59 16.90 20.35 23.75 26.65 31.11
3.80 9.25 11.05 14.27 17.34 20.03 20.99 23.75 100.00 100.00
4.39 8.73 13.14 17.38 30.67 34.27 100.00 100.00 100.00 100.00
6.07 9.49 16.94 23.36 29.99 100.00 100.00 100.00 100.00 100.00
3.90 10.24 13.27 15.95 18.46 23.85 100.00 100.00 100.00 100.00
4.29 8.93 13.53 17.20 23.76 25.74 100.00 100.00 100.00 100.00
5.11 8.11 10.58 13.67 18.21 24.40 27.02 100.00 100.00 100.00
2.98 6.53 10.56 13.42 17.95 20.98 24.48 29.68 32.87 100.00
4.33 8.92 12.58 14.32 16.16 22.45 24.55 31.81 100.00 100.00
4.31 8.98 10.45 12.99 18.04 23.37 28.75 31.00 32.28 100.00
2.27 7.08 9.32 11.65 16.16 19.39 22.97 27.29 100.00 100.00
6.92 14.12 20.11 26.60 100.00 100.00 100.00 100.00 100.00 100.00
5.89 8.75 11.86 15.82 17.49 100.00 100.00 100.00 100.00 100.00
6.77 10.97 12.52 15.92 23.45 29.26 33.66 100.00 100.00 100.00
6.34 10.16 13.20 16.16 20.39 29.57 34.43 100.00 100.00 100.00
5.35 10.56 12.96 14.37 23.75 30.25 32.72 34.43 100.00 100.00
4.79 7.19 10.51 14.75 21.74 29.46 54.31 100.00 100.00 100.00
6.84 12.63 17.41 24.64 34.85 100.00 100.00 100.00 100.00 100.00
5.18 8.39 12.24 14.99 18.43 23.18 100.00 100.00 100.00 100.00
2.91 6.27 8.27 10.23 14.18 18.89 100.00 100.00 100.00 100.00
6.99 12.07 17.28 21.82 34.01 100.00 100.00 100.00 100.00 100.00
2.47 4.68 9.55 11.35 14.59 19.27 19.63 100.00 100.00 100.00
4.40 8.92 10.32 10.13 13.56 19.85 30.83 100.00 100.00 100.00
5.93 10.25 14.13 17.33 21.79 26.56 32.30 100.00 100.00 100.00
4.03 7.70 10.13 12.42 17.12 21.09 23.79 26.75 31.10 100.00
5.18 10.18 14.81 22.45 28.16 100.00 100.00 100.00 100.00 100.00
5.79 10.24 11.63 14.45 21.19 25.77 100.00 100.00 100.00 100.00
4.75 10.56 13.01 15.21 21.78 22.91 32.25 100.00 100.00 100.00
5.75 10.12 13.69 17.58 24.13 33.92 100.00 100.00 100.00 100.00
