2.75 4.46 8.40 11.11 14.08 100.00 100.00 100.00 100.00 100.00
3.82 7.02 9.66 12.99 16.92 22.81 100.00 100.00 100.00 100.00
1.82 4.44 5.72 7.81 13.84 17.09 19.57 22.81 31.25 100.00
2.82 5.66 7.92 10.65 15.08 16.37 18.21 20.47 100.00 100.00
4.44 7.81 10.94 12.67 15.95 20.09 24.33 31.88 33.55 100.00
2.49 6.37 8.36 9.87 14.35 17.02 100.00 100.00 100.00 100.00
2.67 5.81 8.07 10.74 100.00 100.00 100.00 100.00 100.00 100.00
6.25 12.44 14.38 15.86 20.76 29.29 100.00 100.00 100.00 100.00
2.71 5.32 7.29 10.10 12.55 13.76 14.47 100.00 100.00 100.00
2.72 5.86 9.26 11.75 15.43 15.26 17.00 23.97 33.04 100.00
4.44 7.05 10.10 11.49 15.39 19.48 100.00 100.00 100.00 100.00
4.48 8.65 12.00 14.07 22.35 29.56 100.00 100.00 100.00 100.00
4.47 8.61 11.58 14.86 30.34 100.00 100.00 100.00 100.00 100.00
3.47 7.33 9.35 11.47 100.00 100.00 100.00 100.00 100.00 100.00
1.83 3.43 5.07 6.98 10.65 13.08 16.05 17.51 23.02 31.69
2.12 4.83 4.88 8.01 11.55 13.49 15.70 18.37 100.00 100.00
2.78 6.17 8.19 11.56 14.32 15.02 100.00 100.00 100.00 100.00
3.35 8.03 12.37 15.07 21.42 24.06 31.67 34.47 100.00 100.00
5.40 9.07 15.54 21.44 25.87 33.92 100.00 100.00 100.00 100.00
3.66 6.39 9.36 11.93 16.08 100.00 100.00 100.00 100.00 100.00
3.37 5.81 9.81 12.91 16.85 20.13 28.00 100.00 100.00 100.00
3.91 7.07 9.18 11.74 15.51 18.42 100.00 100.00 100.00 100.00
2.41 3.97 8.51 11.91 14.30 16.42 19.90 23.76 100.00 100.00
2.91 5.55 9.80 11.92 13.40 18.03 19.39 21.13 27.06 100.00
2.17 6.66 8.83 10.22 14.13 18.35 23.47 25.66 100.00 100.00
1.62 5.00 6.55 8.34 11.64 14.13 17.07 19.92 22.45 100.00
5.77 10.67 15.77 20.67 28.32 100.00 100.00 100.00 100.00 100.00
4.20 7.76 10.36 13.83 100.00 100.00 100.00 100.00 100.00 100.00
5.39 8.23 10.29 13.13 18.68 22.55 26.75 100.00 100.00 100.00
5.13 8.88 11.18 12.86 16.62 25.26 27.93 100.00 100.00 100.00
4.02 7.59 9.20 11.47 18.48 24.11 25.56 100.00 100.00 100.00
3.38 5.52 8.19 10.77 15.42 21.07 29.19 32.74 100.00 100.00
5.39 8.90 12.10 15.34 21.69 28.22 100.00 100.00 100.00 100.00
3.67 6.97 9.98 11.53 13.34 100.00 100.00 100.00 100.00 100.00
2.18 4.63 6.69 8.44 10.77 100.00 100.00 100.00 100.00 100.00
5.31 8.69 13.37 15.89 23.50 34.32 100.00 100.00 100.00 100.00
1.95 3.94 6.48 9.85 12.82 15.51 16.65 100.00 100.00 100.00
3.48 7.43 8.45 8.47 11.90 14.42 22.81 100.00 100.00 100.00
3.94 7.76 11.29 14.70 19.08 21.91 24.63 26.95 32.94 100.00
2.96 5.69 8.11 9.44 14.04 15.90 18.54 100.00 100.00 100.00
4.24 7.66 11.28 14.92 22.10 30.70 100.00 100.00 100.00 100.00
4.19 7.73 11.07 14.32 17.64 100.00 100.00 100.00 100.00 100.00
4.36 8.29 10.20 12.22 17.68 19.00 100.00 100.00 100.00 100.00
4.28 9.59 10.75 14.21 16.15 21.56 33.26 100.00 100.00 100.00
