# M63 3D pushover in Y: mass-proportional load, control node 1002
# control displacement (mm), base shear (N)
0 0
0.0499996 3814.59
0.0999996 7629.19
0.15 8421.07
0.2 9038.4
0.25 9610.17
0.3 10015.9
0.35 10421.6
0.4 10827.2
0.45 11232.9
0.5 11638.6
0.55 12044.3
0.6 12447.8
0.65 12848.6
0.7 13249.3
0.75 13650.1
0.8 14050.9
0.85 14451.6
0.9 14852.4
0.95 15253.2
1 15653.9
1.05 16054.7
1.1 16455.5
1.15 16856.2
1.2 17257
1.25 17657.8
1.3 18058.5
1.35 18459.3
1.4 18860.1
1.45 19260.9
1.5 19661.6
1.55 20062.4
1.6 20463.2
1.65 20863.9
1.7 21264.7
1.75 21665.5
1.8 22066.2
1.85 22467
1.9 22867.8
1.95 23268.5
2 23669.3
2.05 24070.1
2.1 24470.9
2.15 24871.6
2.2 25272.4
2.25 25673.2
2.3 26073.9
2.35 26474.7
2.4 26875.5
2.45 27276.2
2.5 27677
2.55 28077.8
2.6 28478.5
2.65 28879.3
2.7 29280.1
2.75 29680.8
2.8 30081.6
2.85 30482.4
2.9 30883.2
2.95 31283.9
3 31684.7
3.05 32085.5
3.1 32486.2
3.15 32887
3.2 33287.8
3.25 33688.5
3.3 34089.3
3.35 34490.1
3.4 34890.8
3.45 35291.6
3.5 35692.4
3.55 36093.1
3.6 36493.9
3.65 36894.7
3.7 37295.5
3.75 37696.2
3.8 38097
3.85 38497.8
3.9 38898.5
3.95 39299.3
4 39700.1
4.05 40100.8
4.1 40501.6
4.15 40902.4
4.2 41303.1
4.25 41703.9
4.3 42104.7
4.35 42505.5
4.4 42906.2
4.45 43307
4.5 43707.8
4.55 44108.5
4.6 44509.3
4.65 44910.1
4.7 45310.8
4.75 45711.6
4.8 46112.4
4.85 46513.1
4.9 46913.9
4.95 47314.7
5 47715.4
5.05 48116.2
5.1 48517
5.15 48917.8
5.2 49318.5
5.25 49719.3
5.3 50120.1
5.35 50520.8
5.4 50921.6
5.45 51322.4
5.5 51723.1
5.55 52123.9
5.6 52524.7
5.65 52925.4
5.7 53326.2
5.75 53727
5.8 54127.7
5.85 54528.5
5.9 54929.3
5.95 55330.1
6 55730.8
6.05 56131.6
6.1 56532.4
6.15 56933.1
6.2 57333.9
6.25 57734.7
6.3 58135.4
6.35 58536.2
6.4 58937
6.45 59337.7
6.5 59738.5
6.55 60139.3
6.6 60540.1
6.65 60940.8
6.7 61341.6
6.75 61742.4
6.8 62143.1
6.85 62543.9
6.9 62944.7
6.95 63345.4
7 63746.2
7.05 64147
7.1 64547.7
7.15 64948.5
7.2 65349.3
7.25 65750
7.3 66150.8
7.35 66551.6
7.4 66952.4
7.45 67353.1
7.5 67753.9
7.55 68154.7
7.6 68555.4
7.65 68956.2
7.7 69357
7.75 69757.7
7.8 70158.5
7.85 70559.3
7.9 70960
7.95 71360.8
8 71761.6
8.05 72162.3
8.1 72563.1
8.15 72963.9
8.2 73364.7
8.25 73765.4
8.3 74166.2
8.35 74567
8.4 74967.7
8.45 75368.5
8.5 75769.3
8.55 76170
8.6 76570.8
8.65 76971.6
8.7 77372.3
8.75 77773.1
8.8 78173.9
8.85 78574.7
8.9 78975.4
8.95 79376.2
9 79777
9.05 80177.7
9.1 80578.5
9.15 80979.3
9.2 81380
9.25 81780.8
9.3 82181.6
9.35 82582.3
9.4 82983.1
9.45 83383.9
9.5 83784.6
9.55 84185.4
9.6 84586.2
9.65 84987
9.7 85387.7
9.75 85788.5
9.8 86189.3
9.85 86590
9.9 86990.8
9.95 87391.6
10 87792.3
10.05 88193.1
10.1 88593.9
10.15 88994.6
10.2 89395.4
10.25 89796.2
10.3 90196.9
10.35 90597.7
10.4 90998.5
10.45 91399.3
10.5 91800
10.55 92200.8
10.6 92601.6
10.65 93001.3
10.7 93400.8
10.75 93798.1
10.8 94194.3
10.85 94590.5
10.9 94986.6
10.95 95382.8
11 95779
11.05 96175.1
11.1 96571.3
11.15 96967.5
11.2 97363.7
11.25 97751.6
11.3 98139.3
11.35 98526.9
11.4 98914.5
11.45 99299.6
11.5 99680.4
11.55 100061
11.6 100442
11.65 100823
11.7 101204
11.75 101584
11.8 101963
11.85 102341
11.9 102719
11.95 103097
12 103475
12.05 103748
12.1 103946
12.15 104144
12.2 104342
12.25 104540
12.3 104738
12.35 104936
12.4 105134
12.45 105332
12.5 105530
12.55 105728
12.6 105926
12.65 106124
12.7 106322
12.75 106520
12.8 106718
12.85 106916
12.9 107114
12.95 107312
13 107510
13.05 107708
13.1 107906
13.15 108104
13.2 108302
13.25 108500
13.3 108698
13.35 108896
13.4 109094
13.45 109292
13.5 109490
13.55 109688
13.6 109886
13.65 110084
13.7 110282
13.75 110480
13.8 110678
13.85 110876
13.9 111074
13.95 111272
14 111470
14.05 111668
14.1 111866
14.15 112064
14.2 112262
14.25 112460
14.3 112658
14.35 112856
14.4 113054
14.45 113252
14.5 113450
14.55 113648
14.6 113846
14.65 114044
14.7 114242
14.75 114440
14.8 114638
14.85 114836
14.9 115034
14.95 115232
15 115430
15.05 115628
15.1 115826
15.15 116024
15.2 116222
15.25 116420
15.3 116618
15.35 116816
15.4 117014
15.45 117212
15.5 117410
15.55 117608
15.6 117806
15.65 118004
15.7 118202
15.75 118400
15.8 118598
15.85 118796
15.9 118994
15.95 119192
16 119390
16.05 119588
16.1 119785
16.15 119983
16.2 120180
16.25 120377
16.3 120575
16.35 120772
16.4 120970
16.45 121167
16.5 121364
16.55 121562
16.6 121759
16.65 121956
16.7 122154
16.75 122351
16.8 122549
16.85 122746
16.9 122943
16.95 123141
17 123338
17.05 123535
17.1 123733
17.15 123930
17.2 124127
17.25 124325
17.3 124522
17.35 124720
17.4 124917
17.45 125114
17.5 125312
17.55 125509
17.6 125706
17.65 125904
17.7 126101
17.75 126298
17.8 126496
17.85 126693
17.9 126891
17.95 127088
18 127285
18.05 127483
18.1 127680
18.15 127877
18.2 128075
18.25 128272
18.3 128469
18.35 128667
18.4 128864
18.45 129062
18.5 129259
18.55 129456
18.6 129654
18.65 129851
18.7 130048
18.75 130246
18.8 130442
18.85 130637
18.9 130832
18.95 131027
19 131222
19.05 131417
19.1 131612
19.15 131807
19.2 132001
19.25 132196
19.3 132391
19.35 132586
19.4 132781
19.45 132974
19.5 133161
19.55 133347
19.6 133533
19.65 133685
19.7 133837
19.75 133959
19.8 134082
19.85 134204
19.9 134327
19.95 134449
20 134572
20.05 134694
20.1 134817
20.15 134939
20.2 135062
20.25 135184
20.3 135307
20.35 135429
20.4 135552
20.45 135674
20.5 135797
20.55 135919
20.6 136032
20.65 136135
20.7 136238
20.75 136340
20.8 136443
20.85 136546
20.9 136648
20.95 136751
21 136854
21.05 136957
21.1 137059
21.15 137162
21.2 137265
21.25 137368
21.3 137470
21.35 137573
21.4 137676
21.45 137778
21.5 137881
21.55 137984
21.6 138087
21.65 138189
21.7 138292
21.75 138395
21.8 138498
21.85 138600
21.9 138703
21.95 138806
22 138908
22.05 139011
22.1 139114
22.15 139217
22.2 139319
22.25 139422
22.3 139524
22.35 139613
22.4 139698
22.45 139783
22.5 139868
22.55 139953
22.6 140038
22.65 140123
22.7 140207
22.75 140292
22.8 140377
22.85 140462
22.9 140547
22.95 140632
23 140717
23.05 140802
23.1 140887
23.15 140972
23.2 141057
23.25 141142
23.3 141227
23.35 141312
23.4 141397
23.45 141482
23.5 141567
23.55 141652
23.6 141737
23.65 141822
23.7 141907
23.75 141992
23.8 142077
23.85 142162
23.9 142245
23.95 142322
24 142398
24.05 142441
24.1 142467
24.15 142494
24.2 142521
24.25 142547
24.3 142574
24.35 142601
24.4 142627
24.45 142654
24.5 142681
24.55 142707
24.6 142734
24.65 142761
24.7 142788
24.75 142814
24.8 142841
24.85 142868
24.9 142894
24.95 142921
25 142948
25.05 142974
25.1 143001
25.15 143028
25.2 143054
25.25 143081
25.3 143108
25.35 143135
25.4 143161
25.45 143188
25.5 143215
25.55 143241
25.6 143268
25.65 143295
25.7 143321
25.75 143348
25.8 143375
25.85 143401
25.9 143428
25.95 143455
26 143482
26.05 143508
26.1 143535
26.15 143562
26.2 143588
26.25 143615
26.3 143642
26.35 143668
26.4 143695
26.45 143722
26.5 143748
26.55 143775
26.6 143802
26.65 143829
26.7 143855
26.75 143882
26.8 143909
26.85 143935
26.9 143962
26.95 143989
27 144015
27.05 144042
27.1 144069
27.15 144095
27.2 144122
27.25 144149
27.3 144176
27.35 144202
27.4 144229
27.45 144256
27.5 144282
27.55 144309
27.6 144336
27.65 144362
27.7 144389
27.75 144416
27.8 144443
27.85 144469
27.9 144496
27.95 144523
28 144549
28.05 144576
28.1 144603
28.15 144629
28.2 144656
28.25 144683
28.3 144709
28.35 144736
28.4 144763
28.45 144790
28.5 144816
28.55 144843
28.6 144870
28.65 144896
28.7 144923
28.75 144950
28.8 144976
28.85 145003
28.9 145030
28.95 145056
29 145083
29.05 145110
29.1 145137
29.15 145163
29.2 145190
29.25 145217
29.3 145243
29.35 145270
29.4 145297
29.45 145323
29.5 145350
29.55 145377
29.6 145403
29.65 145430
29.7 145457
29.75 145484
29.8 145510
29.85 145537
29.9 145564
29.95 145590
30 145617
30.05 145644
30.1 145670
30.15 145697
30.2 145724
30.25 36333.3
30.3 37125.6
30.35 37857.7
30.4 38589.7
30.45 39321.8
30.5 39858.7
30.55 40351.2
30.6 40823.2
30.65 41076
30.7 41084.1
30.75 41092.2
30.8 41100.3
30.85 41108.5
30.9 41116.6
30.95 41124.7
31 41132.9
31.05 41141
31.1 41149.1
31.15 41157.2
31.2 41165.4
31.25 41173.5
31.3 41181.6
31.35 41189.8
31.4 41197.9
31.45 41206
31.5 41214.1
31.55 41222.3
31.6 41230.4
31.65 41238.5
31.7 41246.6
31.75 41254.8
31.8 41262.9
31.85 41271
31.9 41279.2
31.95 41287.3
32 41295.4
32.05 41303.5
32.1 41311.7
32.15 41319.8
32.2 41327.9
32.25 41336.1
32.3 41344.2
32.35 41352.3
32.4 41360.4
32.45 41368.6
32.5 41376.7
32.55 41384.8
32.6 41393
32.65 41401.1
32.7 41409.2
32.75 41417.3
32.8 41425.5
32.85 41433.6
32.9 41441.7
32.95 41449.8
33 41458
33.05 41466.1
33.1 41474.2
33.15 41482.4
33.2 41490.5
33.25 41498.6
33.3 41506.7
33.35 41514.9
33.4 41523
33.45 41531.1
33.5 41539.3
33.55 41547.4
33.6 41555.5
33.65 41563.6
33.7 41571.8
33.75 41579.9
33.8 41588
33.85 41596.1
33.9 41604.3
33.95 41612.4
34 41620.5
34.05 41628.7
34.1 41636.8
34.15 41644.9
34.2 41653
34.25 41661.2
34.3 41669.3
34.35 41677.4
34.4 41685.6
34.45 41693.7
34.5 41701.8
34.55 41709.9
34.6 41718.1
34.65 41726.2
34.7 41734.3
34.75 41742.4
34.8 41750.6
34.85 41758.7
34.9 41766.8
34.95 41775
35 41783.1
35.05 41791.2
35.1 41799.3
35.15 41807.5
35.2 41815.6
35.25 41823.7
35.3 41831.9
35.35 41840
35.4 41848.1
35.45 41856.2
35.5 41864.4
35.55 41872.5
35.6 41880.6
35.65 41888.7
35.7 41896.9
35.75 41905
35.8 41913.1
35.85 41921.3
35.9 41929.4
35.95 41937.5
36 41945.6
36.05 41953.8
36.1 41961.9
36.15 41970
36.2 41978.2
36.25 41986.3
36.3 41994.4
36.35 42002.5
36.4 42010.7
36.45 42018.8
36.5 42026.9
36.55 42035.1
36.6 42043.2
36.65 42051.3
36.7 42059.4
36.75 42067.6
36.8 42075.7
36.85 42083.8
36.9 42091.9
36.95 42100.1
37 42108.2
37.05 42116.3
37.1 42124.5
37.15 42132.6
37.2 42140.7
37.25 42148.8
37.3 42157
37.35 42165.1
37.4 42173.2
37.45 42181.4
37.5 42189.5
37.55 42197.6
37.6 42205.7
37.65 42213.9
37.7 42222
37.75 42230.1
37.8 42238.2
37.85 42246.4
37.9 42254.5
37.95 42262.6
38 42270.8
38.05 42278.9
38.1 42287
38.15 42295.1
38.2 42303.3
38.25 42311.4
38.3 42319.5
38.35 42327.7
38.4 42335.8
38.45 42343.9
38.5 42352
38.55 42360.2
38.6 42368.3
38.65 42376.4
38.7 42384.5
38.75 42392.7
38.8 42400.8
38.85 42408.9
38.9 42417.1
38.95 42425.2
39 42433.3
39.05 42441.4
39.1 42449.6
39.15 42457.7
39.2 42465.8
39.25 42474
39.3 42482.1
39.35 42490.2
39.4 42498.3
39.45 42506.5
39.5 42514.6
39.55 42522.7
39.6 42530.8
39.65 42539
39.7 42547.1
39.75 42555.2
39.8 42563.4
39.85 42571.5
39.9 42579.6
39.95 42587.7
40 42595.9
40.05 42604
40.1 42612.1
40.15 42620.3
40.2 42628.4
40.25 42636.5
40.3 42644.6
40.35 42652.8
40.4 42660.9
40.45 42669
40.5 42677.2
40.55 42685.3
40.6 42693.4
40.65 42701.5
40.7 42709.7
40.75 42717.8
40.8 42725.9
40.85 42734
40.9 42742.2
40.95 42750.3
41 42758.4
41.05 42766.6
41.1 42774.7
41.15 42782.8
41.2 42790.9
41.25 42799.1
41.3 42807.2
41.35 42815.3
41.4 42823.5
41.45 42831.6
41.5 42839.7
41.55 42847.8
41.6 42856
41.65 42864.1
41.7 42872.2
41.75 42880.3
41.8 42888.5
41.85 42896.6
41.9 42904.7
41.95 42912.9
42 42921
42.05 42929.1
42.1 42937.2
42.15 42945.4
42.2 42953.5
42.25 42961.6
42.3 42969.8
42.35 42977.9
42.4 42986
42.45 42994.1
42.5 43002.3
42.55 43010.4
42.6 43018.5
42.65 43026.6
42.7 43034.8
42.75 43042.9
42.8 43051
42.85 43059.2
42.9 43067.3
42.95 43075.4
43 43083.5
43.05 43091.7
43.1 43099.8
43.15 43107.9
43.2 43116.1
43.25 43124.2
43.3 43132.3
43.35 43140.4
43.4 43148.6
43.45 43156.7
43.5 43164.8
43.55 43173
43.6 43181.1
43.65 43189.2
43.7 43197.3
43.75 43205.5
43.8 43213.6
43.85 43221.7
43.9 43229.8
43.95 43238
44 43246.1
44.05 43254.2
44.1 43262.4
44.15 43270.5
44.2 43278.6
44.25 43286.7
44.3 43294.9
44.35 43303
44.4 43311.1
44.45 43319.3
44.5 43327.4
44.55 43335.5
44.6 43343.6
44.65 43351.8
44.7 43359.9
44.75 43368
44.8 43376.1
44.85 43384.3
44.9 43392.4
44.95 43400.5
45 43408.7
45.05 43416.8
45.1 43424.9
45.15 43433
45.2 43441.2
45.25 43449.3
45.3 43457.4
45.35 43465.6
45.4 43473.7
45.45 43481.8
45.5 43489.9
45.55 43498.1
45.6 43506.2
45.65 43514.3
45.7 43522.4
45.75 43530.6
45.8 43538.7
45.85 43546.8
45.9 43555
45.95 43563.1
46 43571.2
46.05 43579.3
46.1 43587.5
46.15 43595.6
46.2 43603.7
46.25 43611.9
46.3 43620
46.35 43628.1
46.4 43636.2
46.45 43644.4
46.5 43652.5
46.55 43660.6
46.6 43668.7
46.65 43676.9
46.7 43685
46.75 43693.1
46.8 43701.3
46.85 43709.4
46.9 43717.5
46.95 43725.6
47 43733.8
47.05 43741.9
47.1 43750
47.15 43758.2
47.2 43766.3
47.25 43774.4
47.3 43782.5
47.35 43790.7
47.4 43798.8
47.45 43806.9
47.5 43815.1
47.55 43823.2
47.6 43831.3
47.65 43839.4
47.7 43847.6
47.75 43855.7
47.8 43863.8
47.85 43871.9
47.9 43880.1
47.95 43888.2
48 43896.3
48.05 43904.5
48.1 43912.6
48.15 43920.7
48.2 43928.8
48.25 43937
48.3 43945.1
48.35 43953.2
48.4 43961.4
48.45 43969.5
48.5 43977.6
48.55 43985.7
48.6 43993.9
48.65 44002
48.7 44010.1
48.75 44018.2
48.8 44026.4
48.85 44034.5
48.9 44042.6
48.95 44050.8
49 44058.9
49.05 44067
49.1 44075.1
49.15 44083.3
49.2 44091.4
49.25 44099.5
49.3 44107.7
49.35 44115.8
49.4 44123.9
49.45 44132
49.5 44140.2
49.55 44148.3
49.6 44156.4
49.65 44164.5
49.7 44172.7
49.75 44180.8
49.8 44188.9
49.85 44197.1
49.9 44205.2
49.95 44213.3
50 44221.4
50.05 44229.6
50.1 44237.7
50.15 44245.8
50.2 44254
50.25 44262.1
50.3 44270.2
50.35 44278.3
50.4 44286.5
50.45 44294.6
50.5 44302.7
50.55 44310.8
50.6 44319
50.65 44327.1
50.7 44335.2
50.75 44343.4
50.8 44351.5
50.85 44359.6
50.9 44367.7
50.95 44375.9
51 44384
51.05 44392.1
51.1 44400.3
51.15 44408.4
51.2 44416.5
51.25 44424.6
51.3 44432.8
51.35 44440.9
51.4 44449
51.45 44457.2
51.5 44465.3
51.55 44473.4
51.6 44481.5
51.65 44489.7
51.7 44497.8
51.75 44505.9
51.8 44514
51.85 44522.2
51.9 44530.3
51.95 44538.4
52 44546.6
52.05 44554.7
52.1 44562.8
52.15 44570.9
52.2 44579.1
52.25 44587.2
52.3 44595.3
52.35 44603.5
52.4 44611.6
52.45 44619.7
52.5 44627.8
52.55 44636
52.6 44644.1
52.65 44652.2
52.7 44660.3
52.75 44668.5
52.8 44676.6
52.85 44684.7
52.9 44692.9
52.95 44701
53 44709.1
53.05 44717.2
53.1 44725.4
53.15 44733.5
53.2 44741.6
53.25 44749.8
53.3 44757.9
53.35 44766
53.4 44774.1
53.45 44782.3
53.5 44790.4
53.55 44798.5
53.6 44806.6
53.65 44814.8
53.7 44822.9
53.75 44831
53.8 44839.2
53.85 44847.3
53.9 44855.4
53.95 44863.5
54 44871.7
54.05 44879.8
54.1 44887.9
54.15 44896.1
54.2 44904.2
54.25 44912.3
54.3 44920.4
54.35 44928.6
54.4 44936.7
54.45 44944.8
54.5 44952.9
54.55 44961.1
54.6 44969.2
54.65 44977.3
54.7 44985.5
54.75 44993.6
54.8 45001.7
54.85 45009.8
54.9 45018
54.95 45026.1
55 45034.2
55.05 45042.4
55.1 45050.5
55.15 45058.6
55.2 45066.7
55.25 45074.9
55.3 45083
55.35 45091.1
55.4 45099.3
55.45 45107.4
55.5 45115.5
55.55 45123.6
55.6 45131.8
55.65 45139.9
55.7 45148
55.75 45156.1
55.8 45164.3
55.85 45172.4
55.9 45180.5
55.95 45188.7
56 45196.8
56.05 45204.9
56.1 45213
56.15 45221.2
56.2 45229.3
56.25 45237.4
56.3 45245.6
56.35 45253.7
56.4 45261.8
56.45 45269.9
56.5 45278.1
56.55 45286.2
56.6 45294.3
56.65 45302.4
56.7 45310.6
56.75 45318.7
56.8 45326.8
56.85 45335
56.9 45343.1
56.95 45351.2
57 45359.3
57.05 45367.5
57.1 45375.6
57.15 45383.7
57.2 45391.9
57.25 45400
57.3 45408.1
57.35 45416.2
57.4 45424.4
57.45 45432.5
57.5 45440.6
57.55 45448.7
57.6 45456.9
57.65 45465
57.7 45473.1
57.75 45481.3
57.8 45489.4
57.85 45497.5
57.9 45505.6
57.95 45513.8
58 45521.9
58.05 45530
58.1 45538.2
58.15 45546.3
58.2 45554.4
58.25 45562.5
58.3 45570.7
58.35 45578.8
58.4 45586.9
58.45 45595
58.5 45603.2
58.55 45611.3
58.6 45619.4
58.65 45627.6
58.7 45635.7
58.75 45643.8
58.8 45651.9
58.85 45660.1
58.9 45668.2
58.95 45676.3
59 45684.5
59.05 45692.6
59.1 45700.7
59.15 45708.8
59.2 45717
59.25 45725.1
59.3 45733.2
59.35 45741.4
59.4 45749.5
59.45 45757.6
59.5 45765.7
59.55 45773.9
59.6 45782
59.65 45790.1
59.7 45798.2
59.75 45806.4
59.8 45814.5
59.85 45822.6
59.9 45830.8
59.95 45838.9
60 45847
