0.100 0.974 14.286 949.296 0.983 0.087 1.169 1.146 1.148 1.166 1.171 1.181 1.181 1.183 1.087 1.069 1.069 0.883 0.883 0.877 0.861 0.853 0.853 0.855 0.860 0.860 0.868 0.868 1.037 1.013 1.000 0.099 0.097 0.097 0.099 0.099 0.100 0.100 0.100 0.092 0.090 0.090 0.075 0.075 0.074 0.073 0.072 0.072 0.072 0.073 0.073 0.073 0.073 0.088 0.086 0.085 0.064 0.006 0.065 0.068 0.014 0.070 0.070 0.020 0.016 0.064 0.064 0.010 0.052 0.015 0.048 0.046 0.007 0.051 0.048 0.010 0.052 0.013 0.020 0.056 0.053
1.118 0.974 14.286 10616.620 0.983 0.970 1.169 1.146 1.148 1.166 1.171 1.181 1.181 1.183 1.087 1.069 1.069 0.883 0.883 0.877 0.861 0.853 0.853 0.855 0.860 0.860 0.868 0.868 1.037 1.013 1.000 1.105 1.083 1.085 1.102 1.107 1.117 1.117 1.118 1.027 1.010 1.010 0.834 0.834 0.829 0.813 0.807 0.806 0.808 0.813 0.813 0.821 0.820 0.980 0.957 0.945 0.064 0.006 0.065 0.068 0.014 0.070 0.070 0.020 0.016 0.064 0.064 0.010 0.052 0.015 0.048 0.046 0.007 0.051 0.048 0.010 0.052 0.013 0.020 0.056 0.053
2.137 0.974 14.286 20283.944 0.983 1.854 1.169 1.146 1.148 1.166 1.171 1.181 1.181 1.183 1.087 1.069 1.069 0.883 0.883 0.877 0.861 0.853 0.853 0.855 0.860 0.860 0.868 0.868 1.037 1.013 1.000 2.111 2.070 2.073 2.106 2.116 2.134 2.134 2.137 1.963 1.931 1.931 1.594 1.594 1.585 1.554 1.541 1.541 1.544 1.553 1.553 1.568 1.567 1.873 1.829 1.806 0.064 0.006 0.065 0.068 0.014 0.070 0.070 0.020 0.016 0.064 0.064 0.010 0.052 0.015 0.048 0.046 0.007 0.051 0.048 0.010 0.052 0.013 0.020 0.056 0.053
3.155 0.974 14.286 29951.269 0.983 2.738 1.169 1.146 1.148 1.166 1.171 1.181 1.181 1.183 1.087 1.069 1.069 0.883 0.883 0.877 0.861 0.853 0.853 0.855 0.860 0.860 0.868 0.868 1.037 1.013 1.000 3.117 3.056 3.060 3.110 3.124 3.151 3.151 3.155 2.898 2.851 2.851 2.354 2.354 2.340 2.295 2.276 2.275 2.280 2.294 2.294 2.315 2.315 2.765 2.701 2.667 0.064 0.006 0.065 0.068 0.014 0.070 0.070 0.020 0.016 0.064 0.064 0.010 0.052 0.015 0.048 0.046 0.007 0.051 0.048 0.010 0.052 0.013 0.020 0.056 0.053
4.173 0.974 14.286 39618.593 0.983 3.621 1.169 1.146 1.148 1.166 1.171 1.181 1.181 1.183 1.087 1.069 1.069 0.883 0.883 0.877 0.861 0.853 0.853 0.855 0.860 0.860 0.868 0.868 1.037 1.013 1.000 4.123 4.043 4.048 4.114 4.132 4.168 4.168 4.173 3.833 3.771 3.771 3.114 3.114 3.095 3.036 3.011 3.009 3.016 3.034 3.034 3.062 3.062 3.658 3.573 3.528 0.064 0.006 0.065 0.068 0.014 0.070 0.070 0.020 0.016 0.064 0.064 0.010 0.052 0.015 0.048 0.046 0.007 0.051 0.048 0.010 0.052 0.013 0.020 0.056 0.053
5.192 0.974 14.286 49285.917 0.983 4.505 1.169 1.146 1.148 1.166 1.171 1.181 1.181 1.183 1.087 1.069 1.069 0.883 0.883 0.877 0.861 0.853 0.853 0.855 0.860 0.860 0.868 0.868 1.037 1.013 1.000 5.128 5.029 5.036 5.117 5.141 5.185 5.185 5.192 4.768 4.691 4.691 3.873 3.873 3.851 3.776 3.745 3.743 3.752 3.774 3.774 3.809 3.809 4.551 4.445 4.389 0.064 0.006 0.065 0.068 0.014 0.070 0.070 0.020 0.016 0.064 0.064 0.010 0.052 0.015 0.048 0.046 0.007 0.051 0.048 0.010 0.052 0.013 0.020 0.056 0.053
6.210 0.974 14.286 58953.241 0.983 5.388 1.169 1.146 1.148 1.166 1.171 1.181 1.181 1.183 1.087 1.069 1.069 0.883 0.883 0.877 0.861 0.853 0.853 0.855 0.860 0.860 0.868 0.868 1.037 1.013 1.000 6.134 6.016 6.024 6.121 6.149 6.202 6.202 6.210 5.704 5.611 5.611 4.633 4.633 4.606 4.517 4.480 4.478 4.488 4.515 4.515 4.557 4.556 5.443 5.316 5.249 0.064 0.006 0.065 0.068 0.014 0.070 0.070 0.020 0.016 0.064 0.064 0.010 0.052 0.015 0.048 0.046 0.007 0.051 0.048 0.010 0.052 0.013 0.020 0.056 0.053
7.229 0.974 14.286 68620.565 0.983 6.272 1.169 1.146 1.148 1.166 1.171 1.181 1.181 1.183 1.087 1.069 1.069 0.883 0.883 0.877 0.861 0.853 0.853 0.855 0.860 0.860 0.868 0.868 1.037 1.013 1.000 7.140 7.002 7.012 7.125 7.157 7.219 7.219 7.229 6.639 6.531 6.531 5.393 5.393 5.361 5.258 5.215 5.212 5.224 5.255 5.255 5.304 5.303 6.336 6.188 6.110 0.064 0.006 0.065 0.068 0.014 0.070 0.070 0.020 0.016 0.064 0.064 0.010 0.052 0.015 0.048 0.046 0.007 0.051 0.048 0.010 0.052 0.013 0.020 0.056 0.053
8.247 0.974 14.286 78287.889 0.983 7.156 1.169 1.146 1.148 1.166 1.171 1.181 1.181 1.183 1.087 1.069 1.069 0.883 0.883 0.877 0.861 0.853 0.853 0.855 0.860 0.860 0.868 0.868 1.037 1.013 1.000 8.146 7.989 7.999 8.128 8.166 8.236 8.236 8.247 7.574 7.451 7.451 6.153 6.152 6.117 5.999 5.949 5.946 5.960 5.995 5.995 6.051 6.050 7.228 7.060 6.971 0.064 0.006 0.065 0.068 0.014 0.070 0.070 0.020 0.016 0.064 0.064 0.010 0.052 0.015 0.048 0.046 0.007 0.051 0.048 0.010 0.052 0.013 0.020 0.056 0.053
9.265 0.974 14.286 87955.213 0.983 8.039 1.169 1.146 1.148 1.166 1.171 1.181 1.181 1.183 1.087 1.069 1.069 0.883 0.883 0.877 0.861 0.853 0.853 0.855 0.860 0.860 0.868 0.868 1.037 1.013 1.000 9.152 8.975 8.987 9.132 9.174 9.253 9.253 9.265 8.510 8.371 8.371 6.912 6.912 6.872 6.739 6.684 6.680 6.696 6.736 6.736 6.798 6.797 8.121 7.932 7.832 0.064 0.006 0.065 0.068 0.014 0.070 0.070 0.020 0.016 0.064 0.064 0.010 0.052 0.015 0.048 0.046 0.007 0.051 0.048 0.010 0.052 0.013 0.020 0.056 0.053
10.284 0.974 14.286 97622.708 0.983 8.923 1.169 1.146 1.148 1.166 1.171 1.181 1.181 1.183 1.087 1.069 1.069 0.883 0.883 0.877 0.861 0.853 0.853 0.855 0.860 0.860 0.868 0.868 1.037 1.013 1.000 10.158 9.962 9.975 10.136 10.182 10.270 10.270 10.284 9.445 9.291 9.291 7.672 7.672 7.627 7.480 7.419 7.415 7.432 7.476 7.476 7.546 7.544 9.014 8.804 8.693 0.064 0.006 0.065 0.068 0.014 0.070 0.070 0.020 0.016 0.064 0.064 0.010 0.052 0.015 0.048 0.046 0.007 0.051 0.048 0.010 0.052 0.013 0.020 0.056 0.053
11.302 0.974 14.286 107125.171 0.983 9.806 1.168 1.146 1.148 1.166 1.171 1.182 1.182 1.183 1.087 1.069 1.069 0.883 0.883 0.877 0.861 0.853 0.853 0.855 0.860 0.860 0.868 0.868 1.037 1.013 1.000 11.160 10.950 10.964 11.140 11.191 11.287 11.287 11.302 10.380 10.211 10.211 8.432 8.431 8.382 8.221 8.153 8.148 8.168 8.216 8.216 8.292 8.291 9.906 9.675 9.553 0.064 0.006 0.065 0.068 0.014 0.070 0.070 0.020 0.016 0.064 0.064 0.010 0.052 0.015 0.048 0.046 0.007 0.051 0.048 0.010 0.052 0.013 0.020 0.056 0.053
12.320 0.974 14.285 116181.256 0.983 10.685 1.169 1.147 1.149 1.167 1.173 1.183 1.183 1.184 1.087 1.069 1.069 0.883 0.883 0.877 0.861 0.853 0.853 0.855 0.860 0.860 0.868 0.868 1.037 1.013 1.000 12.162 11.938 11.954 12.144 12.199 12.305 12.305 12.320 11.306 11.122 11.122 9.183 9.183 9.129 8.953 8.880 8.875 8.896 8.948 8.948 9.031 9.029 10.788 10.537 10.404 0.064 0.006 0.065 0.068 0.014 0.070 0.070 0.020 0.016 0.064 0.064 0.010 0.052 0.015 0.048 0.046 0.007 0.051 0.048 0.010 0.052 0.013 0.020 0.056 0.053
13.339 0.971 14.277 123343.030 0.983 11.556 1.177 1.155 1.157 1.174 1.179 1.188 1.188 1.189 1.089 1.071 1.071 0.884 0.884 0.878 0.861 0.854 0.854 0.856 0.860 0.860 0.868 0.868 1.037 1.013 1.000 13.196 12.957 12.973 13.171 13.228 13.328 13.328 13.339 12.210 12.010 12.010 9.913 9.912 9.851 9.660 9.579 9.574 9.596 9.650 9.650 9.738 9.736 11.631 11.359 11.216 0.065 0.006 0.065 0.068 0.014 0.070 0.070 0.020 0.016 0.063 0.063 0.010 0.052 0.015 0.048 0.046 0.007 0.051 0.048 0.009 0.052 0.013 0.020 0.056 0.053
14.357 0.974 14.290 130090.194 0.983 12.484 1.169 1.148 1.149 1.166 1.171 1.180 1.180 1.181 1.086 1.068 1.068 0.884 0.884 0.879 0.862 0.855 0.854 0.856 0.861 0.861 0.869 0.869 1.036 1.012 1.000 14.212 13.959 13.976 14.182 14.241 14.346 14.346 14.357 13.205 12.994 12.994 10.756 10.756 10.690 10.483 10.396 10.390 10.414 10.474 10.474 10.571 10.569 12.599 12.313 12.161 0.064 0.006 0.065 0.068 0.014 0.070 0.070 0.020 0.016 0.063 0.063 0.010 0.053 0.015 0.048 0.046 0.007 0.051 0.048 0.010 0.052 0.013 0.020 0.056 0.053
15.376 0.980 14.300 136217.582 0.984 13.417 1.159 1.138 1.139 1.156 1.160 1.169 1.169 1.170 1.080 1.063 1.063 0.883 0.883 0.877 0.860 0.853 0.852 0.854 0.859 0.859 0.867 0.867 1.033 1.011 1.000 15.230 14.962 14.980 15.194 15.255 15.363 15.363 15.376 14.199 13.976 13.976 11.602 11.602 11.530 11.306 11.212 11.206 11.232 11.296 11.296 11.402 11.400 13.576 13.295 13.146 0.064 0.006 0.064 0.067 0.014 0.070 0.070 0.020 0.016 0.063 0.063 0.010 0.053 0.015 0.048 0.046 0.007 0.051 0.048 0.010 0.052 0.013 0.020 0.056 0.054
16.394 0.983 14.308 141857.484 0.985 14.348 1.152 1.132 1.133 1.149 1.154 1.161 1.161 1.162 1.077 1.060 1.060 0.883 0.883 0.876 0.859 0.852 0.852 0.854 0.858 0.858 0.866 0.866 1.030 1.010 1.000 16.251 15.969 15.988 16.208 16.271 16.381 16.381 16.394 15.190 14.955 14.955 12.449 12.448 12.361 12.122 12.020 12.012 12.040 12.106 12.106 12.219 12.217 14.529 14.252 14.105 0.064 0.006 0.064 0.067 0.014 0.070 0.070 0.020 0.016 0.064 0.064 0.010 0.053 0.015 0.048 0.046 0.007 0.051 0.048 0.010 0.052 0.013 0.020 0.056 0.054
17.412 0.987 14.318 145970.454 0.985 15.291 1.144 1.124 1.125 1.141 1.145 1.152 1.152 1.153 1.072 1.056 1.056 0.881 0.881 0.876 0.859 0.852 0.852 0.854 0.858 0.858 0.866 0.866 1.028 1.010 1.000 17.270 16.973 16.992 17.221 17.285 17.399 17.399 17.412 16.182 15.937 15.937 13.307 13.306 13.219 12.974 12.870 12.863 12.891 12.959 12.959 13.074 13.072 15.517 15.243 15.098 0.064 0.006 0.064 0.067 0.014 0.069 0.069 0.020 0.016 0.063 0.063 0.010 0.053 0.015 0.049 0.046 0.007 0.051 0.048 0.010 0.052 0.013 0.020 0.056 0.054
18.431 0.990 14.325 149622.173 0.986 16.227 1.138 1.120 1.121 1.136 1.140 1.147 1.147 1.148 1.069 1.053 1.053 0.881 0.881 0.876 0.860 0.853 0.853 0.855 0.859 0.859 0.866 0.866 1.026 1.009 1.000 18.284 17.987 18.006 18.237 18.302 18.418 18.418 18.431 17.171 16.914 16.914 14.156 14.155 14.063 13.812 13.705 13.696 13.724 13.792 13.792 13.906 13.903 16.475 16.204 16.060 0.064 0.006 0.064 0.067 0.014 0.069 0.069 0.019 0.016 0.063 0.063 0.010 0.053 0.015 0.049 0.046 0.007 0.051 0.048 0.010 0.052 0.013 0.020 0.056 0.054
19.449 0.993 14.334 153311.866 0.986 17.170 1.131 1.114 1.115 1.129 1.133 1.140 1.140 1.140 1.065 1.049 1.049 0.880 0.880 0.875 0.860 0.853 0.853 0.855 0.859 0.859 0.866 0.865 1.024 1.008 1.000 19.292 18.995 19.015 19.250 19.316 19.435 19.435 19.449 18.163 17.896 17.896 15.013 15.012 14.921 14.664 14.555 14.547 14.576 14.646 14.646 14.762 14.759 17.464 17.196 17.054 0.063 0.006 0.064 0.066 0.014 0.069 0.069 0.019 0.016 0.063 0.063 0.010 0.053 0.015 0.049 0.047 0.007 0.052 0.048 0.010 0.052 0.013 0.020 0.056 0.054
20.467 0.997 14.341 157006.663 0.987 18.114 1.125 1.108 1.109 1.122 1.126 1.133 1.133 1.134 1.061 1.046 1.046 0.879 0.879 0.874 0.860 0.854 0.853 0.855 0.859 0.859 0.865 0.865 1.022 1.008 1.000 20.299 20.003 20.023 20.262 20.330 20.453 20.453 20.467 19.156 18.878 18.878 15.871 15.870 15.779 15.518 15.407 15.399 15.429 15.502 15.502 15.620 15.617 18.455 18.192 18.051 0.063 0.006 0.064 0.066 0.014 0.069 0.069 0.019 0.016 0.063 0.063 0.010 0.053 0.016 0.049 0.047 0.007 0.052 0.049 0.010 0.053 0.013 0.020 0.057 0.054
21.486 0.998 14.346 160647.552 0.987 19.051 1.121 1.105 1.106 1.119 1.123 1.129 1.129 1.130 1.059 1.044 1.044 0.879 0.879 0.874 0.860 0.854 0.854 0.855 0.859 0.859 0.865 0.865 1.021 1.007 1.000 21.312 21.016 21.036 21.278 21.347 21.471 21.471 21.486 20.144 19.855 19.855 16.721 16.720 16.625 16.357 16.243 16.234 16.264 16.337 16.337 16.454 16.450 19.416 19.155 19.016 0.063 0.006 0.063 0.066 0.014 0.068 0.068 0.019 0.016 0.063 0.063 0.010 0.053 0.016 0.049 0.047 0.007 0.052 0.049 0.010 0.053 0.013 0.020 0.057 0.054
22.504 0.999 14.361 164090.185 0.988 20.036 1.115 1.100 1.101 1.113 1.117 1.123 1.123 1.124 1.056 1.041 1.041 0.883 0.883 0.879 0.865 0.859 0.859 0.860 0.864 0.864 0.870 0.870 1.021 1.007 1.000 22.317 22.022 22.042 22.289 22.360 22.489 22.489 22.504 21.139 20.847 20.847 17.687 17.686 17.591 17.317 17.201 17.192 17.223 17.296 17.296 17.414 17.409 20.435 20.165 20.020 0.063 0.006 0.063 0.066 0.014 0.068 0.068 0.019 0.016 0.063 0.063 0.010 0.054 0.016 0.049 0.047 0.007 0.052 0.049 0.010 0.053 0.013 0.020 0.057 0.054
23.522 0.996 14.374 167182.364 0.989 21.014 1.115 1.101 1.102 1.113 1.117 1.123 1.123 1.124 1.057 1.043 1.043 0.893 0.892 0.888 0.874 0.868 0.868 0.869 0.873 0.873 0.878 0.878 1.021 1.007 1.000 23.332 23.037 23.057 23.306 23.378 23.507 23.507 23.522 22.125 21.833 21.833 18.682 18.681 18.579 18.297 18.176 18.166 18.197 18.270 18.270 18.388 18.384 21.376 21.087 20.932 0.063 0.006 0.063 0.066 0.013 0.068 0.068 0.019 0.016 0.063 0.063 0.010 0.054 0.016 0.050 0.047 0.007 0.052 0.049 0.010 0.053 0.013 0.020 0.056 0.054
24.541 0.994 14.387 169953.141 0.990 21.996 1.113 1.099 1.100 1.112 1.115 1.121 1.121 1.122 1.057 1.043 1.043 0.900 0.900 0.895 0.882 0.876 0.876 0.877 0.881 0.881 0.886 0.886 1.022 1.008 1.000 24.341 24.046 24.066 24.319 24.393 24.526 24.526 24.541 23.110 22.818 22.818 19.680 19.680 19.577 19.289 19.166 19.156 19.188 19.264 19.264 19.387 19.383 22.345 22.037 21.872 0.062 0.006 0.063 0.065 0.013 0.068 0.068 0.019 0.016 0.063 0.063 0.010 0.054 0.016 0.050 0.048 0.007 0.053 0.050 0.010 0.054 0.013 0.020 0.056 0.054
25.559 0.991 14.396 171983.558 0.991 22.968 1.114 1.101 1.102 1.113 1.116 1.122 1.122 1.122 1.057 1.045 1.045 0.907 0.907 0.902 0.889 0.884 0.883 0.885 0.888 0.888 0.893 0.893 1.022 1.008 1.000 25.370 25.074 25.095 25.347 25.420 25.547 25.547 25.559 24.081 23.788 23.788 20.656 20.655 20.546 20.250 20.123 20.113 20.144 20.220 20.220 20.345 20.341 23.273 22.946 22.772 0.062 0.006 0.063 0.065 0.013 0.067 0.067 0.019 0.016 0.063 0.063 0.011 0.055 0.016 0.050 0.048 0.007 0.053 0.050 0.010 0.054 0.013 0.020 0.056 0.054
26.578 0.991 14.407 173816.993 0.992 23.967 1.111 1.099 1.100 1.110 1.113 1.119 1.119 1.119 1.057 1.045 1.045 0.913 0.913 0.908 0.896 0.890 0.890 0.891 0.895 0.895 0.900 0.900 1.022 1.008 1.000 26.385 26.089 26.110 26.363 26.437 26.565 26.565 26.578 25.096 24.803 24.803 21.678 21.678 21.568 21.267 21.138 21.128 21.161 21.240 21.240 21.371 21.367 24.273 23.928 23.744 0.062 0.006 0.062 0.065 0.013 0.067 0.067 0.019 0.016 0.063 0.063 0.011 0.055 0.016 0.050 0.048 0.007 0.053 0.050 0.010 0.054 0.013 0.020 0.056 0.054
27.596 0.990 14.416 175181.862 0.992 24.967 1.108 1.096 1.097 1.107 1.110 1.116 1.116 1.116 1.056 1.044 1.044 0.918 0.918 0.913 0.900 0.895 0.894 0.896 0.899 0.899 0.904 0.904 1.022 1.007 1.000 27.408 27.112 27.133 27.385 27.458 27.584 27.584 27.596 26.113 25.820 25.820 22.691 22.690 22.573 22.263 22.129 22.118 22.151 22.228 22.228 22.361 22.357 25.259 24.912 24.727 0.062 0.006 0.062 0.065 0.013 0.067 0.067 0.019 0.016 0.063 0.063 0.011 0.055 0.016 0.051 0.048 0.007 0.054 0.050 0.010 0.054 0.013 0.019 0.056 0.054
28.614 0.991 14.425 176537.588 0.993 25.977 1.104 1.092 1.093 1.103 1.106 1.111 1.111 1.111 1.054 1.042 1.042 0.921 0.921 0.916 0.904 0.899 0.898 0.900 0.903 0.903 0.908 0.908 1.021 1.007 1.000 28.423 28.127 28.147 28.401 28.474 28.602 28.602 28.614 27.136 26.844 26.844 23.718 23.717 23.598 23.282 23.146 23.135 23.169 23.249 23.249 23.387 23.384 26.285 25.937 25.753 0.061 0.006 0.062 0.064 0.013 0.067 0.067 0.019 0.016 0.062 0.062 0.011 0.055 0.016 0.051 0.049 0.007 0.054 0.051 0.010 0.055 0.013 0.019 0.056 0.054
29.633 0.992 14.433 177433.985 0.993 26.991 1.099 1.088 1.089 1.098 1.101 1.106 1.106 1.106 1.051 1.040 1.040 0.924 0.924 0.920 0.908 0.902 0.902 0.903 0.906 0.906 0.912 0.912 1.020 1.007 1.000 29.437 29.141 29.161 29.416 29.490 29.620 29.620 29.633 28.160 27.869 27.869 24.752 24.751 24.629 24.309 24.172 24.161 24.196 24.279 24.279 24.423 24.420 27.317 26.969 26.784 0.061 0.006 0.062 0.064 0.013 0.066 0.066 0.019 0.016 0.062 0.062 0.011 0.055 0.016 0.051 0.049 0.007 0.054 0.051 0.010 0.055 0.013 0.019 0.056 0.054
30.651 0.992 14.440 177546.945 0.994 27.998 1.097 1.086 1.087 1.096 1.099 1.103 1.103 1.104 1.051 1.040 1.040 0.928 0.928 0.923 0.912 0.907 0.906 0.908 0.910 0.910 0.915 0.915 1.019 1.007 1.000 30.460 30.164 30.184 30.437 30.511 30.639 30.639 30.651 29.176 28.885 28.885 25.770 25.769 25.642 25.320 25.182 25.170 25.204 25.284 25.285 25.425 25.422 28.309 27.958 27.772 0.061 0.006 0.062 0.064 0.013 0.066 0.066 0.019 0.016 0.062 0.062 0.011 0.056 0.016 0.051 0.049 0.007 0.054 0.051 0.010 0.055 0.014 0.019 0.056 0.054
31.669 0.993 14.447 177662.239 0.994 29.016 1.093 1.082 1.083 1.092 1.094 1.099 1.099 1.099 1.048 1.038 1.038 0.930 0.930 0.926 0.915 0.910 0.910 0.911 0.914 0.914 0.919 0.919 1.019 1.006 1.000 31.474 31.178 31.198 31.453 31.526 31.656 31.656 31.669 30.200 29.909 29.909 26.804 26.803 26.680 26.359 26.222 26.210 26.245 26.328 26.328 26.470 26.467 29.346 28.995 28.809 0.061 0.006 0.061 0.064 0.013 0.066 0.066 0.019 0.016 0.062 0.062 0.011 0.056 0.016 0.052 0.049 0.007 0.054 0.051 0.010 0.055 0.014 0.019 0.056 0.054
32.688 0.993 14.452 177775.221 0.995 30.025 1.091 1.081 1.081 1.090 1.092 1.096 1.096 1.097 1.048 1.038 1.038 0.934 0.934 0.929 0.918 0.914 0.913 0.915 0.917 0.917 0.922 0.922 1.018 1.006 1.000 32.497 32.201 32.221 32.474 32.548 32.675 32.675 32.688 31.216 30.925 30.925 27.821 27.820 27.693 27.370 27.231 27.219 27.253 27.333 27.333 27.473 27.469 30.340 29.987 29.800 0.061 0.006 0.061 0.064 0.013 0.066 0.066 0.019 0.016 0.062 0.062 0.011 0.056 0.016 0.052 0.050 0.007 0.055 0.051 0.010 0.055 0.014 0.019 0.056 0.054
33.706 0.993 14.458 177890.689 0.995 31.044 1.087 1.077 1.078 1.086 1.088 1.092 1.092 1.093 1.045 1.036 1.036 0.936 0.936 0.932 0.921 0.917 0.916 0.917 0.920 0.920 0.925 0.925 1.018 1.006 1.000 33.510 33.214 33.234 33.489 33.563 33.693 33.693 33.706 32.239 31.950 31.950 28.855 28.854 28.731 28.410 28.272 28.261 28.296 28.379 28.379 28.520 28.517 31.383 31.029 30.842 0.060 0.006 0.061 0.063 0.013 0.065 0.065 0.018 0.016 0.062 0.062 0.011 0.056 0.016 0.052 0.050 0.007 0.055 0.051 0.010 0.055 0.014 0.019 0.056 0.054
34.724 0.993 14.462 178003.679 0.995 32.054 1.085 1.075 1.076 1.084 1.086 1.090 1.090 1.091 1.045 1.036 1.036 0.938 0.938 0.934 0.924 0.920 0.919 0.921 0.923 0.923 0.927 0.927 1.017 1.006 1.000 34.533 34.236 34.257 34.510 34.583 34.712 34.712 34.724 33.255 32.966 32.966 29.871 29.870 29.744 29.421 29.282 29.270 29.304 29.384 29.384 29.524 29.520 32.378 32.023 31.834 0.060 0.006 0.061 0.063 0.013 0.065 0.065 0.018 0.016 0.062 0.062 0.011 0.056 0.016 0.052 0.050 0.007 0.055 0.052 0.010 0.056 0.014 0.019 0.056 0.054
35.743 0.993 14.466 178116.724 0.996 33.064 1.083 1.074 1.075 1.082 1.085 1.088 1.088 1.089 1.044 1.035 1.035 0.941 0.941 0.937 0.927 0.923 0.922 0.923 0.926 0.926 0.930 0.930 1.017 1.006 1.000 35.556 35.259 35.279 35.531 35.604 35.731 35.731 35.743 34.272 33.982 33.982 30.888 30.887 30.757 30.432 30.292 30.279 30.312 30.391 30.391 30.528 30.524 33.376 33.019 32.829 0.060 0.006 0.061 0.063 0.013 0.065 0.065 0.018 0.016 0.062 0.062 0.011 0.056 0.016 0.052 0.050 0.007 0.055 0.052 0.010 0.056 0.014 0.019 0.056 0.054
36.761 0.994 14.471 178232.355 0.996 34.084 1.079 1.071 1.071 1.079 1.081 1.085 1.085 1.085 1.042 1.033 1.033 0.942 0.942 0.939 0.929 0.925 0.925 0.926 0.928 0.928 0.932 0.932 1.016 1.006 1.000 36.567 36.271 36.291 36.545 36.619 36.748 36.748 36.761 35.296 35.007 35.007 31.921 31.920 31.796 31.473 31.334 31.322 31.357 31.438 31.438 31.578 31.575 34.423 34.066 33.876 0.060 0.006 0.061 0.063 0.013 0.065 0.065 0.018 0.016 0.062 0.062 0.011 0.056 0.016 0.052 0.050 0.007 0.055 0.052 0.010 0.056 0.014 0.019 0.056 0.054
37.780 0.994 14.474 178345.391 0.996 35.095 1.078 1.069 1.070 1.077 1.079 1.083 1.083 1.083 1.041 1.033 1.033 0.945 0.944 0.941 0.932 0.928 0.927 0.928 0.930 0.930 0.934 0.934 1.016 1.005 1.000 37.590 37.293 37.313 37.566 37.639 37.767 37.767 37.780 36.312 36.023 36.023 32.937 32.936 32.808 32.484 32.344 32.331 32.365 32.444 32.445 32.582 32.579 35.421 35.062 34.872 0.060 0.006 0.061 0.063 0.013 0.065 0.065 0.018 0.016 0.062 0.062 0.011 0.057 0.017 0.052 0.050 0.007 0.055 0.052 0.010 0.056 0.014 0.019 0.056 0.054
38.798 0.995 14.478 178461.308 0.996 36.117 1.074 1.066 1.067 1.074 1.076 1.080 1.080 1.080 1.039 1.031 1.031 0.946 0.946 0.942 0.933 0.929 0.929 0.930 0.932 0.932 0.936 0.936 1.015 1.005 1.000 38.600 38.303 38.324 38.579 38.653 38.784 38.784 38.798 37.337 37.049 37.049 33.972 33.971 33.849 33.527 33.389 33.378 33.413 33.496 33.496 33.637 33.634 36.474 36.115 35.925 0.060 0.006 0.060 0.063 0.013 0.065 0.065 0.018 0.016 0.062 0.062 0.011 0.057 0.017 0.053 0.050 0.007 0.056 0.052 0.010 0.056 0.014 0.019 0.056 0.054
39.816 0.994 14.480 178574.325 0.997 37.127 1.073 1.065 1.066 1.073 1.075 1.078 1.078 1.078 1.039 1.031 1.031 0.948 0.948 0.944 0.935 0.932 0.931 0.932 0.934 0.934 0.938 0.938 1.015 1.005 1.000 39.623 39.325 39.346 39.600 39.673 39.803 39.803 39.816 38.353 38.064 38.064 34.987 34.986 34.861 34.538 34.399 34.387 34.421 34.502 34.502 34.641 34.637 37.473 37.113 36.922 0.060 0.006 0.060 0.063 0.013 0.065 0.065 0.018 0.016 0.062 0.062 0.011 0.057 0.017 0.053 0.050 0.007 0.056 0.052 0.010 0.056 0.014 0.019 0.056 0.054
40.835 0.994 14.483 178687.385 0.997 38.138 1.072 1.064 1.065 1.071 1.073 1.077 1.077 1.077 1.038 1.031 1.031 0.949 0.949 0.946 0.937 0.934 0.933 0.934 0.936 0.936 0.940 0.940 1.015 1.005 1.000 40.644 40.347 40.367 40.620 40.694 40.822 40.822 40.835 39.369 39.080 39.080 36.003 36.002 35.874 35.549 35.408 35.396 35.429 35.509 35.509 35.646 35.642 38.473 38.112 37.920 0.060 0.006 0.060 0.063 0.013 0.064 0.064 0.018 0.016 0.062 0.062 0.011 0.057 0.017 0.053 0.051 0.007 0.056 0.052 0.010 0.056 0.014 0.019 0.056 0.054
41.853 0.994 14.485 178800.484 0.997 39.150 1.071 1.063 1.063 1.070 1.072 1.075 1.075 1.075 1.038 1.030 1.030 0.951 0.951 0.948 0.939 0.936 0.935 0.936 0.938 0.938 0.942 0.942 1.014 1.005 1.000 41.666 41.368 41.389 41.640 41.714 41.841 41.841 41.853 40.385 40.097 40.097 37.018 37.017 36.886 36.560 36.418 36.405 36.438 36.516 36.516 36.652 36.648 39.474 39.112 38.919 0.059 0.006 0.060 0.062 0.013 0.064 0.064 0.018 0.016 0.062 0.062 0.011 0.057 0.017 0.053 0.051 0.007 0.056 0.052 0.010 0.056 0.014 0.019 0.056 0.054
42.871 0.995 14.488 178916.636 0.997 40.173 1.067 1.060 1.061 1.067 1.069 1.072 1.072 1.072 1.036 1.029 1.029 0.952 0.952 0.949 0.941 0.937 0.937 0.938 0.940 0.940 0.943 0.943 1.014 1.005 1.000 42.676 42.378 42.398 42.653 42.727 42.858 42.858 42.871 41.411 41.123 41.123 38.053 38.052 37.929 37.605 37.466 37.454 37.489 37.570 37.570 37.710 37.706 40.532 40.170 39.978 0.059 0.006 0.060 0.062 0.013 0.064 0.064 0.018 0.016 0.062 0.062 0.011 0.057 0.017 0.053 0.051 0.007 0.056 0.053 0.010 0.057 0.014 0.019 0.056 0.054
43.890 0.995 14.490 179029.704 0.997 41.184 1.066 1.059 1.060 1.066 1.068 1.071 1.071 1.071 1.035 1.028 1.028 0.953 0.953 0.950 0.942 0.939 0.939 0.939 0.941 0.941 0.945 0.945 1.014 1.005 1.000 43.697 43.399 43.420 43.673 43.747 43.876 43.876 43.890 42.427 42.139 42.139 39.068 39.067 38.941 38.615 38.475 38.463 38.497 38.577 38.577 38.715 38.711 41.533 41.170 40.977 0.059 0.006 0.060 0.062 0.013 0.064 0.064 0.018 0.016 0.062 0.062 0.011 0.057 0.017 0.053 0.051 0.007 0.056 0.053 0.010 0.057 0.014 0.019 0.056 0.054
44.908 0.995 14.491 179142.806 0.997 42.196 1.065 1.058 1.059 1.065 1.066 1.070 1.070 1.070 1.035 1.028 1.028 0.955 0.955 0.952 0.944 0.941 0.940 0.941 0.943 0.943 0.946 0.946 1.013 1.005 1.000 44.719 44.421 44.441 44.694 44.767 44.895 44.895 44.908 43.443 43.155 43.155 40.083 40.082 39.953 39.626 39.485 39.472 39.506 39.585 39.585 39.721 39.717 42.536 42.171 41.978 0.059 0.006 0.060 0.062 0.013 0.064 0.064 0.018 0.016 0.062 0.062 0.011 0.057 0.017 0.053 0.051 0.007 0.056 0.053 0.010 0.057 0.014 0.019 0.056 0.054
45.927 0.995 14.493 179255.941 0.997 43.209 1.064 1.057 1.058 1.064 1.065 1.068 1.068 1.069 1.034 1.028 1.028 0.956 0.956 0.953 0.946 0.942 0.942 0.943 0.944 0.944 0.948 0.948 1.013 1.005 1.000 45.740 45.442 45.462 45.714 45.787 45.914 45.914 45.927 44.460 44.171 44.171 41.098 41.097 40.965 40.638 40.496 40.482 40.515 40.593 40.593 40.727 40.723 43.539 43.173 42.979 0.059 0.006 0.060 0.062 0.013 0.064 0.064 0.018 0.016 0.062 0.062 0.011 0.057 0.017 0.053 0.051 0.007 0.056 0.053 0.011 0.057 0.014 0.019 0.056 0.054
46.945 0.996 14.495 179372.430 0.998 44.232 1.061 1.055 1.055 1.061 1.063 1.066 1.066 1.066 1.033 1.026 1.026 0.957 0.957 0.954 0.946 0.943 0.943 0.944 0.946 0.946 0.949 0.949 1.013 1.004 1.000 46.748 46.450 46.470 46.726 46.800 46.931 46.931 46.945 45.486 45.198 45.198 42.135 42.134 42.010 41.686 41.546 41.535 41.569 41.651 41.651 41.790 41.786 44.603 44.238 44.045 0.059 0.006 0.060 0.062 0.013 0.064 0.064 0.018 0.016 0.061 0.061 0.011 0.057 0.017 0.053 0.051 0.007 0.056 0.053 0.011 0.057 0.014 0.019 0.056 0.054
47.963 0.996 14.497 179485.524 0.998 45.245 1.060 1.054 1.054 1.060 1.062 1.064 1.064 1.065 1.032 1.026 1.026 0.958 0.958 0.955 0.948 0.945 0.944 0.945 0.947 0.947 0.950 0.950 1.012 1.004 1.000 47.769 47.471 47.491 47.746 47.820 47.950 47.950 47.963 46.502 46.214 46.214 43.149 43.148 43.022 42.696 42.556 42.544 42.578 42.658 42.658 42.796 42.792 45.606 45.240 45.046 0.059 0.006 0.060 0.062 0.013 0.064 0.064 0.018 0.016 0.061 0.061 0.011 0.057 0.017 0.053 0.051 0.007 0.056 0.053 0.011 0.057 0.014 0.019 0.056 0.054
48.982 0.995 14.498 179598.646 0.998 46.257 1.060 1.053 1.054 1.059 1.061 1.063 1.063 1.064 1.032 1.026 1.026 0.959 0.959 0.956 0.949 0.946 0.946 0.947 0.948 0.948 0.951 0.951 1.012 1.004 1.000 48.791 48.492 48.512 48.766 48.839 48.968 48.968 48.982 47.518 47.230 47.230 44.164 44.163 44.034 43.707 43.566 43.553 43.587 43.666 43.666 43.802 43.798 46.610 46.243 46.048 0.059 0.006 0.060 0.062 0.013 0.064 0.064 0.018 0.016 0.061 0.061 0.011 0.057 0.017 0.053 0.051 0.007 0.057 0.053 0.011 0.057 0.014 0.019 0.056 0.054
50.000 0.995 14.499 179711.796 0.998 47.270 1.059 1.052 1.053 1.058 1.060 1.062 1.062 1.063 1.032 1.025 1.025 0.960 0.960 0.957 0.950 0.947 0.947 0.948 0.949 0.949 0.952 0.952 1.012 1.004 1.000 49.812 49.512 49.533 49.786 49.859 49.987 49.987 50.000 48.535 48.247 48.247 45.179 45.178 45.047 44.719 44.576 44.563 44.597 44.674 44.674 44.809 44.805 47.614 47.246 47.051 0.059 0.006 0.060 0.062 0.013 0.064 0.064 0.018 0.016 0.061 0.061 0.011 0.058 0.017 0.053 0.051 0.007 0.057 0.053 0.011 0.057 0.014 0.019 0.056 0.054
