0.100 0.885 20.818 524.325 0.899 0.058 0.341 0.468 0.539 0.545 0.731 0.829 0.827 0.725 0.863 0.897 0.823 0.802 0.765 1.007 1.134 1.130 1.506 1.708 1.712 1.519 1.836 1.943 1.823 1.494 1.668 1.649 1.440 1.065 1.000 0.018 0.024 0.028 0.028 0.038 0.043 0.043 0.037 0.044 0.046 0.042 0.041 0.039 0.052 0.058 0.058 0.078 0.088 0.088 0.078 0.095 0.100 0.094 0.077 0.086 0.085 0.074 0.055 0.051 0.004 0.008 0.009 0.009 0.012 0.013 0.013 0.012 0.014 0.014 0.009 0.229 0.010 0.016 0.018 0.018 0.024 0.027 0.027 0.024 0.029 0.031 0.029 0.024 0.027 0.026 0.023 0.017 0.284
1.118 0.885 20.818 5863.885 0.899 0.650 0.341 0.468 0.539 0.545 0.731 0.829 0.827 0.725 0.863 0.897 0.823 0.802 0.765 1.007 1.134 1.130 1.506 1.708 1.712 1.519 1.836 1.943 1.823 1.494 1.668 1.649 1.440 1.065 1.000 0.196 0.270 0.310 0.314 0.421 0.477 0.476 0.417 0.497 0.516 0.474 0.462 0.440 0.580 0.653 0.650 0.867 0.983 0.985 0.874 1.057 1.118 1.050 0.860 0.960 0.950 0.829 0.613 0.576 0.004 0.008 0.009 0.009 0.012 0.013 0.013 0.012 0.014 0.014 0.009 0.229 0.010 0.016 0.018 0.018 0.024 0.027 0.027 0.024 0.029 0.031 0.029 0.024 0.027 0.026 0.023 0.017 0.284
2.137 0.885 20.818 11203.445 0.899 1.242 0.341 0.468 0.539 0.545 0.731 0.829 0.827 0.725 0.863 0.897 0.823 0.802 0.765 1.007 1.134 1.130 1.506 1.708 1.712 1.519 1.836 1.943 1.823 1.494 1.668 1.649 1.440 1.065 1.000 0.375 0.515 0.593 0.599 0.804 0.912 0.909 0.797 0.949 0.987 0.905 0.883 0.841 1.108 1.247 1.243 1.656 1.879 1.883 1.671 2.020 2.137 2.006 1.644 1.834 1.814 1.584 1.171 1.100 0.004 0.008 0.009 0.009 0.012 0.013 0.013 0.012 0.014 0.014 0.009 0.229 0.010 0.016 0.018 0.018 0.024 0.027 0.027 0.024 0.029 0.031 0.029 0.024 0.027 0.026 0.023 0.017 0.284
3.155 0.885 20.818 16543.004 0.899 1.835 0.341 0.468 0.539 0.545 0.731 0.829 0.827 0.725 0.863 0.897 0.823 0.802 0.765 1.007 1.134 1.130 1.506 1.708 1.712 1.519 1.836 1.943 1.823 1.494 1.668 1.649 1.440 1.065 1.000 0.554 0.760 0.875 0.885 1.187 1.347 1.343 1.177 1.401 1.457 1.336 1.303 1.242 1.636 1.841 1.835 2.445 2.774 2.780 2.467 2.983 3.155 2.961 2.427 2.709 2.679 2.339 1.729 1.624 0.004 0.008 0.009 0.009 0.012 0.013 0.013 0.012 0.014 0.014 0.009 0.229 0.010 0.016 0.018 0.018 0.024 0.027 0.027 0.024 0.029 0.031 0.029 0.024 0.027 0.026 0.023 0.017 0.284
4.173 0.885 20.818 21882.564 0.899 2.427 0.341 0.468 0.539 0.545 0.731 0.829 0.827 0.725 0.863 0.897 0.823 0.802 0.765 1.007 1.134 1.130 1.506 1.708 1.712 1.519 1.836 1.943 1.823 1.494 1.668 1.649 1.440 1.065 1.000 0.733 1.006 1.158 1.171 1.571 1.782 1.776 1.557 1.854 1.927 1.767 1.724 1.643 2.164 2.435 2.427 3.235 3.669 3.678 3.263 3.945 4.173 3.917 3.211 3.583 3.544 3.094 2.288 2.148 0.004 0.008 0.009 0.009 0.012 0.013 0.013 0.012 0.014 0.014 0.009 0.229 0.010 0.016 0.018 0.018 0.024 0.027 0.027 0.024 0.029 0.031 0.029 0.024 0.027 0.026 0.023 0.017 0.284
5.192 0.885 20.818 27222.124 0.899 3.019 0.341 0.468 0.539 0.545 0.731 0.829 0.827 0.725 0.863 0.897 0.823 0.802 0.765 1.007 1.134 1.130 1.506 1.708 1.712 1.519 1.836 1.943 1.823 1.494 1.668 1.649 1.440 1.065 1.000 0.912 1.251 1.440 1.456 1.954 2.216 2.210 1.937 2.306 2.397 2.198 2.145 2.043 2.692 3.030 3.020 4.024 4.565 4.575 4.059 4.908 5.192 4.873 3.994 4.457 4.409 3.849 2.846 2.673 0.004 0.008 0.009 0.009 0.012 0.013 0.013 0.012 0.014 0.014 0.009 0.229 0.010 0.016 0.018 0.018 0.024 0.027 0.027 0.024 0.029 0.031 0.029 0.024 0.027 0.026 0.023 0.017 0.284
6.210 0.885 20.818 32561.683 0.899 3.611 0.341 0.468 0.539 0.545 0.731 0.829 0.827 0.725 0.863 0.897 0.823 0.802 0.765 1.007 1.134 1.130 1.506 1.708 1.712 1.519 1.836 1.943 1.823 1.494 1.668 1.649 1.440 1.065 1.000 1.091 1.497 1.723 1.742 2.337 2.651 2.643 2.317 2.758 2.867 2.630 2.565 2.444 3.220 3.624 3.612 4.813 5.460 5.472 4.856 5.871 6.210 5.829 4.777 5.332 5.273 4.603 3.404 3.197 0.004 0.008 0.009 0.009 0.012 0.013 0.013 0.012 0.014 0.014 0.009 0.229 0.010 0.016 0.018 0.018 0.024 0.027 0.027 0.024 0.029 0.031 0.029 0.024 0.027 0.026 0.023 0.017 0.284
7.229 0.885 20.818 37901.243 0.899 4.203 0.341 0.468 0.539 0.545 0.731 0.829 0.827 0.725 0.863 0.897 0.823 0.802 0.765 1.007 1.134 1.130 1.506 1.708 1.712 1.519 1.836 1.943 1.823 1.494 1.668 1.649 1.440 1.065 1.000 1.269 1.742 2.005 2.028 2.720 3.086 3.076 2.697 3.210 3.338 3.061 2.986 2.845 3.748 4.218 4.204 5.602 6.355 6.370 5.652 6.833 7.229 6.785 5.561 6.206 6.138 5.358 3.962 3.721 0.004 0.008 0.009 0.009 0.012 0.013 0.013 0.012 0.014 0.014 0.009 0.229 0.010 0.016 0.018 0.018 0.024 0.027 0.027 0.024 0.029 0.031 0.029 0.024 0.027 0.026 0.023 0.017 0.284
8.247 0.885 20.818 43240.803 0.899 4.795 0.341 0.468 0.539 0.545 0.731 0.829 0.827 0.725 0.863 0.897 0.823 0.802 0.765 1.007 1.134 1.130 1.506 1.708 1.712 1.519 1.836 1.943 1.823 1.494 1.668 1.649 1.440 1.065 1.000 1.448 1.988 2.288 2.313 3.104 3.520 3.510 3.077 3.663 3.808 3.492 3.407 3.246 4.275 4.813 4.797 6.392 7.251 7.267 6.448 7.796 8.247 7.741 6.344 7.080 7.003 6.113 4.520 4.245 0.004 0.008 0.009 0.009 0.012 0.013 0.013 0.012 0.014 0.014 0.009 0.229 0.010 0.016 0.018 0.018 0.024 0.027 0.027 0.024 0.029 0.031 0.029 0.024 0.027 0.026 0.023 0.017 0.284
9.265 0.885 20.818 48580.362 0.899 5.387 0.341 0.468 0.539 0.545 0.731 0.829 0.827 0.725 0.863 0.897 0.823 0.802 0.765 1.007 1.134 1.130 1.506 1.708 1.712 1.519 1.836 1.943 1.823 1.494 1.668 1.649 1.440 1.065 1.000 1.627 2.233 2.570 2.599 3.487 3.955 3.943 3.457 4.115 4.278 3.923 3.827 3.647 4.803 5.407 5.389 7.181 8.146 8.164 7.244 8.758 9.265 8.696 7.128 7.954 7.868 6.868 5.079 4.770 0.004 0.008 0.009 0.009 0.012 0.013 0.013 0.012 0.014 0.014 0.009 0.229 0.010 0.016 0.018 0.018 0.024 0.027 0.027 0.024 0.029 0.031 0.029 0.024 0.027 0.026 0.023 0.017 0.284
10.284 0.885 20.818 53919.992 0.899 5.980 0.341 0.468 0.539 0.545 0.731 0.829 0.827 0.725 0.863 0.897 0.823 0.802 0.765 1.007 1.134 1.130 1.506 1.708 1.712 1.519 1.836 1.943 1.823 1.494 1.668 1.650 1.440 1.065 1.000 1.806 2.479 2.853 2.884 3.870 4.390 4.377 3.837 4.567 4.748 4.354 4.248 4.047 5.331 6.001 5.981 7.970 9.041 9.062 8.041 9.721 10.284 9.652 7.911 8.829 8.732 7.623 5.637 5.294 0.004 0.008 0.009 0.009 0.012 0.013 0.013 0.012 0.014 0.014 0.009 0.229 0.010 0.016 0.018 0.018 0.024 0.027 0.027 0.024 0.029 0.031 0.029 0.024 0.027 0.026 0.023 0.017 0.284
11.302 0.885 20.818 59259.811 0.899 6.572 0.341 0.468 0.539 0.545 0.731 0.829 0.827 0.725 0.863 0.897 0.823 0.803 0.765 1.007 1.134 1.130 1.506 1.708 1.712 1.519 1.836 1.943 1.823 1.494 1.668 1.650 1.440 1.065 1.000 1.985 2.724 3.136 3.170 4.254 4.825 4.810 4.218 5.020 5.219 4.786 4.669 4.449 5.860 6.596 6.574 8.760 9.937 9.959 8.837 10.684 11.302 10.608 8.694 9.703 9.597 8.378 6.195 5.818 0.004 0.008 0.009 0.009 0.012 0.013 0.013 0.012 0.014 0.014 0.009 0.229 0.010 0.016 0.018 0.018 0.024 0.027 0.027 0.024 0.029 0.031 0.029 0.024 0.027 0.026 0.023 0.017 0.284
12.320 0.885 20.818 64599.427 0.899 7.164 0.341 0.468 0.539 0.545 0.731 0.829 0.827 0.725 0.863 0.897 0.823 0.803 0.765 1.007 1.134 1.130 1.506 1.708 1.712 1.519 1.836 1.943 1.823 1.495 1.668 1.650 1.440 1.065 1.000 2.164 2.970 3.418 3.456 4.637 5.260 5.244 4.598 5.472 5.689 5.217 5.090 4.849 6.388 7.190 7.166 9.549 10.832 10.857 9.633 11.647 12.320 11.564 9.478 10.577 10.462 9.132 6.753 6.342 0.004 0.008 0.009 0.009 0.012 0.013 0.013 0.012 0.014 0.014 0.009 0.229 0.010 0.016 0.018 0.018 0.024 0.027 0.027 0.024 0.029 0.031 0.029 0.024 0.027 0.026 0.023 0.017 0.284
13.339 0.882 20.781 69456.163 0.898 7.731 0.341 0.468 0.539 0.545 0.731 0.829 0.826 0.724 0.862 0.896 0.822 0.802 0.764 1.007 1.135 1.132 1.511 1.716 1.723 1.533 1.850 1.955 1.835 1.504 1.675 1.654 1.443 1.066 1.000 2.326 3.192 3.674 3.715 4.984 5.654 5.637 4.942 5.882 6.115 5.608 5.471 5.213 6.870 7.740 7.724 10.307 11.708 11.756 10.458 12.621 13.339 12.516 10.260 11.426 11.286 9.843 7.274 6.822 0.004 0.007 0.009 0.009 0.012 0.013 0.013 0.012 0.014 0.014 0.009 0.229 0.010 0.016 0.018 0.018 0.024 0.027 0.027 0.024 0.029 0.031 0.029 0.024 0.027 0.026 0.023 0.017 0.283
14.357 0.883 20.681 73673.218 0.894 8.270 0.335 0.460 0.530 0.536 0.719 0.815 0.813 0.713 0.849 0.882 0.809 0.790 0.753 0.994 1.122 1.123 1.503 1.712 1.726 1.544 1.861 1.967 1.848 1.520 1.686 1.661 1.446 1.067 1.000 2.448 3.360 3.868 3.911 5.248 5.952 5.935 5.204 6.194 6.440 5.906 5.763 5.495 7.252 8.187 8.195 10.969 12.499 12.598 11.270 13.583 14.357 13.489 11.093 12.303 12.121 10.554 7.791 7.299 0.004 0.007 0.009 0.009 0.012 0.013 0.013 0.011 0.014 0.014 0.009 0.226 0.010 0.016 0.018 0.018 0.024 0.027 0.028 0.025 0.030 0.032 0.030 0.024 0.027 0.027 0.023 0.017 0.285
15.376 0.880 20.603 77922.395 0.890 8.810 0.333 0.457 0.526 0.531 0.713 0.809 0.806 0.707 0.842 0.875 0.802 0.783 0.747 0.986 1.115 1.119 1.501 1.715 1.734 1.558 1.876 1.982 1.864 1.537 1.698 1.669 1.451 1.070 1.000 2.581 3.542 4.077 4.123 5.531 6.274 6.255 5.484 6.528 6.786 6.224 6.073 5.791 7.650 8.649 8.677 11.643 13.300 13.448 12.086 14.548 15.376 14.460 11.921 13.172 12.947 11.255 8.299 7.757 0.004 0.007 0.008 0.009 0.011 0.013 0.013 0.011 0.014 0.014 0.009 0.225 0.010 0.016 0.018 0.018 0.024 0.028 0.028 0.025 0.030 0.032 0.030 0.025 0.027 0.027 0.023 0.017 0.285
16.394 0.878 20.535 82182.959 0.887 9.351 0.331 0.454 0.522 0.528 0.709 0.804 0.801 0.703 0.836 0.869 0.797 0.778 0.742 0.981 1.110 1.116 1.500 1.718 1.742 1.572 1.889 1.997 1.879 1.553 1.710 1.677 1.456 1.072 1.000 2.716 3.727 4.290 4.337 5.819 6.600 6.580 5.769 6.866 7.137 6.545 6.386 6.091 8.052 9.114 9.162 12.321 14.104 14.301 12.904 15.513 16.394 15.430 12.748 14.041 13.771 11.954 8.805 8.211 0.004 0.007 0.008 0.009 0.011 0.013 0.013 0.011 0.013 0.014 0.009 0.223 0.010 0.016 0.018 0.018 0.024 0.028 0.028 0.025 0.030 0.032 0.030 0.025 0.027 0.027 0.023 0.017 0.285
17.412 0.875 20.477 86453.535 0.885 9.893 0.330 0.452 0.520 0.526 0.706 0.801 0.798 0.700 0.833 0.866 0.794 0.774 0.739 0.977 1.107 1.115 1.502 1.722 1.750 1.585 1.903 2.011 1.894 1.567 1.721 1.685 1.461 1.075 1.000 2.853 3.916 4.507 4.557 6.113 6.933 6.912 6.059 7.211 7.495 6.872 6.706 6.395 8.458 9.584 9.651 13.002 14.913 15.156 13.723 16.480 17.412 16.400 13.573 14.907 14.593 12.650 9.308 8.659 0.004 0.007 0.008 0.008 0.011 0.013 0.013 0.011 0.013 0.014 0.009 0.222 0.010 0.016 0.018 0.018 0.024 0.028 0.028 0.025 0.031 0.032 0.030 0.025 0.028 0.027 0.023 0.017 0.285
18.431 0.872 20.438 90865.704 0.883 10.444 0.329 0.452 0.520 0.525 0.705 0.800 0.797 0.699 0.832 0.865 0.793 0.774 0.738 0.977 1.109 1.119 1.507 1.730 1.760 1.598 1.915 2.023 1.905 1.579 1.729 1.690 1.463 1.076 1.000 2.998 4.114 4.736 4.788 6.424 7.287 7.264 6.369 7.580 7.880 7.225 7.051 6.727 8.906 10.104 10.194 13.734 15.763 16.042 14.559 17.454 18.431 17.364 14.389 15.759 15.400 13.334 9.804 9.113 0.004 0.007 0.008 0.008 0.011 0.013 0.013 0.011 0.013 0.014 0.008 0.222 0.010 0.016 0.018 0.018 0.024 0.028 0.028 0.026 0.031 0.032 0.031 0.025 0.028 0.027 0.023 0.017 0.285
19.449 0.873 20.426 95582.374 0.882 11.031 0.328 0.450 0.518 0.524 0.703 0.797 0.795 0.697 0.829 0.862 0.791 0.772 0.737 0.977 1.110 1.123 1.508 1.730 1.761 1.600 1.914 2.020 1.904 1.580 1.728 1.688 1.462 1.078 1.000 3.156 4.332 4.986 5.042 6.765 7.673 7.651 6.708 7.985 8.302 7.613 7.431 7.093 9.403 10.687 10.810 14.523 16.653 16.952 15.405 18.430 19.449 18.330 15.216 16.637 16.250 14.078 10.375 9.628 0.004 0.007 0.008 0.008 0.011 0.013 0.013 0.011 0.013 0.014 0.008 0.221 0.010 0.016 0.018 0.018 0.024 0.028 0.028 0.026 0.031 0.032 0.031 0.025 0.028 0.027 0.023 0.017 0.285
20.467 0.877 20.417 100453.926 0.882 11.636 0.325 0.445 0.513 0.518 0.695 0.789 0.786 0.690 0.821 0.853 0.782 0.764 0.729 0.967 1.101 1.116 1.496 1.715 1.746 1.590 1.900 2.005 1.891 1.574 1.720 1.681 1.459 1.080 1.000 3.314 4.548 5.234 5.293 7.101 8.055 8.030 7.041 8.380 8.712 7.989 7.798 7.444 9.877 11.242 11.396 15.278 17.509 17.832 16.231 19.396 20.467 19.310 16.070 17.564 17.166 14.900 11.028 10.210 0.004 0.007 0.008 0.008 0.011 0.013 0.013 0.011 0.013 0.014 0.008 0.220 0.010 0.016 0.018 0.018 0.024 0.028 0.028 0.026 0.031 0.032 0.031 0.025 0.028 0.027 0.024 0.017 0.287
21.486 0.877 20.402 105050.394 0.881 12.225 0.324 0.444 0.511 0.517 0.694 0.787 0.785 0.688 0.819 0.851 0.780 0.762 0.727 0.966 1.101 1.119 1.497 1.716 1.749 1.595 1.901 2.004 1.890 1.575 1.719 1.680 1.460 1.084 1.000 3.472 4.765 5.484 5.545 7.440 8.439 8.413 7.376 8.779 9.127 8.369 8.169 7.801 10.359 11.810 11.999 16.058 18.398 18.752 17.101 20.383 21.486 20.271 16.890 18.437 18.016 15.655 11.622 10.724 0.003 0.007 0.008 0.008 0.011 0.013 0.013 0.011 0.013 0.014 0.008 0.220 0.010 0.016 0.018 0.018 0.024 0.028 0.028 0.026 0.031 0.032 0.031 0.025 0.028 0.027 0.024 0.017 0.287
22.504 0.880 20.193 107011.451 0.872 12.698 0.311 0.427 0.492 0.497 0.667 0.757 0.754 0.662 0.788 0.819 0.751 0.733 0.701 0.934 1.070 1.094 1.472 1.697 1.743 1.608 1.910 2.013 1.905 1.598 1.732 1.685 1.462 1.086 1.000 3.479 4.775 5.496 5.558 7.457 8.460 8.435 7.397 8.805 9.155 8.397 8.198 7.838 10.443 11.960 12.233 16.460 18.971 19.486 17.972 21.350 22.504 21.294 17.868 19.359 18.838 16.341 12.144 11.180 0.003 0.007 0.008 0.008 0.011 0.012 0.012 0.011 0.013 0.013 0.008 0.215 0.010 0.015 0.018 0.018 0.024 0.028 0.029 0.026 0.031 0.033 0.031 0.026 0.028 0.028 0.024 0.018 0.291
23.522 0.880 19.985 108784.515 0.863 13.172 0.301 0.414 0.476 0.481 0.646 0.733 0.730 0.640 0.762 0.792 0.727 0.710 0.679 0.906 1.042 1.072 1.450 1.681 1.739 1.621 1.922 2.029 1.927 1.630 1.753 1.698 1.470 1.093 1.000 3.495 4.797 5.521 5.582 7.490 8.496 8.470 7.427 8.839 9.189 8.426 8.227 7.870 10.509 12.083 12.434 16.815 19.489 20.167 18.800 22.292 23.522 22.346 18.905 20.327 19.692 17.044 12.670 11.596 0.003 0.007 0.008 0.008 0.011 0.012 0.012 0.011 0.013 0.013 0.008 0.210 0.009 0.015 0.017 0.018 0.024 0.028 0.029 0.027 0.032 0.034 0.032 0.027 0.029 0.028 0.024 0.018 0.294
24.541 0.879 19.795 110654.507 0.855 13.656 0.293 0.403 0.463 0.469 0.629 0.713 0.711 0.623 0.742 0.771 0.707 0.690 0.660 0.884 1.020 1.055 1.434 1.670 1.740 1.637 1.937 2.045 1.949 1.660 1.773 1.710 1.477 1.098 1.000 3.521 4.832 5.562 5.623 7.545 8.557 8.531 7.478 8.900 9.250 8.481 8.282 7.926 10.608 12.242 12.667 17.207 20.044 20.878 19.648 23.244 24.541 23.389 19.924 21.274 20.523 17.727 13.181 12.001 0.003 0.007 0.008 0.008 0.011 0.012 0.012 0.010 0.012 0.013 0.008 0.206 0.009 0.015 0.017 0.018 0.024 0.028 0.029 0.027 0.032 0.034 0.032 0.028 0.030 0.028 0.025 0.018 0.296
25.559 0.878 19.629 111932.847 0.848 14.166 0.286 0.393 0.452 0.457 0.613 0.695 0.693 0.608 0.723 0.751 0.689 0.672 0.644 0.863 0.999 1.039 1.417 1.658 1.737 1.649 1.946 2.055 1.964 1.683 1.786 1.716 1.480 1.101 1.000 3.560 4.885 5.623 5.685 7.626 8.649 8.621 7.557 8.991 9.344 8.565 8.365 8.007 10.736 12.429 12.926 17.626 20.623 21.609 20.509 24.203 25.559 24.426 20.935 22.212 21.348 18.408 13.694 12.438 0.003 0.007 0.008 0.008 0.010 0.012 0.012 0.010 0.012 0.013 0.008 0.202 0.009 0.015 0.017 0.018 0.024 0.028 0.029 0.028 0.033 0.035 0.033 0.028 0.030 0.029 0.025 0.018 0.299
26.578 0.882 19.471 113200.056 0.841 14.701 0.277 0.380 0.438 0.442 0.594 0.673 0.671 0.588 0.700 0.727 0.666 0.651 0.623 0.837 0.973 1.016 1.391 1.635 1.722 1.648 1.940 2.050 1.965 1.694 1.787 1.713 1.475 1.099 1.000 3.593 4.930 5.674 5.737 7.696 8.728 8.699 7.625 9.071 9.426 8.639 8.438 8.081 10.857 12.610 13.178 18.036 21.192 22.330 21.361 25.156 26.578 25.470 21.961 23.174 22.206 19.127 14.248 12.965 0.003 0.006 0.007 0.008 0.010 0.012 0.011 0.010 0.012 0.012 0.008 0.198 0.009 0.014 0.017 0.017 0.024 0.028 0.029 0.028 0.033 0.035 0.033 0.029 0.030 0.029 0.025 0.019 0.302
27.596 0.883 19.335 114593.466 0.835 15.235 0.271 0.371 0.427 0.432 0.579 0.657 0.655 0.574 0.683 0.709 0.650 0.635 0.608 0.818 0.953 1.000 1.373 1.619 1.715 1.652 1.941 2.051 1.970 1.707 1.792 1.712 1.473 1.098 1.000 3.641 4.996 5.750 5.813 7.797 8.842 8.812 7.722 9.186 9.544 8.745 8.542 8.182 11.011 12.826 13.461 18.480 21.794 23.078 22.233 26.120 27.596 26.505 22.969 24.113 23.036 19.819 14.778 13.457 0.003 0.006 0.007 0.007 0.010 0.011 0.011 0.010 0.012 0.012 0.007 0.195 0.009 0.014 0.016 0.017 0.024 0.028 0.029 0.028 0.033 0.035 0.034 0.029 0.031 0.029 0.025 0.019 0.305
28.614 0.888 19.196 115962.872 0.829 15.788 0.262 0.360 0.414 0.419 0.562 0.637 0.635 0.556 0.662 0.688 0.630 0.615 0.590 0.796 0.929 0.980 1.349 1.597 1.699 1.648 1.932 2.041 1.965 1.712 1.789 1.705 1.465 1.094 1.000 3.677 5.046 5.807 5.870 7.874 8.929 8.899 7.798 9.276 9.637 8.831 8.627 8.269 11.151 13.028 13.733 18.911 22.383 23.814 23.095 27.078 28.614 27.546 23.990 25.072 23.893 20.541 15.340 14.017 0.003 0.006 0.007 0.007 0.010 0.011 0.011 0.010 0.012 0.012 0.007 0.191 0.009 0.014 0.016 0.017 0.023 0.028 0.030 0.029 0.034 0.035 0.034 0.030 0.031 0.030 0.025 0.019 0.309
29.633 0.889 19.079 117440.790 0.824 16.333 0.257 0.352 0.406 0.410 0.550 0.624 0.621 0.545 0.648 0.673 0.616 0.602 0.577 0.780 0.914 0.967 1.335 1.584 1.693 1.651 1.932 2.041 1.968 1.721 1.791 1.702 1.462 1.093 1.000 3.729 5.118 5.890 5.954 7.986 9.055 9.024 7.907 9.404 9.769 8.951 8.744 8.384 11.324 13.264 14.036 19.377 23.005 24.578 23.978 28.046 29.633 28.576 24.991 26.002 24.717 21.229 15.869 14.520 0.003 0.006 0.007 0.007 0.010 0.011 0.011 0.010 0.011 0.012 0.007 0.189 0.008 0.014 0.016 0.017 0.023 0.028 0.030 0.029 0.034 0.036 0.034 0.030 0.031 0.030 0.026 0.019 0.311
30.651 0.889 18.973 118967.815 0.820 16.878 0.252 0.346 0.398 0.403 0.540 0.613 0.610 0.535 0.636 0.661 0.605 0.591 0.567 0.767 0.900 0.956 1.323 1.575 1.689 1.657 1.933 2.042 1.972 1.731 1.794 1.701 1.460 1.092 1.000 3.788 5.198 5.981 6.046 8.109 9.194 9.162 8.027 9.546 9.915 9.083 8.874 8.510 11.511 13.515 14.353 19.858 23.641 25.355 24.868 29.019 30.651 29.602 25.985 26.924 25.531 21.908 16.390 15.010 0.003 0.006 0.007 0.007 0.010 0.011 0.011 0.009 0.011 0.012 0.007 0.186 0.008 0.014 0.016 0.017 0.023 0.028 0.030 0.029 0.034 0.036 0.035 0.030 0.032 0.030 0.026 0.019 0.313
31.669 0.889 18.877 120531.637 0.816 17.424 0.248 0.341 0.392 0.397 0.532 0.603 0.601 0.526 0.626 0.650 0.595 0.582 0.558 0.756 0.889 0.947 1.313 1.568 1.687 1.663 1.936 2.044 1.977 1.741 1.797 1.700 1.457 1.091 1.000 3.849 5.282 6.079 6.144 8.240 9.343 9.309 8.155 9.696 10.070 9.224 9.012 8.644 11.708 13.777 14.678 20.348 24.287 26.138 25.764 29.994 31.669 30.626 26.974 27.840 26.340 22.581 16.905 15.494 0.003 0.006 0.007 0.007 0.009 0.011 0.011 0.009 0.011 0.012 0.007 0.184 0.008 0.013 0.016 0.017 0.023 0.028 0.030 0.029 0.034 0.036 0.035 0.031 0.032 0.030 0.026 0.019 0.314
32.688 0.961 18.559 121766.424 0.802 18.810 0.207 0.284 0.327 0.331 0.443 0.503 0.501 0.438 0.521 0.541 0.495 0.483 0.463 0.627 0.740 0.792 1.107 1.330 1.444 1.440 1.693 1.808 1.774 1.595 1.664 1.597 1.398 1.087 1.000 3.744 5.138 5.912 5.975 8.013 9.084 9.049 7.925 9.419 9.778 8.950 8.739 8.368 11.332 13.371 14.322 20.001 24.045 26.102 26.023 30.608 32.688 32.073 28.837 30.076 28.863 25.279 19.640 18.076 0.003 0.006 0.006 0.006 0.009 0.010 0.010 0.009 0.010 0.011 0.006 0.169 0.008 0.012 0.014 0.016 0.022 0.026 0.028 0.028 0.033 0.035 0.035 0.031 0.032 0.031 0.027 0.021 0.346
33.706 1.005 18.290 123660.506 0.790 20.166 0.185 0.254 0.292 0.295 0.395 0.448 0.446 0.390 0.463 0.479 0.438 0.427 0.408 0.550 0.650 0.699 0.981 1.185 1.296 1.304 1.545 1.664 1.651 1.508 1.584 1.536 1.366 1.090 1.000 3.748 5.142 5.915 5.974 8.006 9.070 9.028 7.895 9.370 9.712 8.873 8.656 8.256 11.151 13.169 14.154 19.868 24.017 26.253 26.420 31.296 33.706 33.440 30.543 32.087 31.113 27.681 22.083 20.259 0.003 0.005 0.006 0.006 0.008 0.009 0.009 0.008 0.010 0.010 0.006 0.159 0.007 0.011 0.014 0.015 0.020 0.025 0.027 0.027 0.032 0.035 0.034 0.031 0.033 0.032 0.028 0.022 0.367
34.724 1.043 17.954 125462.805 0.776 21.613 0.165 0.226 0.260 0.263 0.352 0.398 0.396 0.346 0.410 0.425 0.388 0.378 0.360 0.485 0.574 0.619 0.874 1.062 1.169 1.187 1.416 1.537 1.540 1.427 1.509 1.477 1.333 1.088 1.000 3.718 5.101 5.866 5.923 7.933 8.983 8.935 7.806 9.253 9.581 8.740 8.520 8.106 10.936 12.937 13.959 19.702 23.947 26.354 26.759 31.914 34.644 34.724 32.171 34.023 33.302 30.046 24.525 22.542 0.002 0.005 0.006 0.006 0.008 0.009 0.009 0.008 0.009 0.009 0.006 0.149 0.007 0.011 0.013 0.014 0.019 0.023 0.026 0.026 0.031 0.034 0.034 0.031 0.033 0.032 0.029 0.024 0.388
35.743 1.077 17.550 126000.168 0.758 23.071 0.146 0.200 0.230 0.232 0.311 0.352 0.350 0.306 0.362 0.375 0.342 0.333 0.317 0.428 0.508 0.550 0.781 0.955 1.057 1.082 1.299 1.421 1.438 1.349 1.436 1.418 1.296 1.078 1.000 3.628 4.977 5.723 5.777 7.736 8.757 8.708 7.604 9.009 9.323 8.500 8.284 7.879 10.642 12.623 13.679 19.418 23.728 26.271 26.879 32.293 35.328 35.743 33.529 35.700 35.252 32.201 26.795 24.853 0.002 0.005 0.005 0.005 0.007 0.008 0.008 0.007 0.008 0.009 0.005 0.139 0.006 0.010 0.012 0.013 0.018 0.022 0.025 0.025 0.030 0.033 0.033 0.031 0.033 0.033 0.030 0.025 0.410
36.761 1.103 17.205 124840.661 0.743 24.212 0.132 0.181 0.208 0.210 0.282 0.319 0.317 0.277 0.328 0.339 0.309 0.301 0.286 0.387 0.460 0.500 0.714 0.876 0.974 1.002 1.211 1.333 1.358 1.286 1.377 1.369 1.262 1.065 1.000 3.527 4.839 5.563 5.615 7.518 8.509 8.459 7.385 8.746 9.049 8.247 8.038 7.646 10.341 12.292 13.363 19.057 23.379 25.999 26.746 32.333 35.591 36.266 34.330 36.761 36.553 33.703 28.439 26.703 0.002 0.004 0.005 0.005 0.007 0.008 0.008 0.007 0.008 0.008 0.005 0.131 0.006 0.009 0.011 0.012 0.017 0.021 0.024 0.024 0.029 0.032 0.033 0.031 0.033 0.033 0.030 0.026 0.428
37.780 1.121 16.915 124041.027 0.731 25.314 0.122 0.167 0.192 0.194 0.260 0.294 0.292 0.255 0.302 0.313 0.285 0.278 0.264 0.358 0.426 0.464 0.665 0.818 0.913 0.944 1.146 1.268 1.299 1.238 1.332 1.331 1.236 1.055 1.000 3.461 4.747 5.458 5.508 7.374 8.345 8.296 7.241 8.574 8.869 8.082 7.877 7.495 10.148 12.086 13.175 18.860 23.214 25.909 26.775 32.518 35.963 36.849 35.134 37.780 37.765 35.073 29.918 28.371 0.002 0.004 0.005 0.005 0.007 0.007 0.007 0.006 0.008 0.008 0.005 0.125 0.006 0.009 0.011 0.012 0.017 0.021 0.023 0.024 0.029 0.032 0.033 0.031 0.033 0.033 0.031 0.026 0.442
38.798 1.133 16.671 123448.425 0.720 26.291 0.114 0.157 0.180 0.182 0.244 0.276 0.274 0.239 0.283 0.293 0.267 0.260 0.247 0.335 0.400 0.437 0.628 0.775 0.868 0.900 1.097 1.218 1.254 1.202 1.297 1.302 1.216 1.046 1.000 3.407 4.673 5.373 5.421 7.258 8.213 8.163 7.124 8.435 8.723 7.948 7.747 7.372 9.994 11.923 13.031 18.712 23.096 25.859 26.829 32.698 36.298 37.359 35.829 38.651 38.798 36.242 31.184 29.799 0.002 0.004 0.005 0.005 0.006 0.007 0.007 0.006 0.007 0.008 0.005 0.120 0.005 0.009 0.010 0.011 0.016 0.020 0.022 0.023 0.028 0.031 0.032 0.031 0.033 0.033 0.031 0.027 0.454
39.816 1.143 16.466 123084.182 0.711 27.247 0.108 0.149 0.171 0.172 0.231 0.261 0.260 0.227 0.268 0.277 0.253 0.246 0.234 0.318 0.380 0.416 0.599 0.742 0.833 0.867 1.059 1.179 1.218 1.174 1.270 1.279 1.200 1.040 1.000 3.375 4.629 5.322 5.370 7.188 8.134 8.084 7.054 8.350 8.634 7.865 7.667 7.298 9.903 11.833 12.962 18.663 23.091 25.927 26.994 32.983 36.722 37.935 36.561 39.534 39.816 37.371 32.388 31.134 0.002 0.004 0.005 0.005 0.006 0.007 0.007 0.006 0.007 0.007 0.004 0.116 0.005 0.008 0.010 0.011 0.016 0.020 0.022 0.023 0.028 0.031 0.032 0.031 0.033 0.033 0.031 0.027 0.463
40.835 1.150 16.291 122937.921 0.704 28.194 0.104 0.142 0.163 0.165 0.221 0.250 0.248 0.217 0.256 0.265 0.241 0.235 0.224 0.304 0.364 0.400 0.577 0.715 0.805 0.841 1.029 1.148 1.190 1.152 1.248 1.260 1.187 1.036 1.000 3.360 4.609 5.298 5.346 7.155 8.096 8.045 7.019 8.307 8.589 7.822 7.624 7.258 9.856 11.795 12.948 18.685 23.171 26.084 27.249 33.352 37.217 38.566 37.331 40.436 40.835 38.484 33.563 32.411 0.002 0.004 0.004 0.004 0.006 0.007 0.007 0.006 0.007 0.007 0.004 0.113 0.005 0.008 0.010 0.011 0.015 0.019 0.022 0.022 0.027 0.031 0.032 0.031 0.033 0.033 0.031 0.027 0.471
41.853 1.155 16.142 122955.021 0.697 29.131 0.100 0.137 0.157 0.159 0.213 0.240 0.239 0.208 0.247 0.255 0.232 0.226 0.215 0.293 0.351 0.386 0.558 0.693 0.782 0.819 1.004 1.123 1.166 1.133 1.229 1.244 1.177 1.032 1.000 3.359 4.607 5.296 5.343 7.151 8.090 8.038 7.011 8.297 8.576 7.808 7.611 7.244 9.844 11.796 12.976 18.762 23.313 26.308 27.570 33.782 37.766 39.240 38.128 41.351 41.853 39.584 34.716 33.643 0.002 0.004 0.004 0.004 0.006 0.007 0.007 0.006 0.007 0.007 0.004 0.110 0.005 0.008 0.010 0.010 0.015 0.019 0.021 0.022 0.027 0.030 0.031 0.031 0.033 0.033 0.032 0.028 0.478
42.871 1.159 16.012 123092.737 0.692 30.060 0.097 0.133 0.152 0.154 0.206 0.233 0.231 0.202 0.238 0.246 0.224 0.219 0.208 0.283 0.339 0.374 0.542 0.674 0.763 0.802 0.983 1.101 1.146 1.118 1.213 1.230 1.167 1.029 1.000 3.367 4.619 5.309 5.355 7.167 8.107 8.054 7.024 8.309 8.587 7.817 7.618 7.250 9.857 11.827 13.035 18.880 23.502 26.583 27.942 34.259 38.355 39.945 38.947 42.276 42.871 40.676 35.854 34.845 0.002 0.004 0.004 0.004 0.006 0.006 0.006 0.006 0.007 0.007 0.004 0.108 0.005 0.008 0.009 0.010 0.015 0.019 0.021 0.022 0.027 0.030 0.031 0.031 0.033 0.034 0.032 0.028 0.483
43.890 1.163 15.902 123353.255 0.687 30.977 0.094 0.129 0.148 0.150 0.200 0.226 0.225 0.196 0.232 0.239 0.218 0.212 0.202 0.275 0.330 0.364 0.529 0.659 0.747 0.788 0.966 1.082 1.130 1.105 1.200 1.219 1.160 1.027 1.000 3.386 4.644 5.338 5.384 7.204 8.148 8.094 7.057 8.347 8.623 7.847 7.647 7.275 9.895 11.886 13.125 19.036 23.736 26.905 28.361 34.781 38.983 40.680 39.786 43.212 43.890 41.758 36.976 36.012 0.002 0.004 0.004 0.004 0.006 0.006 0.006 0.005 0.006 0.007 0.004 0.106 0.005 0.008 0.009 0.010 0.015 0.018 0.021 0.022 0.027 0.030 0.031 0.030 0.033 0.034 0.032 0.028 0.488
44.908 1.165 15.805 123695.171 0.683 31.887 0.092 0.126 0.145 0.146 0.195 0.221 0.219 0.191 0.226 0.233 0.212 0.207 0.197 0.268 0.322 0.356 0.517 0.646 0.734 0.775 0.951 1.067 1.115 1.094 1.188 1.209 1.153 1.025 1.000 3.411 4.679 5.377 5.423 7.256 8.206 8.150 7.104 8.399 8.676 7.892 7.690 7.314 9.950 11.964 13.234 19.219 24.001 27.262 28.814 35.333 39.637 41.436 40.640 44.155 44.908 42.834 38.087 37.159 0.002 0.004 0.004 0.004 0.006 0.006 0.006 0.005 0.006 0.007 0.004 0.104 0.005 0.008 0.009 0.010 0.014 0.018 0.020 0.022 0.027 0.030 0.031 0.030 0.033 0.034 0.032 0.028 0.492
45.927 1.168 15.715 124071.640 0.679 32.797 0.090 0.123 0.142 0.143 0.191 0.216 0.214 0.187 0.221 0.228 0.207 0.202 0.192 0.261 0.315 0.349 0.507 0.634 0.722 0.765 0.937 1.052 1.102 1.084 1.178 1.199 1.146 1.023 1.000 3.439 4.717 5.420 5.466 7.312 8.269 8.211 7.156 8.459 8.735 7.944 7.740 7.358 10.014 12.053 13.355 19.417 24.284 27.635 29.284 35.902 40.305 42.203 41.500 45.101 45.927 43.908 39.193 38.298 0.002 0.004 0.004 0.004 0.005 0.006 0.006 0.005 0.006 0.006 0.004 0.102 0.005 0.007 0.009 0.010 0.014 0.018 0.020 0.022 0.026 0.030 0.031 0.030 0.033 0.034 0.032 0.029 0.496
46.945 1.170 15.644 124569.266 0.676 33.688 0.088 0.121 0.139 0.140 0.188 0.212 0.211 0.183 0.217 0.224 0.203 0.198 0.188 0.256 0.309 0.343 0.499 0.624 0.712 0.756 0.927 1.041 1.091 1.076 1.169 1.191 1.141 1.022 1.000 3.477 4.769 5.480 5.526 7.391 8.357 8.297 7.229 8.542 8.819 8.017 7.810 7.421 10.100 12.167 13.503 19.649 24.606 28.052 29.796 36.510 41.008 42.997 42.379 46.056 46.945 44.973 40.284 39.403 0.002 0.003 0.004 0.004 0.005 0.006 0.006 0.005 0.006 0.006 0.004 0.101 0.004 0.007 0.009 0.010 0.014 0.018 0.020 0.021 0.026 0.029 0.031 0.030 0.033 0.034 0.032 0.029 0.499
47.963 1.171 15.590 125187.759 0.674 34.559 0.087 0.119 0.137 0.138 0.185 0.209 0.208 0.181 0.214 0.221 0.200 0.195 0.185 0.252 0.304 0.338 0.492 0.617 0.704 0.750 0.918 1.031 1.083 1.069 1.162 1.185 1.137 1.022 1.000 3.526 4.835 5.556 5.602 7.492 8.469 8.407 7.322 8.650 8.927 8.111 7.900 7.502 10.209 12.306 13.676 19.914 24.965 28.508 30.349 37.156 41.743 43.817 43.276 47.020 47.963 46.030 41.359 40.471 0.002 0.003 0.004 0.004 0.005 0.006 0.006 0.005 0.006 0.006 0.004 0.100 0.004 0.007 0.009 0.010 0.014 0.018 0.020 0.021 0.026 0.029 0.031 0.030 0.033 0.034 0.032 0.029 0.501
48.982 1.172 15.552 125929.410 0.672 35.407 0.086 0.118 0.136 0.137 0.183 0.207 0.206 0.179 0.212 0.218 0.198 0.193 0.183 0.249 0.300 0.334 0.487 0.611 0.699 0.746 0.912 1.024 1.076 1.065 1.156 1.180 1.134 1.022 1.000 3.585 4.917 5.649 5.695 7.615 8.607 8.542 7.437 8.782 9.060 8.228 8.012 7.602 10.339 12.470 13.873 20.211 25.362 29.004 30.941 37.839 42.511 44.663 44.190 47.994 48.982 47.078 42.418 41.502 0.002 0.003 0.004 0.004 0.005 0.006 0.006 0.005 0.006 0.006 0.004 0.099 0.004 0.007 0.009 0.010 0.014 0.017 0.020 0.021 0.026 0.029 0.031 0.030 0.033 0.033 0.032 0.029 0.503
50.000 1.173 15.533 126814.029 0.671 36.226 0.086 0.118 0.136 0.137 0.183 0.207 0.205 0.178 0.210 0.217 0.197 0.192 0.182 0.247 0.298 0.332 0.483 0.607 0.695 0.743 0.908 1.019 1.072 1.062 1.153 1.177 1.132 1.023 1.000 3.657 5.015 5.762 5.807 7.764 8.774 8.705 7.577 8.943 9.221 8.370 8.148 7.722 10.494 12.660 14.099 20.543 25.799 29.543 31.577 38.563 43.314 45.537 45.124 48.977 50.000 48.117 43.459 42.489 0.002 0.003 0.004 0.004 0.005 0.006 0.006 0.005 0.006 0.006 0.004 0.099 0.004 0.007 0.009 0.010 0.014 0.017 0.020 0.021 0.026 0.029 0.031 0.030 0.033 0.033 0.032 0.029 0.504
